Uniprot ID,Gene Symbol,variant,QAFI_predictions
P51970,NDUFA8,M1A,0.874
P51970,NDUFA8,M1Y,0.825
P51970,NDUFA8,M1W,0.84
P51970,NDUFA8,M1V,0.968
P51970,NDUFA8,M1T,0.924
P51970,NDUFA8,M1S,0.838
P51970,NDUFA8,M1Q,0.882
P51970,NDUFA8,M1P,0.783
P51970,NDUFA8,M1N,0.814
P51970,NDUFA8,M1R,0.864
P51970,NDUFA8,M1K,0.878
P51970,NDUFA8,M1L,0.976
P51970,NDUFA8,M1D,0.73
P51970,NDUFA8,M1E,0.808
P51970,NDUFA8,M1F,0.863
P51970,NDUFA8,M1C,0.82
P51970,NDUFA8,M1H,0.816
P51970,NDUFA8,M1I,0.965
P51970,NDUFA8,M1G,0.754
P51970,NDUFA8,P2N,1.031
P51970,NDUFA8,P2Y,0.996
P51970,NDUFA8,P2W,0.914
P51970,NDUFA8,P2V,1.042
P51970,NDUFA8,P2T,1.11
P51970,NDUFA8,P2S,1.118
P51970,NDUFA8,P2R,1.054
P51970,NDUFA8,P2Q,1.121
P51970,NDUFA8,P2M,1.043
P51970,NDUFA8,P2F,0.95
P51970,NDUFA8,P2K,1.06
P51970,NDUFA8,P2L,1.056
P51970,NDUFA8,P2C,0.954
P51970,NDUFA8,P2D,1.038
P51970,NDUFA8,P2E,1.068
P51970,NDUFA8,P2A,1.12
P51970,NDUFA8,P2G,1.011
P51970,NDUFA8,P2H,1.063
P51970,NDUFA8,P2I,1.006
P51970,NDUFA8,G3Y,0.96
P51970,NDUFA8,G3W,1.014
P51970,NDUFA8,G3V,1.003
P51970,NDUFA8,G3T,1.017
P51970,NDUFA8,G3S,1.132
P51970,NDUFA8,G3Q,1.016
P51970,NDUFA8,G3P,0.988
P51970,NDUFA8,G3N,1.116
P51970,NDUFA8,G3M,0.918
P51970,NDUFA8,G3R,1.05
P51970,NDUFA8,G3K,1.016
P51970,NDUFA8,G3C,1.0
P51970,NDUFA8,G3D,1.086
P51970,NDUFA8,G3E,1.048
P51970,NDUFA8,G3A,1.11
P51970,NDUFA8,G3L,0.898
P51970,NDUFA8,G3H,1.011
P51970,NDUFA8,G3I,0.926
P51970,NDUFA8,G3F,0.975
P51970,NDUFA8,I4N,1.003
P51970,NDUFA8,I4W,0.94
P51970,NDUFA8,I4V,1.232
P51970,NDUFA8,I4T,1.088
P51970,NDUFA8,I4S,1.011
P51970,NDUFA8,I4R,0.978
P51970,NDUFA8,I4Q,0.954
P51970,NDUFA8,I4P,0.951
P51970,NDUFA8,I4M,1.154
P51970,NDUFA8,I4Y,1.047
P51970,NDUFA8,I4K,0.976
P51970,NDUFA8,I4A,1.042
P51970,NDUFA8,I4C,1.024
P51970,NDUFA8,I4D,0.94
P51970,NDUFA8,I4L,1.17
P51970,NDUFA8,I4F,1.089
P51970,NDUFA8,I4G,0.908
P51970,NDUFA8,I4H,0.953
P51970,NDUFA8,I4E,0.959
P51970,NDUFA8,V5M,1.102
P51970,NDUFA8,V5W,0.901
P51970,NDUFA8,V5T,1.068
P51970,NDUFA8,V5S,0.964
P51970,NDUFA8,V5R,0.933
P51970,NDUFA8,V5Q,0.956
P51970,NDUFA8,V5P,0.966
P51970,NDUFA8,V5N,0.934
P51970,NDUFA8,V5Y,0.98
P51970,NDUFA8,V5L,1.086
P51970,NDUFA8,V5I,1.172
P51970,NDUFA8,V5H,0.915
P51970,NDUFA8,V5G,0.959
P51970,NDUFA8,V5F,1.016
P51970,NDUFA8,V5E,0.999
P51970,NDUFA8,V5D,0.945
P51970,NDUFA8,V5C,0.96
P51970,NDUFA8,V5A,1.054
P51970,NDUFA8,V5K,0.964
P51970,NDUFA8,E6Q,1.062
P51970,NDUFA8,E6R,0.94
P51970,NDUFA8,E6S,0.934
P51970,NDUFA8,E6P,0.9
P51970,NDUFA8,E6V,0.91
P51970,NDUFA8,E6W,0.801
P51970,NDUFA8,E6Y,0.852
P51970,NDUFA8,E6T,0.916
P51970,NDUFA8,E6N,0.952
P51970,NDUFA8,E6G,0.91
P51970,NDUFA8,E6L,0.837
P51970,NDUFA8,E6C,0.777
P51970,NDUFA8,E6D,1.074
P51970,NDUFA8,E6F,0.81
P51970,NDUFA8,E6A,0.946
P51970,NDUFA8,E6H,0.944
P51970,NDUFA8,E6I,0.858
P51970,NDUFA8,E6K,1.02
P51970,NDUFA8,E6M,0.879
P51970,NDUFA8,L7P,0.939
P51970,NDUFA8,L7Y,0.957
P51970,NDUFA8,L7W,0.925
P51970,NDUFA8,L7V,1.056
P51970,NDUFA8,L7T,0.957
P51970,NDUFA8,L7S,0.936
P51970,NDUFA8,L7R,0.937
P51970,NDUFA8,L7Q,0.96
P51970,NDUFA8,L7N,0.866
P51970,NDUFA8,L7M,1.108
P51970,NDUFA8,L7K,0.898
P51970,NDUFA8,L7C,0.913
P51970,NDUFA8,L7D,0.832
P51970,NDUFA8,L7E,0.881
P51970,NDUFA8,L7A,0.946
P51970,NDUFA8,L7G,0.809
P51970,NDUFA8,L7H,0.926
P51970,NDUFA8,L7I,1.092
P51970,NDUFA8,L7F,1.032
P51970,NDUFA8,P8M,0.834
P51970,NDUFA8,P8W,0.694
P51970,NDUFA8,P8V,0.835
P51970,NDUFA8,P8T,0.865
P51970,NDUFA8,P8S,0.865
P51970,NDUFA8,P8R,0.798
P51970,NDUFA8,P8Q,0.864
P51970,NDUFA8,P8N,0.772
P51970,NDUFA8,P8L,0.867
P51970,NDUFA8,P8Y,0.77
P51970,NDUFA8,P8I,0.805
P51970,NDUFA8,P8A,0.882
P51970,NDUFA8,P8C,0.734
P51970,NDUFA8,P8D,0.776
P51970,NDUFA8,P8K,0.793
P51970,NDUFA8,P8F,0.754
P51970,NDUFA8,P8G,0.764
P51970,NDUFA8,P8H,0.817
P51970,NDUFA8,P8E,0.806
P51970,NDUFA8,T9M,0.899
P51970,NDUFA8,T9W,0.737
P51970,NDUFA8,T9V,0.902
P51970,NDUFA8,T9S,0.946
P51970,NDUFA8,T9R,0.849
P51970,NDUFA8,T9Q,0.829
P51970,NDUFA8,T9P,0.864
P51970,NDUFA8,T9N,0.911
P51970,NDUFA8,T9L,0.829
P51970,NDUFA8,T9Y,0.773
P51970,NDUFA8,T9I,0.882
P51970,NDUFA8,T9A,0.92
P51970,NDUFA8,T9C,0.81
P51970,NDUFA8,T9D,0.8
P51970,NDUFA8,T9K,0.859
P51970,NDUFA8,T9F,0.776
P51970,NDUFA8,T9G,0.804
P51970,NDUFA8,T9H,0.81
P51970,NDUFA8,T9E,0.817
P51970,NDUFA8,L10N,0.876
P51970,NDUFA8,L10W,0.909
P51970,NDUFA8,L10V,1.043
P51970,NDUFA8,L10T,0.962
P51970,NDUFA8,L10S,0.945
P51970,NDUFA8,L10R,0.944
P51970,NDUFA8,L10Q,0.966
P51970,NDUFA8,L10P,0.946
P51970,NDUFA8,L10Y,0.946
P51970,NDUFA8,L10M,1.094
P51970,NDUFA8,L10I,1.07
P51970,NDUFA8,L10H,0.928
P51970,NDUFA8,L10G,0.816
P51970,NDUFA8,L10F,1.006
P51970,NDUFA8,L10E,0.888
P51970,NDUFA8,L10D,0.84
P51970,NDUFA8,L10C,0.906
P51970,NDUFA8,L10A,0.949
P51970,NDUFA8,L10K,0.916
P51970,NDUFA8,E11P,0.95
P51970,NDUFA8,E11Q,1.111
P51970,NDUFA8,E11S,0.984
P51970,NDUFA8,E11N,1.001
P51970,NDUFA8,E11V,0.969
P51970,NDUFA8,E11W,0.855
P51970,NDUFA8,E11Y,0.906
P51970,NDUFA8,E11T,0.967
P51970,NDUFA8,E11M,0.937
P51970,NDUFA8,E11R,0.988
P51970,NDUFA8,E11K,1.066
P51970,NDUFA8,E11C,0.834
P51970,NDUFA8,E11D,1.122
P51970,NDUFA8,E11F,0.872
P51970,NDUFA8,E11A,1.0
P51970,NDUFA8,E11L,0.901
P51970,NDUFA8,E11H,0.995
P51970,NDUFA8,E11I,0.92
P51970,NDUFA8,E11G,0.962
P51970,NDUFA8,E12P,0.82
P51970,NDUFA8,E12Y,0.774
P51970,NDUFA8,E12W,0.724
P51970,NDUFA8,E12V,0.849
P51970,NDUFA8,E12T,0.837
P51970,NDUFA8,E12S,0.853
P51970,NDUFA8,E12R,0.848
P51970,NDUFA8,E12Q,0.974
P51970,NDUFA8,E12N,0.865
P51970,NDUFA8,E12M,0.814
P51970,NDUFA8,E12L,0.783
P51970,NDUFA8,E12C,0.713
P51970,NDUFA8,E12D,0.986
P51970,NDUFA8,E12F,0.748
P51970,NDUFA8,E12A,0.872
P51970,NDUFA8,E12H,0.861
P51970,NDUFA8,E12I,0.794
P51970,NDUFA8,E12K,0.927
P51970,NDUFA8,E12G,0.837
P51970,NDUFA8,L13N,0.736
P51970,NDUFA8,L13W,0.792
P51970,NDUFA8,L13V,0.932
P51970,NDUFA8,L13T,0.83
P51970,NDUFA8,L13S,0.809
P51970,NDUFA8,L13R,0.804
P51970,NDUFA8,L13Q,0.829
P51970,NDUFA8,L13P,0.813
P51970,NDUFA8,L13M,0.982
P51970,NDUFA8,L13Y,0.824
P51970,NDUFA8,L13I,0.962
P51970,NDUFA8,L13A,0.822
P51970,NDUFA8,L13C,0.79
P51970,NDUFA8,L13D,0.698
P51970,NDUFA8,L13K,0.77
P51970,NDUFA8,L13F,0.902
P51970,NDUFA8,L13G,0.686
P51970,NDUFA8,L13H,0.796
P51970,NDUFA8,L13E,0.745
P51970,NDUFA8,K14N,1.078
P51970,NDUFA8,K14W,0.902
P51970,NDUFA8,K14V,0.968
P51970,NDUFA8,K14T,1.034
P51970,NDUFA8,K14S,1.038
P51970,NDUFA8,K14R,1.154
P51970,NDUFA8,K14Q,1.108
P51970,NDUFA8,K14P,0.982
P51970,NDUFA8,K14M,1.04
P51970,NDUFA8,K14Y,0.928
P51970,NDUFA8,K14I,0.949
P51970,NDUFA8,K14A,1.0
P51970,NDUFA8,K14C,0.881
P51970,NDUFA8,K14D,0.984
P51970,NDUFA8,K14L,0.958
P51970,NDUFA8,K14F,0.896
P51970,NDUFA8,K14G,0.952
P51970,NDUFA8,K14H,1.012
P51970,NDUFA8,K14E,1.102
P51970,NDUFA8,V15M,0.879
P51970,NDUFA8,V15W,0.677
P51970,NDUFA8,V15T,0.838
P51970,NDUFA8,V15S,0.732
P51970,NDUFA8,V15R,0.698
P51970,NDUFA8,V15Q,0.723
P51970,NDUFA8,V15P,0.732
P51970,NDUFA8,V15N,0.704
P51970,NDUFA8,V15Y,0.756
P51970,NDUFA8,V15L,0.871
P51970,NDUFA8,V15I,0.95
P51970,NDUFA8,V15H,0.685
P51970,NDUFA8,V15G,0.728
P51970,NDUFA8,V15F,0.799
P51970,NDUFA8,V15E,0.768
P51970,NDUFA8,V15D,0.716
P51970,NDUFA8,V15C,0.734
P51970,NDUFA8,V15A,0.82
P51970,NDUFA8,V15K,0.728
P51970,NDUFA8,D16P,0.943
P51970,NDUFA8,D16Q,1.008
P51970,NDUFA8,D16R,0.913
P51970,NDUFA8,D16N,1.096
P51970,NDUFA8,D16T,0.977
P51970,NDUFA8,D16V,0.925
P51970,NDUFA8,D16W,0.821
P51970,NDUFA8,D16S,1.022
P51970,NDUFA8,D16M,0.911
P51970,NDUFA8,D16Y,0.951
P51970,NDUFA8,D16K,0.972
P51970,NDUFA8,D16A,0.972
P51970,NDUFA8,D16C,0.887
P51970,NDUFA8,D16E,1.134
P51970,NDUFA8,D16L,0.864
P51970,NDUFA8,D16G,1.018
P51970,NDUFA8,D16H,0.992
P51970,NDUFA8,D16I,0.908
P51970,NDUFA8,D16F,0.918
P51970,NDUFA8,E17W,0.772
P51970,NDUFA8,E17V,0.885
P51970,NDUFA8,E17T,0.866
P51970,NDUFA8,E17S,0.88
P51970,NDUFA8,E17R,0.881
P51970,NDUFA8,E17Q,1.008
P51970,NDUFA8,E17P,0.845
P51970,NDUFA8,E17N,0.896
P51970,NDUFA8,E17M,0.852
P51970,NDUFA8,E17Y,0.818
P51970,NDUFA8,E17K,0.954
P51970,NDUFA8,E17A,0.901
P51970,NDUFA8,E17C,0.745
P51970,NDUFA8,E17D,1.019
P51970,NDUFA8,E17L,0.828
P51970,NDUFA8,E17G,0.86
P51970,NDUFA8,E17H,0.895
P51970,NDUFA8,E17I,0.84
P51970,NDUFA8,E17F,0.798
P51970,NDUFA8,V18M,0.919
P51970,NDUFA8,V18W,0.707
P51970,NDUFA8,V18T,0.834
P51970,NDUFA8,V18S,0.72
P51970,NDUFA8,V18R,0.684
P51970,NDUFA8,V18Q,0.712
P51970,NDUFA8,V18P,0.728
P51970,NDUFA8,V18N,0.684
P51970,NDUFA8,V18Y,0.774
P51970,NDUFA8,V18L,0.93
P51970,NDUFA8,V18I,1.002
P51970,NDUFA8,V18K,0.702
P51970,NDUFA8,V18A,0.833
P51970,NDUFA8,V18C,0.764
P51970,NDUFA8,V18D,0.69
P51970,NDUFA8,V18F,0.854
P51970,NDUFA8,V18G,0.724
P51970,NDUFA8,V18H,0.684
P51970,NDUFA8,V18E,0.744
P51970,NDUFA8,K19Y,0.904
P51970,NDUFA8,K19W,0.885
P51970,NDUFA8,K19V,0.941
P51970,NDUFA8,K19T,1.001
P51970,NDUFA8,K19S,1.004
P51970,NDUFA8,K19R,1.126
P51970,NDUFA8,K19Q,1.074
P51970,NDUFA8,K19P,0.946
P51970,NDUFA8,K19N,1.045
P51970,NDUFA8,K19M,1.014
P51970,NDUFA8,K19I,0.926
P51970,NDUFA8,K19A,0.966
P51970,NDUFA8,K19C,0.851
P51970,NDUFA8,K19D,0.948
P51970,NDUFA8,K19L,0.936
P51970,NDUFA8,K19F,0.874
P51970,NDUFA8,K19G,0.915
P51970,NDUFA8,K19H,0.982
P51970,NDUFA8,K19E,1.064
P51970,NDUFA8,I20N,0.762
P51970,NDUFA8,I20W,0.749
P51970,NDUFA8,I20V,1.058
P51970,NDUFA8,I20T,0.864
P51970,NDUFA8,I20S,0.779
P51970,NDUFA8,I20R,0.739
P51970,NDUFA8,I20Q,0.719
P51970,NDUFA8,I20P,0.726
P51970,NDUFA8,I20M,0.975
P51970,NDUFA8,I20Y,0.846
P51970,NDUFA8,I20K,0.728
P51970,NDUFA8,I20A,0.832
P51970,NDUFA8,I20C,0.836
P51970,NDUFA8,I20D,0.692
P51970,NDUFA8,I20L,1.015
P51970,NDUFA8,I20F,0.927
P51970,NDUFA8,I20G,0.684
P51970,NDUFA8,I20H,0.73
P51970,NDUFA8,I20E,0.714
P51970,NDUFA8,S21M,0.821
P51970,NDUFA8,S21W,0.694
P51970,NDUFA8,S21V,0.794
P51970,NDUFA8,S21T,0.903
P51970,NDUFA8,S21R,0.794
P51970,NDUFA8,S21Q,0.806
P51970,NDUFA8,S21P,0.826
P51970,NDUFA8,S21N,0.914
P51970,NDUFA8,S21Y,0.776
P51970,NDUFA8,S21L,0.822
P51970,NDUFA8,S21I,0.802
P51970,NDUFA8,S21H,0.784
P51970,NDUFA8,S21G,0.863
P51970,NDUFA8,S21F,0.829
P51970,NDUFA8,S21E,0.784
P51970,NDUFA8,S21D,0.802
P51970,NDUFA8,S21C,0.839
P51970,NDUFA8,S21A,0.905
P51970,NDUFA8,S21K,0.81
P51970,NDUFA8,S22P,0.84
P51970,NDUFA8,S22Q,0.824
P51970,NDUFA8,S22R,0.807
P51970,NDUFA8,S22N,0.933
P51970,NDUFA8,S22V,0.776
P51970,NDUFA8,S22W,0.694
P51970,NDUFA8,S22Y,0.776
P51970,NDUFA8,S22T,0.915
P51970,NDUFA8,S22M,0.804
P51970,NDUFA8,S22F,0.803
P51970,NDUFA8,S22K,0.834
P51970,NDUFA8,S22C,0.83
P51970,NDUFA8,S22D,0.827
P51970,NDUFA8,S22E,0.81
P51970,NDUFA8,S22A,0.909
P51970,NDUFA8,S22G,0.876
P51970,NDUFA8,S22H,0.788
P51970,NDUFA8,S22I,0.775
P51970,NDUFA8,S22L,0.788
P51970,NDUFA8,A23P,0.652
P51970,NDUFA8,A23Y,0.665
P51970,NDUFA8,A23W,0.554
P51970,NDUFA8,A23V,0.848
P51970,NDUFA8,A23T,0.79
P51970,NDUFA8,A23S,0.806
P51970,NDUFA8,A23R,0.62
P51970,NDUFA8,A23Q,0.63
P51970,NDUFA8,A23N,0.617
P51970,NDUFA8,A23M,0.786
P51970,NDUFA8,A23L,0.793
P51970,NDUFA8,A23D,0.588
P51970,NDUFA8,A23E,0.627
P51970,NDUFA8,A23F,0.728
P51970,NDUFA8,A23C,0.829
P51970,NDUFA8,A23H,0.625
P51970,NDUFA8,A23I,0.792
P51970,NDUFA8,A23K,0.598
P51970,NDUFA8,A23G,0.792
P51970,NDUFA8,V24M,0.731
P51970,NDUFA8,V24W,0.418
P51970,NDUFA8,V24T,0.6
P51970,NDUFA8,V24S,0.474
P51970,NDUFA8,V24R,0.364
P51970,NDUFA8,V24Q,0.458
P51970,NDUFA8,V24P,0.432
P51970,NDUFA8,V24N,0.399
P51970,NDUFA8,V24L,0.73
P51970,NDUFA8,V24Y,0.52
P51970,NDUFA8,V24I,0.808
P51970,NDUFA8,V24A,0.652
P51970,NDUFA8,V24C,0.623
P51970,NDUFA8,V24D,0.376
P51970,NDUFA8,V24K,0.414
P51970,NDUFA8,V24F,0.616
P51970,NDUFA8,V24G,0.461
P51970,NDUFA8,V24H,0.4
P51970,NDUFA8,V24E,0.44
P51970,NDUFA8,L25N,0.553
P51970,NDUFA8,L25W,0.613
P51970,NDUFA8,L25V,0.776
P51970,NDUFA8,L25T,0.659
P51970,NDUFA8,L25S,0.635
P51970,NDUFA8,L25R,0.62
P51970,NDUFA8,L25Q,0.649
P51970,NDUFA8,L25P,0.63
P51970,NDUFA8,L25M,0.824
P51970,NDUFA8,L25Y,0.653
P51970,NDUFA8,L25I,0.805
P51970,NDUFA8,L25A,0.657
P51970,NDUFA8,L25C,0.63
P51970,NDUFA8,L25D,0.502
P51970,NDUFA8,L25K,0.591
P51970,NDUFA8,L25F,0.746
P51970,NDUFA8,L25G,0.514
P51970,NDUFA8,L25H,0.605
P51970,NDUFA8,L25E,0.558
P51970,NDUFA8,K26N,0.783
P51970,NDUFA8,K26W,0.783
P51970,NDUFA8,K26V,0.78
P51970,NDUFA8,K26T,0.772
P51970,NDUFA8,K26S,0.71
P51970,NDUFA8,K26R,0.913
P51970,NDUFA8,K26Q,0.853
P51970,NDUFA8,K26P,0.574
P51970,NDUFA8,K26Y,0.728
P51970,NDUFA8,K26M,0.826
P51970,NDUFA8,K26I,0.754
P51970,NDUFA8,K26H,0.752
P51970,NDUFA8,K26G,0.61
P51970,NDUFA8,K26F,0.697
P51970,NDUFA8,K26E,0.776
P51970,NDUFA8,K26D,0.636
P51970,NDUFA8,K26C,0.774
P51970,NDUFA8,K26A,0.739
P51970,NDUFA8,K26L,0.794
P51970,NDUFA8,A27Q,0.512
P51970,NDUFA8,A27R,0.488
P51970,NDUFA8,A27S,0.685
P51970,NDUFA8,A27P,0.522
P51970,NDUFA8,A27V,0.73
P51970,NDUFA8,A27W,0.396
P51970,NDUFA8,A27Y,0.518
P51970,NDUFA8,A27T,0.666
P51970,NDUFA8,A27N,0.474
P51970,NDUFA8,A27M,0.665
P51970,NDUFA8,A27L,0.671
P51970,NDUFA8,A27D,0.444
P51970,NDUFA8,A27E,0.498
P51970,NDUFA8,A27F,0.583
P51970,NDUFA8,A27C,0.706
P51970,NDUFA8,A27H,0.488
P51970,NDUFA8,A27I,0.664
P51970,NDUFA8,A27K,0.476
P51970,NDUFA8,A27G,0.67
P51970,NDUFA8,A28P,0.554
P51970,NDUFA8,A28Y,0.557
P51970,NDUFA8,A28W,0.428
P51970,NDUFA8,A28V,0.744
P51970,NDUFA8,A28T,0.689
P51970,NDUFA8,A28S,0.709
P51970,NDUFA8,A28R,0.514
P51970,NDUFA8,A28Q,0.535
P51970,NDUFA8,A28N,0.514
P51970,NDUFA8,A28M,0.682
P51970,NDUFA8,A28L,0.679
P51970,NDUFA8,A28D,0.486
P51970,NDUFA8,A28E,0.529
P51970,NDUFA8,A28F,0.612
P51970,NDUFA8,A28C,0.724
P51970,NDUFA8,A28H,0.523
P51970,NDUFA8,A28I,0.679
P51970,NDUFA8,A28K,0.5
P51970,NDUFA8,A28G,0.69
P51970,NDUFA8,A29N,0.643
P51970,NDUFA8,A29W,0.546
P51970,NDUFA8,A29V,0.754
P51970,NDUFA8,A29T,0.762
P51970,NDUFA8,A29S,0.776
P51970,NDUFA8,A29R,0.626
P51970,NDUFA8,A29Q,0.659
P51970,NDUFA8,A29P,0.708
P51970,NDUFA8,A29M,0.687
P51970,NDUFA8,A29Y,0.61
P51970,NDUFA8,A29K,0.651
P51970,NDUFA8,A29C,0.697
P51970,NDUFA8,A29D,0.648
P51970,NDUFA8,A29E,0.69
P51970,NDUFA8,A29L,0.658
P51970,NDUFA8,A29G,0.73
P51970,NDUFA8,A29H,0.598
P51970,NDUFA8,A29I,0.666
P51970,NDUFA8,A29F,0.607
P51970,NDUFA8,H30N,0.862
P51970,NDUFA8,H30W,0.752
P51970,NDUFA8,H30V,0.704
P51970,NDUFA8,H30T,0.73
P51970,NDUFA8,H30S,0.758
P51970,NDUFA8,H30R,0.844
P51970,NDUFA8,H30Q,0.844
P51970,NDUFA8,H30P,0.747
P51970,NDUFA8,H30M,0.77
P51970,NDUFA8,H30Y,0.908
P51970,NDUFA8,H30K,0.754
P51970,NDUFA8,H30A,0.718
P51970,NDUFA8,H30C,0.761
P51970,NDUFA8,H30D,0.78
P51970,NDUFA8,H30L,0.764
P51970,NDUFA8,H30F,0.809
P51970,NDUFA8,H30G,0.722
P51970,NDUFA8,H30I,0.716
P51970,NDUFA8,H30E,0.774
P51970,NDUFA8,H31N,0.677
P51970,NDUFA8,H31W,0.56
P51970,NDUFA8,H31V,0.552
P51970,NDUFA8,H31T,0.532
P51970,NDUFA8,H31S,0.558
P51970,NDUFA8,H31R,0.617
P51970,NDUFA8,H31Q,0.622
P51970,NDUFA8,H31P,0.522
P51970,NDUFA8,H31Y,0.794
P51970,NDUFA8,H31M,0.589
P51970,NDUFA8,H31K,0.514
P51970,NDUFA8,H31I,0.572
P51970,NDUFA8,H31G,0.493
P51970,NDUFA8,H31F,0.704
P51970,NDUFA8,H31E,0.58
P51970,NDUFA8,H31D,0.552
P51970,NDUFA8,H31C,0.543
P51970,NDUFA8,H31A,0.524
P51970,NDUFA8,H31L,0.61
P51970,NDUFA8,Y32N,0.606
P51970,NDUFA8,Y32P,0.458
P51970,NDUFA8,Y32Q,0.637
P51970,NDUFA8,Y32M,0.689
P51970,NDUFA8,Y32S,0.587
P51970,NDUFA8,Y32T,0.581
P51970,NDUFA8,Y32V,0.694
P51970,NDUFA8,Y32R,0.598
P51970,NDUFA8,Y32L,0.736
P51970,NDUFA8,Y32W,0.798
P51970,NDUFA8,Y32I,0.692
P51970,NDUFA8,Y32A,0.592
P51970,NDUFA8,Y32C,0.72
P51970,NDUFA8,Y32D,0.49
P51970,NDUFA8,Y32K,0.536
P51970,NDUFA8,Y32F,0.912
P51970,NDUFA8,Y32G,0.562
P51970,NDUFA8,Y32H,0.795
P51970,NDUFA8,Y32E,0.518
P51970,NDUFA8,G33P,0.648
P51970,NDUFA8,G33Y,0.617
P51970,NDUFA8,G33W,0.686
P51970,NDUFA8,G33V,0.689
P51970,NDUFA8,G33T,0.68
P51970,NDUFA8,G33S,0.789
P51970,NDUFA8,G33R,0.69
P51970,NDUFA8,G33Q,0.664
P51970,NDUFA8,G33N,0.764
P51970,NDUFA8,G33M,0.611
P51970,NDUFA8,G33L,0.597
P51970,NDUFA8,G33C,0.674
P51970,NDUFA8,G33D,0.727
P51970,NDUFA8,G33E,0.683
P51970,NDUFA8,G33A,0.782
P51970,NDUFA8,G33H,0.672
P51970,NDUFA8,G33I,0.605
P51970,NDUFA8,G33K,0.655
P51970,NDUFA8,G33F,0.669
P51970,NDUFA8,A34N,0.784
P51970,NDUFA8,A34W,0.732
P51970,NDUFA8,A34V,0.922
P51970,NDUFA8,A34T,0.91
P51970,NDUFA8,A34S,0.918
P51970,NDUFA8,A34R,0.776
P51970,NDUFA8,A34Q,0.804
P51970,NDUFA8,A34P,0.854
P51970,NDUFA8,A34M,0.858
P51970,NDUFA8,A34Y,0.775
P51970,NDUFA8,A34K,0.789
P51970,NDUFA8,A34C,0.862
P51970,NDUFA8,A34D,0.784
P51970,NDUFA8,A34E,0.826
P51970,NDUFA8,A34L,0.838
P51970,NDUFA8,A34G,0.874
P51970,NDUFA8,A34H,0.754
P51970,NDUFA8,A34I,0.842
P51970,NDUFA8,A34F,0.79
P51970,NDUFA8,Q35M,0.872
P51970,NDUFA8,Q35W,0.697
P51970,NDUFA8,Q35V,0.788
P51970,NDUFA8,Q35T,0.826
P51970,NDUFA8,Q35S,0.838
P51970,NDUFA8,Q35R,0.913
P51970,NDUFA8,Q35P,0.842
P51970,NDUFA8,Q35N,0.852
P51970,NDUFA8,Q35L,0.813
P51970,NDUFA8,Q35Y,0.788
P51970,NDUFA8,Q35I,0.744
P51970,NDUFA8,Q35A,0.822
P51970,NDUFA8,Q35C,0.738
P51970,NDUFA8,Q35D,0.826
P51970,NDUFA8,Q35K,0.906
P51970,NDUFA8,Q35F,0.726
P51970,NDUFA8,Q35G,0.769
P51970,NDUFA8,Q35H,0.887
P51970,NDUFA8,Q35E,0.938
P51970,NDUFA8,C36N,0.465
P51970,NDUFA8,C36W,0.546
P51970,NDUFA8,C36V,0.671
P51970,NDUFA8,C36T,0.588
P51970,NDUFA8,C36S,0.603
P51970,NDUFA8,C36R,0.432
P51970,NDUFA8,C36Q,0.446
P51970,NDUFA8,C36P,0.344
P51970,NDUFA8,C36Y,0.536
P51970,NDUFA8,C36M,0.684
P51970,NDUFA8,C36K,0.369
P51970,NDUFA8,C36I,0.654
P51970,NDUFA8,C36H,0.468
P51970,NDUFA8,C36G,0.49
P51970,NDUFA8,C36F,0.612
P51970,NDUFA8,C36E,0.298
P51970,NDUFA8,C36D,0.451
P51970,NDUFA8,C36A,0.679
P51970,NDUFA8,C36L,0.68
P51970,NDUFA8,D37P,0.724
P51970,NDUFA8,D37Q,0.784
P51970,NDUFA8,D37R,0.68
P51970,NDUFA8,D37N,0.876
P51970,NDUFA8,D37T,0.762
P51970,NDUFA8,D37V,0.72
P51970,NDUFA8,D37W,0.594
P51970,NDUFA8,D37S,0.805
P51970,NDUFA8,D37M,0.702
P51970,NDUFA8,D37Y,0.724
P51970,NDUFA8,D37K,0.74
P51970,NDUFA8,D37A,0.759
P51970,NDUFA8,D37C,0.679
P51970,NDUFA8,D37E,0.913
P51970,NDUFA8,D37L,0.665
P51970,NDUFA8,D37G,0.809
P51970,NDUFA8,D37H,0.768
P51970,NDUFA8,D37I,0.7
P51970,NDUFA8,D37F,0.713
P51970,NDUFA8,K38W,0.724
P51970,NDUFA8,K38V,0.796
P51970,NDUFA8,K38T,0.855
P51970,NDUFA8,K38S,0.858
P51970,NDUFA8,K38R,0.974
P51970,NDUFA8,K38Q,0.924
P51970,NDUFA8,K38P,0.8
P51970,NDUFA8,K38N,0.896
P51970,NDUFA8,K38M,0.867
P51970,NDUFA8,K38Y,0.75
P51970,NDUFA8,K38I,0.776
P51970,NDUFA8,K38A,0.822
P51970,NDUFA8,K38C,0.706
P51970,NDUFA8,K38D,0.8
P51970,NDUFA8,K38L,0.788
P51970,NDUFA8,K38F,0.723
P51970,NDUFA8,K38G,0.772
P51970,NDUFA8,K38H,0.832
P51970,NDUFA8,K38E,0.914
P51970,NDUFA8,P39M,0.764
P51970,NDUFA8,P39W,0.523
P51970,NDUFA8,P39V,0.744
P51970,NDUFA8,P39T,0.748
P51970,NDUFA8,P39S,0.738
P51970,NDUFA8,P39R,0.62
P51970,NDUFA8,P39Q,0.708
P51970,NDUFA8,P39N,0.59
P51970,NDUFA8,P39Y,0.673
P51970,NDUFA8,P39L,0.76
P51970,NDUFA8,P39I,0.684
P51970,NDUFA8,P39K,0.606
P51970,NDUFA8,P39A,0.798
P51970,NDUFA8,P39C,0.77
P51970,NDUFA8,P39D,0.588
P51970,NDUFA8,P39F,0.72
P51970,NDUFA8,P39G,0.617
P51970,NDUFA8,P39H,0.699
P51970,NDUFA8,P39E,0.618
P51970,NDUFA8,N40Y,0.636
P51970,NDUFA8,N40W,0.513
P51970,NDUFA8,N40V,0.623
P51970,NDUFA8,N40T,0.687
P51970,NDUFA8,N40S,0.739
P51970,NDUFA8,N40R,0.633
P51970,NDUFA8,N40Q,0.626
P51970,NDUFA8,N40P,0.523
P51970,NDUFA8,N40M,0.674
P51970,NDUFA8,N40L,0.618
P51970,NDUFA8,N40I,0.648
P51970,NDUFA8,N40A,0.603
P51970,NDUFA8,N40C,0.657
P51970,NDUFA8,N40D,0.686
P51970,NDUFA8,N40K,0.655
P51970,NDUFA8,N40F,0.573
P51970,NDUFA8,N40G,0.629
P51970,NDUFA8,N40H,0.748
P51970,NDUFA8,N40E,0.597
P51970,NDUFA8,K41N,0.71
P51970,NDUFA8,K41W,0.683
P51970,NDUFA8,K41V,0.686
P51970,NDUFA8,K41T,0.694
P51970,NDUFA8,K41S,0.638
P51970,NDUFA8,K41R,0.841
P51970,NDUFA8,K41Q,0.778
P51970,NDUFA8,K41P,0.488
P51970,NDUFA8,K41M,0.729
P51970,NDUFA8,K41Y,0.64
P51970,NDUFA8,K41I,0.655
P51970,NDUFA8,K41A,0.658
P51970,NDUFA8,K41C,0.685
P51970,NDUFA8,K41D,0.563
P51970,NDUFA8,K41L,0.693
P51970,NDUFA8,K41F,0.596
P51970,NDUFA8,K41G,0.535
P51970,NDUFA8,K41H,0.675
P51970,NDUFA8,K41E,0.702
P51970,NDUFA8,E42N,0.619
P51970,NDUFA8,E42W,0.528
P51970,NDUFA8,E42V,0.641
P51970,NDUFA8,E42T,0.597
P51970,NDUFA8,E42S,0.612
P51970,NDUFA8,E42R,0.652
P51970,NDUFA8,E42Q,0.79
P51970,NDUFA8,E42P,0.466
P51970,NDUFA8,E42Y,0.632
P51970,NDUFA8,E42M,0.673
P51970,NDUFA8,E42K,0.686
P51970,NDUFA8,E42I,0.573
P51970,NDUFA8,E42H,0.648
P51970,NDUFA8,E42G,0.595
P51970,NDUFA8,E42F,0.546
P51970,NDUFA8,E42D,0.764
P51970,NDUFA8,E42C,0.552
P51970,NDUFA8,E42A,0.672
P51970,NDUFA8,E42L,0.573
P51970,NDUFA8,F43P,0.257
P51970,NDUFA8,F43Q,0.318
P51970,NDUFA8,F43S,0.448
P51970,NDUFA8,F43N,0.354
P51970,NDUFA8,F43V,0.568
P51970,NDUFA8,F43W,0.601
P51970,NDUFA8,F43Y,0.692
P51970,NDUFA8,F43T,0.422
P51970,NDUFA8,F43M,0.586
P51970,NDUFA8,F43R,0.318
P51970,NDUFA8,F43K,0.298
P51970,NDUFA8,F43C,0.544
P51970,NDUFA8,F43D,0.3
P51970,NDUFA8,F43E,0.25
P51970,NDUFA8,F43A,0.428
P51970,NDUFA8,F43L,0.643
P51970,NDUFA8,F43H,0.501
P51970,NDUFA8,F43I,0.608
P51970,NDUFA8,F43G,0.344
P51970,NDUFA8,M44P,0.608
P51970,NDUFA8,M44Y,0.57
P51970,NDUFA8,M44W,0.606
P51970,NDUFA8,M44V,0.753
P51970,NDUFA8,M44T,0.701
P51970,NDUFA8,M44S,0.656
P51970,NDUFA8,M44R,0.657
P51970,NDUFA8,M44Q,0.681
P51970,NDUFA8,M44N,0.599
P51970,NDUFA8,M44L,0.764
P51970,NDUFA8,M44K,0.665
P51970,NDUFA8,M44C,0.613
P51970,NDUFA8,M44D,0.52
P51970,NDUFA8,M44E,0.596
P51970,NDUFA8,M44A,0.66
P51970,NDUFA8,M44G,0.512
P51970,NDUFA8,M44H,0.564
P51970,NDUFA8,M44I,0.724
P51970,NDUFA8,M44F,0.635
P51970,NDUFA8,L45N,0.383
P51970,NDUFA8,L45W,0.476
P51970,NDUFA8,L45V,0.661
P51970,NDUFA8,L45T,0.506
P51970,NDUFA8,L45S,0.44
P51970,NDUFA8,L45R,0.424
P51970,NDUFA8,L45Q,0.43
P51970,NDUFA8,L45P,0.36
P51970,NDUFA8,L45M,0.704
P51970,NDUFA8,L45Y,0.497
P51970,NDUFA8,L45I,0.692
P51970,NDUFA8,L45A,0.512
P51970,NDUFA8,L45C,0.549
P51970,NDUFA8,L45D,0.264
P51970,NDUFA8,L45K,0.425
P51970,NDUFA8,L45F,0.619
P51970,NDUFA8,L45G,0.332
P51970,NDUFA8,L45H,0.369
P51970,NDUFA8,L45E,0.324
P51970,NDUFA8,C46N,0.301
P51970,NDUFA8,C46W,0.37
P51970,NDUFA8,C46V,0.464
P51970,NDUFA8,C46T,0.41
P51970,NDUFA8,C46S,0.432
P51970,NDUFA8,C46R,0.311
P51970,NDUFA8,C46Q,0.29
P51970,NDUFA8,C46P,0.215
P51970,NDUFA8,C46M,0.466
P51970,NDUFA8,C46Y,0.383
P51970,NDUFA8,C46K,0.226
P51970,NDUFA8,C46A,0.494
P51970,NDUFA8,C46D,0.258
P51970,NDUFA8,C46E,0.17
P51970,NDUFA8,C46L,0.446
P51970,NDUFA8,C46G,0.313
P51970,NDUFA8,C46H,0.326
P51970,NDUFA8,C46I,0.417
P51970,NDUFA8,C46F,0.416
P51970,NDUFA8,R47M,0.768
P51970,NDUFA8,R47W,0.719
P51970,NDUFA8,R47V,0.684
P51970,NDUFA8,R47T,0.754
P51970,NDUFA8,R47S,0.75
P51970,NDUFA8,R47Q,0.846
P51970,NDUFA8,R47P,0.704
P51970,NDUFA8,R47N,0.778
P51970,NDUFA8,R47Y,0.707
P51970,NDUFA8,R47L,0.741
P51970,NDUFA8,R47I,0.69
P51970,NDUFA8,R47H,0.822
P51970,NDUFA8,R47G,0.73
P51970,NDUFA8,R47F,0.639
P51970,NDUFA8,R47E,0.744
P51970,NDUFA8,R47D,0.647
P51970,NDUFA8,R47C,0.738
P51970,NDUFA8,R47A,0.712
P51970,NDUFA8,R47K,0.878
P51970,NDUFA8,W48P,0.706
P51970,NDUFA8,W48Q,0.846
P51970,NDUFA8,W48R,0.8
P51970,NDUFA8,W48N,0.674
P51970,NDUFA8,W48T,0.778
P51970,NDUFA8,W48V,0.712
P51970,NDUFA8,W48Y,0.93
P51970,NDUFA8,W48S,0.754
P51970,NDUFA8,W48M,0.849
P51970,NDUFA8,W48L,0.79
P51970,NDUFA8,W48K,0.768
P51970,NDUFA8,W48C,0.773
P51970,NDUFA8,W48D,0.617
P51970,NDUFA8,W48E,0.766
P51970,NDUFA8,W48A,0.707
P51970,NDUFA8,W48G,0.78
P51970,NDUFA8,W48H,0.737
P51970,NDUFA8,W48I,0.688
P51970,NDUFA8,W48F,0.898
P51970,NDUFA8,E49P,0.444
P51970,NDUFA8,E49Y,0.61
P51970,NDUFA8,E49W,0.508
P51970,NDUFA8,E49V,0.624
P51970,NDUFA8,E49T,0.574
P51970,NDUFA8,E49S,0.586
P51970,NDUFA8,E49R,0.63
P51970,NDUFA8,E49Q,0.765
P51970,NDUFA8,E49N,0.592
P51970,NDUFA8,E49M,0.657
P51970,NDUFA8,E49L,0.558
P51970,NDUFA8,E49C,0.532
P51970,NDUFA8,E49D,0.738
P51970,NDUFA8,E49F,0.525
P51970,NDUFA8,E49A,0.65
P51970,NDUFA8,E49H,0.624
P51970,NDUFA8,E49I,0.556
P51970,NDUFA8,E49K,0.66
P51970,NDUFA8,E49G,0.572
P51970,NDUFA8,E50N,0.798
P51970,NDUFA8,E50W,0.696
P51970,NDUFA8,E50V,0.818
P51970,NDUFA8,E50T,0.778
P51970,NDUFA8,E50S,0.789
P51970,NDUFA8,E50R,0.778
P51970,NDUFA8,E50Q,0.912
P51970,NDUFA8,E50P,0.759
P51970,NDUFA8,E50M,0.782
P51970,NDUFA8,E50Y,0.734
P51970,NDUFA8,E50K,0.843
P51970,NDUFA8,E50A,0.816
P51970,NDUFA8,E50C,0.683
P51970,NDUFA8,E50D,0.924
P51970,NDUFA8,E50L,0.767
P51970,NDUFA8,E50G,0.777
P51970,NDUFA8,E50H,0.808
P51970,NDUFA8,E50I,0.77
P51970,NDUFA8,E50F,0.731
P51970,NDUFA8,K51N,0.896
P51970,NDUFA8,K51W,0.735
P51970,NDUFA8,K51V,0.812
P51970,NDUFA8,K51T,0.859
P51970,NDUFA8,K51S,0.86
P51970,NDUFA8,K51R,0.97
P51970,NDUFA8,K51Q,0.926
P51970,NDUFA8,K51P,0.808
P51970,NDUFA8,K51M,0.883
P51970,NDUFA8,K51Y,0.758
P51970,NDUFA8,K51I,0.792
P51970,NDUFA8,K51A,0.83
P51970,NDUFA8,K51C,0.72
P51970,NDUFA8,K51D,0.801
P51970,NDUFA8,K51L,0.81
P51970,NDUFA8,K51F,0.742
P51970,NDUFA8,K51G,0.78
P51970,NDUFA8,K51H,0.834
P51970,NDUFA8,K51E,0.916
P51970,NDUFA8,D52N,0.845
P51970,NDUFA8,D52W,0.566
P51970,NDUFA8,D52V,0.68
P51970,NDUFA8,D52T,0.73
P51970,NDUFA8,D52S,0.774
P51970,NDUFA8,D52R,0.652
P51970,NDUFA8,D52Q,0.754
P51970,NDUFA8,D52P,0.695
P51970,NDUFA8,D52Y,0.698
P51970,NDUFA8,D52M,0.662
P51970,NDUFA8,D52K,0.71
P51970,NDUFA8,D52I,0.657
P51970,NDUFA8,D52H,0.738
P51970,NDUFA8,D52G,0.776
P51970,NDUFA8,D52F,0.67
P51970,NDUFA8,D52E,0.89
P51970,NDUFA8,D52C,0.639
P51970,NDUFA8,D52A,0.724
P51970,NDUFA8,D52L,0.621
P51970,NDUFA8,P53N,0.675
P51970,NDUFA8,P53Q,0.764
P51970,NDUFA8,P53R,0.692
P51970,NDUFA8,P53M,0.696
P51970,NDUFA8,P53T,0.758
P51970,NDUFA8,P53V,0.698
P51970,NDUFA8,P53W,0.56
P51970,NDUFA8,P53S,0.766
P51970,NDUFA8,P53L,0.71
P51970,NDUFA8,P53Y,0.642
P51970,NDUFA8,P53I,0.659
P51970,NDUFA8,P53A,0.77
P51970,NDUFA8,P53C,0.607
P51970,NDUFA8,P53D,0.686
P51970,NDUFA8,P53K,0.698
P51970,NDUFA8,P53F,0.596
P51970,NDUFA8,P53G,0.664
P51970,NDUFA8,P53H,0.706
P51970,NDUFA8,P53E,0.714
P51970,NDUFA8,R54N,0.764
P51970,NDUFA8,R54Y,0.697
P51970,NDUFA8,R54W,0.709
P51970,NDUFA8,R54V,0.677
P51970,NDUFA8,R54T,0.741
P51970,NDUFA8,R54S,0.734
P51970,NDUFA8,R54Q,0.828
P51970,NDUFA8,R54P,0.688
P51970,NDUFA8,R54M,0.757
P51970,NDUFA8,R54L,0.736
P51970,NDUFA8,R54K,0.863
P51970,NDUFA8,R54C,0.728
P51970,NDUFA8,R54D,0.628
P51970,NDUFA8,R54E,0.726
P51970,NDUFA8,R54A,0.698
P51970,NDUFA8,R54G,0.716
P51970,NDUFA8,R54H,0.808
P51970,NDUFA8,R54I,0.685
P51970,NDUFA8,R54F,0.634
P51970,NDUFA8,R55M,0.86
P51970,NDUFA8,R55W,0.815
P51970,NDUFA8,R55V,0.778
P51970,NDUFA8,R55T,0.858
P51970,NDUFA8,R55S,0.854
P51970,NDUFA8,R55Q,0.948
P51970,NDUFA8,R55P,0.803
P51970,NDUFA8,R55N,0.886
P51970,NDUFA8,R55L,0.834
P51970,NDUFA8,R55Y,0.807
P51970,NDUFA8,R55I,0.786
P51970,NDUFA8,R55A,0.81
P51970,NDUFA8,R55C,0.833
P51970,NDUFA8,R55D,0.75
P51970,NDUFA8,R55K,0.992
P51970,NDUFA8,R55F,0.732
P51970,NDUFA8,R55G,0.831
P51970,NDUFA8,R55H,0.926
P51970,NDUFA8,R55E,0.847
P51970,NDUFA8,C56N,0.387
P51970,NDUFA8,C56W,0.43
P51970,NDUFA8,C56V,0.552
P51970,NDUFA8,C56T,0.503
P51970,NDUFA8,C56S,0.524
P51970,NDUFA8,C56R,0.368
P51970,NDUFA8,C56Q,0.366
P51970,NDUFA8,C56P,0.274
P51970,NDUFA8,C56M,0.562
P51970,NDUFA8,C56Y,0.434
P51970,NDUFA8,C56K,0.308
P51970,NDUFA8,C56A,0.571
P51970,NDUFA8,C56D,0.361
P51970,NDUFA8,C56E,0.23
P51970,NDUFA8,C56L,0.536
P51970,NDUFA8,C56G,0.399
P51970,NDUFA8,C56H,0.381
P51970,NDUFA8,C56I,0.516
P51970,NDUFA8,C56F,0.481
P51970,NDUFA8,L57N,0.596
P51970,NDUFA8,L57W,0.657
P51970,NDUFA8,L57V,0.802
P51970,NDUFA8,L57T,0.692
P51970,NDUFA8,L57S,0.669
P51970,NDUFA8,L57R,0.658
P51970,NDUFA8,L57Q,0.688
P51970,NDUFA8,L57P,0.672
P51970,NDUFA8,L57Y,0.689
P51970,NDUFA8,L57M,0.849
P51970,NDUFA8,L57I,0.831
P51970,NDUFA8,L57H,0.655
P51970,NDUFA8,L57G,0.548
P51970,NDUFA8,L57F,0.772
P51970,NDUFA8,L57E,0.607
P51970,NDUFA8,L57D,0.56
P51970,NDUFA8,L57C,0.656
P51970,NDUFA8,L57A,0.684
P51970,NDUFA8,L57K,0.624
P51970,NDUFA8,E58P,0.858
P51970,NDUFA8,E58Q,1.018
P51970,NDUFA8,E58R,0.889
P51970,NDUFA8,E58N,0.908
P51970,NDUFA8,E58T,0.876
P51970,NDUFA8,E58V,0.877
P51970,NDUFA8,E58W,0.76
P51970,NDUFA8,E58S,0.893
P51970,NDUFA8,E58M,0.844
P51970,NDUFA8,E58Y,0.812
P51970,NDUFA8,E58K,0.97
P51970,NDUFA8,E58A,0.908
P51970,NDUFA8,E58C,0.742
P51970,NDUFA8,E58D,1.035
P51970,NDUFA8,E58L,0.808
P51970,NDUFA8,E58G,0.872
P51970,NDUFA8,E58H,0.9
P51970,NDUFA8,E58I,0.824
P51970,NDUFA8,E58F,0.776
P51970,NDUFA8,E59W,0.489
P51970,NDUFA8,E59V,0.598
P51970,NDUFA8,E59T,0.544
P51970,NDUFA8,E59S,0.56
P51970,NDUFA8,E59R,0.597
P51970,NDUFA8,E59Q,0.736
P51970,NDUFA8,E59P,0.422
P51970,NDUFA8,E59N,0.563
P51970,NDUFA8,E59M,0.63
P51970,NDUFA8,E59Y,0.584
P51970,NDUFA8,E59K,0.629
P51970,NDUFA8,E59A,0.622
P51970,NDUFA8,E59C,0.52
P51970,NDUFA8,E59D,0.71
P51970,NDUFA8,E59L,0.532
P51970,NDUFA8,E59G,0.549
P51970,NDUFA8,E59H,0.599
P51970,NDUFA8,E59I,0.531
P51970,NDUFA8,E59F,0.506
P51970,NDUFA8,G60N,0.542
P51970,NDUFA8,G60W,0.442
P51970,NDUFA8,G60V,0.498
P51970,NDUFA8,G60T,0.489
P51970,NDUFA8,G60S,0.624
P51970,NDUFA8,G60R,0.466
P51970,NDUFA8,G60Q,0.433
P51970,NDUFA8,G60P,0.419
P51970,NDUFA8,G60Y,0.34
P51970,NDUFA8,G60M,0.5
P51970,NDUFA8,G60K,0.426
P51970,NDUFA8,G60L,0.418
P51970,NDUFA8,G60A,0.69
P51970,NDUFA8,G60C,0.536
P51970,NDUFA8,G60D,0.473
P51970,NDUFA8,G60F,0.402
P51970,NDUFA8,G60H,0.394
P51970,NDUFA8,G60I,0.426
P51970,NDUFA8,G60E,0.464
P51970,NDUFA8,K61Y,0.671
P51970,NDUFA8,K61W,0.722
P51970,NDUFA8,K61V,0.718
P51970,NDUFA8,K61T,0.722
P51970,NDUFA8,K61S,0.662
P51970,NDUFA8,K61R,0.869
P51970,NDUFA8,K61Q,0.804
P51970,NDUFA8,K61P,0.51
P51970,NDUFA8,K61N,0.735
P51970,NDUFA8,K61M,0.762
P51970,NDUFA8,K61I,0.683
P51970,NDUFA8,K61A,0.685
P51970,NDUFA8,K61C,0.714
P51970,NDUFA8,K61D,0.585
P51970,NDUFA8,K61L,0.726
P51970,NDUFA8,K61F,0.63
P51970,NDUFA8,K61G,0.558
P51970,NDUFA8,K61H,0.702
P51970,NDUFA8,K61E,0.728
P51970,NDUFA8,L62N,0.723
P51970,NDUFA8,L62W,0.768
P51970,NDUFA8,L62V,0.926
P51970,NDUFA8,L62T,0.816
P51970,NDUFA8,L62S,0.796
P51970,NDUFA8,L62R,0.783
P51970,NDUFA8,L62Q,0.814
P51970,NDUFA8,L62P,0.798
P51970,NDUFA8,L62M,0.98
P51970,NDUFA8,L62Y,0.804
P51970,NDUFA8,L62I,0.944
P51970,NDUFA8,L62A,0.806
P51970,NDUFA8,L62C,0.772
P51970,NDUFA8,L62D,0.686
P51970,NDUFA8,L62K,0.753
P51970,NDUFA8,L62F,0.879
P51970,NDUFA8,L62G,0.673
P51970,NDUFA8,L62H,0.776
P51970,NDUFA8,L62E,0.736
P51970,NDUFA8,V63M,0.654
P51970,NDUFA8,V63W,0.323
P51970,NDUFA8,V63T,0.532
P51970,NDUFA8,V63S,0.391
P51970,NDUFA8,V63R,0.276
P51970,NDUFA8,V63Q,0.372
P51970,NDUFA8,V63P,0.349
P51970,NDUFA8,V63N,0.31
P51970,NDUFA8,V63Y,0.424
P51970,NDUFA8,V63L,0.655
P51970,NDUFA8,V63I,0.738
P51970,NDUFA8,V63H,0.306
P51970,NDUFA8,V63G,0.361
P51970,NDUFA8,V63F,0.507
P51970,NDUFA8,V63E,0.349
P51970,NDUFA8,V63D,0.286
P51970,NDUFA8,V63C,0.537
P51970,NDUFA8,V63A,0.574
P51970,NDUFA8,V63K,0.334
P51970,NDUFA8,N64P,0.584
P51970,NDUFA8,N64Q,0.689
P51970,NDUFA8,N64R,0.702
P51970,NDUFA8,N64M,0.748
P51970,NDUFA8,N64T,0.754
P51970,NDUFA8,N64V,0.7
P51970,NDUFA8,N64W,0.598
P51970,NDUFA8,N64S,0.803
P51970,NDUFA8,N64L,0.7
P51970,NDUFA8,N64Y,0.716
P51970,NDUFA8,N64I,0.742
P51970,NDUFA8,N64A,0.672
P51970,NDUFA8,N64C,0.727
P51970,NDUFA8,N64D,0.744
P51970,NDUFA8,N64K,0.72
P51970,NDUFA8,N64F,0.66
P51970,NDUFA8,N64G,0.692
P51970,NDUFA8,N64H,0.812
P51970,NDUFA8,N64E,0.658
P51970,NDUFA8,K65Y,0.861
P51970,NDUFA8,K65W,0.838
P51970,NDUFA8,K65V,0.916
P51970,NDUFA8,K65T,0.963
P51970,NDUFA8,K65S,0.964
P51970,NDUFA8,K65R,1.08
P51970,NDUFA8,K65Q,1.028
P51970,NDUFA8,K65N,1.0
P51970,NDUFA8,K65M,0.984
P51970,NDUFA8,K65P,0.908
P51970,NDUFA8,K65I,0.896
P51970,NDUFA8,K65L,0.912
P51970,NDUFA8,K65C,0.823
P51970,NDUFA8,K65D,0.901
P51970,NDUFA8,K65E,1.016
P51970,NDUFA8,K65A,0.934
P51970,NDUFA8,K65G,0.882
P51970,NDUFA8,K65H,0.938
P51970,NDUFA8,K65F,0.844
P51970,NDUFA8,C66P,0.324
P51970,NDUFA8,C66Y,0.493
P51970,NDUFA8,C66W,0.494
P51970,NDUFA8,C66V,0.614
P51970,NDUFA8,C66T,0.562
P51970,NDUFA8,C66S,0.581
P51970,NDUFA8,C66R,0.42
P51970,NDUFA8,C66Q,0.429
P51970,NDUFA8,C66N,0.448
P51970,NDUFA8,C66E,0.295
P51970,NDUFA8,C66L,0.601
P51970,NDUFA8,C66M,0.626
P51970,NDUFA8,C66D,0.433
P51970,NDUFA8,C66F,0.543
P51970,NDUFA8,C66A,0.645
P51970,NDUFA8,C66H,0.44
P51970,NDUFA8,C66I,0.583
P51970,NDUFA8,C66K,0.361
P51970,NDUFA8,C66G,0.462
P51970,NDUFA8,A67P,0.554
P51970,NDUFA8,A67Y,0.541
P51970,NDUFA8,A67W,0.425
P51970,NDUFA8,A67V,0.76
P51970,NDUFA8,A67T,0.696
P51970,NDUFA8,A67S,0.722
P51970,NDUFA8,A67R,0.515
P51970,NDUFA8,A67Q,0.544
P51970,NDUFA8,A67N,0.505
P51970,NDUFA8,A67E,0.528
P51970,NDUFA8,A67L,0.699
P51970,NDUFA8,A67D,0.476
P51970,NDUFA8,A67F,0.606
P51970,NDUFA8,A67G,0.708
P51970,NDUFA8,A67C,0.744
P51970,NDUFA8,A67I,0.686
P51970,NDUFA8,A67K,0.51
P51970,NDUFA8,A67H,0.518
P51970,NDUFA8,A67M,0.689
P51970,NDUFA8,L68Y,0.596
P51970,NDUFA8,L68N,0.474
P51970,NDUFA8,L68W,0.577
P51970,NDUFA8,L68V,0.754
P51970,NDUFA8,L68T,0.595
P51970,NDUFA8,L68S,0.531
P51970,NDUFA8,L68R,0.514
P51970,NDUFA8,L68Q,0.522
P51970,NDUFA8,L68P,0.438
P51970,NDUFA8,L68M,0.798
P51970,NDUFA8,L68I,0.787
P51970,NDUFA8,L68H,0.463
P51970,NDUFA8,L68G,0.425
P51970,NDUFA8,L68F,0.718
P51970,NDUFA8,L68E,0.419
P51970,NDUFA8,L68D,0.36
P51970,NDUFA8,L68C,0.642
P51970,NDUFA8,L68A,0.601
P51970,NDUFA8,L68K,0.51
P51970,NDUFA8,D69P,0.591
P51970,NDUFA8,D69Q,0.783
P51970,NDUFA8,D69R,0.642
P51970,NDUFA8,D69N,0.875
P51970,NDUFA8,D69T,0.734
P51970,NDUFA8,D69V,0.73
P51970,NDUFA8,D69W,0.628
P51970,NDUFA8,D69S,0.762
P51970,NDUFA8,D69M,0.656
P51970,NDUFA8,D69Y,0.734
P51970,NDUFA8,D69K,0.682
P51970,NDUFA8,D69A,0.739
P51970,NDUFA8,D69C,0.748
P51970,NDUFA8,D69E,0.894
P51970,NDUFA8,D69L,0.649
P51970,NDUFA8,D69G,0.742
P51970,NDUFA8,D69H,0.808
P51970,NDUFA8,D69I,0.714
P51970,NDUFA8,D69F,0.708
P51970,NDUFA8,F70P,0.275
P51970,NDUFA8,F70Y,0.748
P51970,NDUFA8,F70W,0.644
P51970,NDUFA8,F70V,0.611
P51970,NDUFA8,F70T,0.464
P51970,NDUFA8,F70S,0.488
P51970,NDUFA8,F70R,0.35
P51970,NDUFA8,F70Q,0.338
P51970,NDUFA8,F70N,0.391
P51970,NDUFA8,F70D,0.31
P51970,NDUFA8,F70L,0.682
P51970,NDUFA8,F70C,0.57
P51970,NDUFA8,F70M,0.647
P51970,NDUFA8,F70E,0.273
P51970,NDUFA8,F70A,0.48
P51970,NDUFA8,F70H,0.539
P51970,NDUFA8,F70I,0.651
P51970,NDUFA8,F70K,0.337
P51970,NDUFA8,F70G,0.4
P51970,NDUFA8,F71P,0.525
P51970,NDUFA8,F71Y,0.832
P51970,NDUFA8,F71W,0.702
P51970,NDUFA8,F71V,0.712
P51970,NDUFA8,F71T,0.618
P51970,NDUFA8,F71S,0.616
P51970,NDUFA8,F71R,0.549
P51970,NDUFA8,F71Q,0.571
P51970,NDUFA8,F71N,0.53
P51970,NDUFA8,F71L,0.788
P51970,NDUFA8,F71A,0.631
P51970,NDUFA8,F71K,0.526
P51970,NDUFA8,F71I,0.754
P51970,NDUFA8,F71H,0.639
P51970,NDUFA8,F71G,0.534
P51970,NDUFA8,F71E,0.517
P51970,NDUFA8,F71D,0.556
P51970,NDUFA8,F71C,0.656
P51970,NDUFA8,F71M,0.714
P51970,NDUFA8,R72P,0.69
P51970,NDUFA8,R72Q,0.83
P51970,NDUFA8,R72S,0.739
P51970,NDUFA8,R72N,0.766
P51970,NDUFA8,R72V,0.67
P51970,NDUFA8,R72W,0.666
P51970,NDUFA8,R72T,0.744
P51970,NDUFA8,R72M,0.75
P51970,NDUFA8,R72Y,0.688
P51970,NDUFA8,R72L,0.725
P51970,NDUFA8,R72A,0.701
P51970,NDUFA8,R72C,0.7
P51970,NDUFA8,R72D,0.633
P51970,NDUFA8,R72E,0.73
P51970,NDUFA8,R72K,0.869
P51970,NDUFA8,R72G,0.72
P51970,NDUFA8,R72H,0.806
P51970,NDUFA8,R72I,0.665
P51970,NDUFA8,R72F,0.619
P51970,NDUFA8,Q73M,0.829
P51970,NDUFA8,Q73W,0.652
P51970,NDUFA8,Q73V,0.746
P51970,NDUFA8,Q73T,0.772
P51970,NDUFA8,Q73S,0.782
P51970,NDUFA8,Q73R,0.855
P51970,NDUFA8,Q73P,0.788
P51970,NDUFA8,Q73N,0.794
P51970,NDUFA8,Q73L,0.776
P51970,NDUFA8,Q73Y,0.739
P51970,NDUFA8,Q73I,0.704
P51970,NDUFA8,Q73A,0.772
P51970,NDUFA8,Q73C,0.692
P51970,NDUFA8,Q73D,0.766
P51970,NDUFA8,Q73K,0.845
P51970,NDUFA8,Q73F,0.688
P51970,NDUFA8,Q73G,0.715
P51970,NDUFA8,Q73H,0.832
P51970,NDUFA8,Q73E,0.878
P51970,NDUFA8,I74N,0.495
P51970,NDUFA8,I74W,0.498
P51970,NDUFA8,I74V,0.82
P51970,NDUFA8,I74T,0.605
P51970,NDUFA8,I74S,0.52
P51970,NDUFA8,I74R,0.464
P51970,NDUFA8,I74Q,0.452
P51970,NDUFA8,I74P,0.468
P51970,NDUFA8,I74Y,0.59
P51970,NDUFA8,I74M,0.74
P51970,NDUFA8,I74K,0.452
P51970,NDUFA8,I74H,0.472
P51970,NDUFA8,I74G,0.43
P51970,NDUFA8,I74F,0.692
P51970,NDUFA8,I74E,0.44
P51970,NDUFA8,I74D,0.424
P51970,NDUFA8,I74C,0.6
P51970,NDUFA8,I74A,0.58
P51970,NDUFA8,I74L,0.784
P51970,NDUFA8,K75P,0.723
P51970,NDUFA8,K75Q,0.845
P51970,NDUFA8,K75R,0.89
P51970,NDUFA8,K75Y,0.672
P51970,NDUFA8,K75T,0.776
P51970,NDUFA8,K75V,0.722
P51970,NDUFA8,K75W,0.639
P51970,NDUFA8,K75S,0.78
P51970,NDUFA8,K75N,0.816
P51970,NDUFA8,K75M,0.791
P51970,NDUFA8,K75I,0.697
P51970,NDUFA8,K75A,0.746
P51970,NDUFA8,K75C,0.631
P51970,NDUFA8,K75D,0.722
P51970,NDUFA8,K75L,0.714
P51970,NDUFA8,K75F,0.644
P51970,NDUFA8,K75G,0.696
P51970,NDUFA8,K75H,0.751
P51970,NDUFA8,K75E,0.836
P51970,NDUFA8,R76N,1.027
P51970,NDUFA8,R76Y,0.939
P51970,NDUFA8,R76W,0.946
P51970,NDUFA8,R76V,0.906
P51970,NDUFA8,R76T,0.996
P51970,NDUFA8,R76S,0.994
P51970,NDUFA8,R76Q,1.092
P51970,NDUFA8,R76P,0.946
P51970,NDUFA8,R76M,0.988
P51970,NDUFA8,R76L,0.952
P51970,NDUFA8,R76K,1.132
P51970,NDUFA8,R76C,0.964
P51970,NDUFA8,R76D,0.898
P51970,NDUFA8,R76E,0.997
P51970,NDUFA8,R76A,0.948
P51970,NDUFA8,R76G,0.97
P51970,NDUFA8,R76H,1.062
P51970,NDUFA8,R76I,0.91
P51970,NDUFA8,R76F,0.854
P51970,NDUFA8,H77N,0.903
P51970,NDUFA8,H77W,0.768
P51970,NDUFA8,H77V,0.716
P51970,NDUFA8,H77T,0.762
P51970,NDUFA8,H77S,0.792
P51970,NDUFA8,H77R,0.883
P51970,NDUFA8,H77Q,0.883
P51970,NDUFA8,H77P,0.779
P51970,NDUFA8,H77M,0.781
P51970,NDUFA8,H77Y,0.93
P51970,NDUFA8,H77K,0.8
P51970,NDUFA8,H77A,0.746
P51970,NDUFA8,H77C,0.776
P51970,NDUFA8,H77D,0.822
P51970,NDUFA8,H77L,0.766
P51970,NDUFA8,H77F,0.814
P51970,NDUFA8,H77G,0.753
P51970,NDUFA8,H77I,0.726
P51970,NDUFA8,H77E,0.816
P51970,NDUFA8,C78N,0.438
P51970,NDUFA8,C78W,0.526
P51970,NDUFA8,C78V,0.653
P51970,NDUFA8,C78T,0.565
P51970,NDUFA8,C78S,0.577
P51970,NDUFA8,C78R,0.395
P51970,NDUFA8,C78Q,0.426
P51970,NDUFA8,C78P,0.32
P51970,NDUFA8,C78M,0.668
P51970,NDUFA8,C78Y,0.518
P51970,NDUFA8,C78K,0.34
P51970,NDUFA8,C78A,0.645
P51970,NDUFA8,C78D,0.424
P51970,NDUFA8,C78E,0.271
P51970,NDUFA8,C78L,0.66
P51970,NDUFA8,C78G,0.461
P51970,NDUFA8,C78H,0.444
P51970,NDUFA8,C78I,0.635
P51970,NDUFA8,C78F,0.601
P51970,NDUFA8,A79N,0.708
P51970,NDUFA8,A79W,0.632
P51970,NDUFA8,A79V,0.83
P51970,NDUFA8,A79T,0.83
P51970,NDUFA8,A79S,0.842
P51970,NDUFA8,A79R,0.69
P51970,NDUFA8,A79Q,0.724
P51970,NDUFA8,A79P,0.774
P51970,NDUFA8,A79Y,0.682
P51970,NDUFA8,A79M,0.762
P51970,NDUFA8,A79K,0.713
P51970,NDUFA8,A79I,0.744
P51970,NDUFA8,A79H,0.667
P51970,NDUFA8,A79G,0.798
P51970,NDUFA8,A79F,0.686
P51970,NDUFA8,A79E,0.754
P51970,NDUFA8,A79D,0.712
P51970,NDUFA8,A79C,0.77
P51970,NDUFA8,A79L,0.738
P51970,NDUFA8,E80P,0.804
P51970,NDUFA8,E80Q,0.964
P51970,NDUFA8,E80R,0.84
P51970,NDUFA8,E80N,0.854
P51970,NDUFA8,E80T,0.819
P51970,NDUFA8,E80V,0.814
P51970,NDUFA8,E80W,0.7
P51970,NDUFA8,E80S,0.838
P51970,NDUFA8,E80M,0.781
P51970,NDUFA8,E80Y,0.751
P51970,NDUFA8,E80K,0.922
P51970,NDUFA8,E80A,0.85
P51970,NDUFA8,E80C,0.681
P51970,NDUFA8,E80D,0.976
P51970,NDUFA8,E80L,0.74
P51970,NDUFA8,E80G,0.816
P51970,NDUFA8,E80H,0.844
P51970,NDUFA8,E80I,0.76
P51970,NDUFA8,E80F,0.71
P51970,NDUFA8,P81W,0.466
P51970,NDUFA8,P81V,0.691
P51970,NDUFA8,P81T,0.708
P51970,NDUFA8,P81S,0.7
P51970,NDUFA8,P81R,0.574
P51970,NDUFA8,P81Q,0.664
P51970,NDUFA8,P81N,0.536
P51970,NDUFA8,P81M,0.714
P51970,NDUFA8,P81L,0.667
P51970,NDUFA8,P81Y,0.626
P51970,NDUFA8,P81I,0.629
P51970,NDUFA8,P81A,0.754
P51970,NDUFA8,P81C,0.721
P51970,NDUFA8,P81D,0.554
P51970,NDUFA8,P81K,0.566
P51970,NDUFA8,P81F,0.654
P51970,NDUFA8,P81G,0.578
P51970,NDUFA8,P81H,0.66
P51970,NDUFA8,P81E,0.58
P51970,NDUFA8,F82N,0.331
P51970,NDUFA8,F82W,0.601
P51970,NDUFA8,F82V,0.582
P51970,NDUFA8,F82T,0.41
P51970,NDUFA8,F82S,0.429
P51970,NDUFA8,F82R,0.292
P51970,NDUFA8,F82Q,0.278
P51970,NDUFA8,F82P,0.22
P51970,NDUFA8,F82Y,0.694
P51970,NDUFA8,F82M,0.602
P51970,NDUFA8,F82K,0.27
P51970,NDUFA8,F82L,0.661
P51970,NDUFA8,F82A,0.433
P51970,NDUFA8,F82C,0.53
P51970,NDUFA8,F82D,0.244
P51970,NDUFA8,F82G,0.344
P51970,NDUFA8,F82H,0.488
P51970,NDUFA8,F82I,0.621
P51970,NDUFA8,F82E,0.21
P51970,NDUFA8,T83Y,0.634
P51970,NDUFA8,T83W,0.526
P51970,NDUFA8,T83V,0.782
P51970,NDUFA8,T83S,0.774
P51970,NDUFA8,T83R,0.617
P51970,NDUFA8,T83Q,0.626
P51970,NDUFA8,T83P,0.617
P51970,NDUFA8,T83N,0.697
P51970,NDUFA8,T83M,0.767
P51970,NDUFA8,T83L,0.73
P51970,NDUFA8,T83I,0.761
P51970,NDUFA8,T83A,0.787
P51970,NDUFA8,T83C,0.748
P51970,NDUFA8,T83D,0.585
P51970,NDUFA8,T83K,0.64
P51970,NDUFA8,T83F,0.658
P51970,NDUFA8,T83G,0.611
P51970,NDUFA8,T83H,0.574
P51970,NDUFA8,T83E,0.573
P51970,NDUFA8,E84N,0.832
P51970,NDUFA8,E84W,0.702
P51970,NDUFA8,E84V,0.822
P51970,NDUFA8,E84T,0.804
P51970,NDUFA8,E84S,0.816
P51970,NDUFA8,E84R,0.814
P51970,NDUFA8,E84Q,0.942
P51970,NDUFA8,E84P,0.784
P51970,NDUFA8,E84M,0.788
P51970,NDUFA8,E84Y,0.751
P51970,NDUFA8,E84K,0.889
P51970,NDUFA8,E84A,0.838
P51970,NDUFA8,E84C,0.682
P51970,NDUFA8,E84D,0.954
P51970,NDUFA8,E84L,0.761
P51970,NDUFA8,E84G,0.8
P51970,NDUFA8,E84H,0.828
P51970,NDUFA8,E84I,0.772
P51970,NDUFA8,E84F,0.729
P51970,NDUFA8,Y85M,0.471
P51970,NDUFA8,Y85V,0.487
P51970,NDUFA8,Y85T,0.344
P51970,NDUFA8,Y85S,0.34
P51970,NDUFA8,Y85R,0.348
P51970,NDUFA8,Y85Q,0.396
P51970,NDUFA8,Y85P,0.212
P51970,NDUFA8,Y85N,0.352
P51970,NDUFA8,Y85W,0.59
P51970,NDUFA8,Y85L,0.518
P51970,NDUFA8,Y85I,0.472
P51970,NDUFA8,Y85H,0.588
P51970,NDUFA8,Y85G,0.325
P51970,NDUFA8,Y85F,0.711
P51970,NDUFA8,Y85E,0.277
P51970,NDUFA8,Y85D,0.239
P51970,NDUFA8,Y85C,0.462
P51970,NDUFA8,Y85A,0.362
P51970,NDUFA8,Y85K,0.3
P51970,NDUFA8,W86N,0.41
P51970,NDUFA8,W86P,0.36
P51970,NDUFA8,W86Q,0.538
P51970,NDUFA8,W86M,0.686
P51970,NDUFA8,W86S,0.516
P51970,NDUFA8,W86T,0.551
P51970,NDUFA8,W86V,0.603
P51970,NDUFA8,W86R,0.523
P51970,NDUFA8,W86L,0.694
P51970,NDUFA8,W86Y,0.778
P51970,NDUFA8,W86I,0.587
P51970,NDUFA8,W86A,0.552
P51970,NDUFA8,W86C,0.68
P51970,NDUFA8,W86D,0.41
P51970,NDUFA8,W86K,0.48
P51970,NDUFA8,W86F,0.784
P51970,NDUFA8,W86G,0.593
P51970,NDUFA8,W86H,0.572
P51970,NDUFA8,W86E,0.461
P51970,NDUFA8,T87N,0.814
P51970,NDUFA8,T87Y,0.669
P51970,NDUFA8,T87W,0.632
P51970,NDUFA8,T87V,0.8
P51970,NDUFA8,T87S,0.848
P51970,NDUFA8,T87R,0.744
P51970,NDUFA8,T87Q,0.734
P51970,NDUFA8,T87P,0.77
P51970,NDUFA8,T87M,0.796
P51970,NDUFA8,T87L,0.722
P51970,NDUFA8,T87K,0.756
P51970,NDUFA8,T87C,0.712
P51970,NDUFA8,T87D,0.708
P51970,NDUFA8,T87E,0.727
P51970,NDUFA8,T87A,0.824
P51970,NDUFA8,T87G,0.71
P51970,NDUFA8,T87H,0.708
P51970,NDUFA8,T87I,0.776
P51970,NDUFA8,T87F,0.67
P51970,NDUFA8,C88N,0.404
P51970,NDUFA8,C88W,0.442
P51970,NDUFA8,C88V,0.55
P51970,NDUFA8,C88T,0.512
P51970,NDUFA8,C88S,0.538
P51970,NDUFA8,C88R,0.391
P51970,NDUFA8,C88Q,0.38
P51970,NDUFA8,C88P,0.294
P51970,NDUFA8,C88M,0.558
P51970,NDUFA8,C88Y,0.454
P51970,NDUFA8,C88K,0.317
P51970,NDUFA8,C88A,0.593
P51970,NDUFA8,C88D,0.375
P51970,NDUFA8,C88E,0.265
P51970,NDUFA8,C88L,0.528
P51970,NDUFA8,C88G,0.416
P51970,NDUFA8,C88H,0.406
P51970,NDUFA8,C88I,0.514
P51970,NDUFA8,C88F,0.479
P51970,NDUFA8,I89N,0.442
P51970,NDUFA8,I89W,0.514
P51970,NDUFA8,I89V,0.854
P51970,NDUFA8,I89T,0.606
P51970,NDUFA8,I89S,0.483
P51970,NDUFA8,I89R,0.448
P51970,NDUFA8,I89Q,0.424
P51970,NDUFA8,I89P,0.383
P51970,NDUFA8,I89M,0.78
P51970,NDUFA8,I89Y,0.536
P51970,NDUFA8,I89K,0.448
P51970,NDUFA8,I89A,0.607
P51970,NDUFA8,I89C,0.666
P51970,NDUFA8,I89D,0.358
P51970,NDUFA8,I89L,0.819
P51970,NDUFA8,I89F,0.693
P51970,NDUFA8,I89G,0.374
P51970,NDUFA8,I89H,0.498
P51970,NDUFA8,I89E,0.37
P51970,NDUFA8,D90N,0.82
P51970,NDUFA8,D90W,0.549
P51970,NDUFA8,D90V,0.678
P51970,NDUFA8,D90T,0.708
P51970,NDUFA8,D90S,0.748
P51970,NDUFA8,D90R,0.633
P51970,NDUFA8,D90Q,0.728
P51970,NDUFA8,D90P,0.672
P51970,NDUFA8,D90Y,0.687
P51970,NDUFA8,D90M,0.664
P51970,NDUFA8,D90K,0.686
P51970,NDUFA8,D90I,0.665
P51970,NDUFA8,D90H,0.722
P51970,NDUFA8,D90G,0.752
P51970,NDUFA8,D90F,0.682
P51970,NDUFA8,D90E,0.853
P51970,NDUFA8,D90C,0.637
P51970,NDUFA8,D90A,0.706
P51970,NDUFA8,D90L,0.626
P51970,NDUFA8,Y91P,0.81
P51970,NDUFA8,Y91Q,0.893
P51970,NDUFA8,Y91R,0.819
P51970,NDUFA8,Y91N,0.856
P51970,NDUFA8,Y91T,0.842
P51970,NDUFA8,Y91V,0.836
P51970,NDUFA8,Y91W,0.904
P51970,NDUFA8,Y91S,0.861
P51970,NDUFA8,Y91M,0.86
P51970,NDUFA8,Y91L,0.855
P51970,NDUFA8,Y91K,0.822
P51970,NDUFA8,Y91C,0.876
P51970,NDUFA8,Y91D,0.824
P51970,NDUFA8,Y91E,0.832
P51970,NDUFA8,Y91A,0.833
P51970,NDUFA8,Y91G,0.759
P51970,NDUFA8,Y91H,1.02
P51970,NDUFA8,Y91I,0.838
P51970,NDUFA8,Y91F,1.036
P51970,NDUFA8,T92N,0.806
P51970,NDUFA8,T92Y,0.768
P51970,NDUFA8,T92W,0.657
P51970,NDUFA8,T92V,0.924
P51970,NDUFA8,T92S,0.887
P51970,NDUFA8,T92R,0.732
P51970,NDUFA8,T92Q,0.742
P51970,NDUFA8,T92P,0.731
P51970,NDUFA8,T92M,0.91
P51970,NDUFA8,T92L,0.876
P51970,NDUFA8,T92K,0.742
P51970,NDUFA8,T92C,0.894
P51970,NDUFA8,T92D,0.694
P51970,NDUFA8,T92E,0.682
P51970,NDUFA8,T92A,0.91
P51970,NDUFA8,T92G,0.722
P51970,NDUFA8,T92H,0.7
P51970,NDUFA8,T92I,0.912
P51970,NDUFA8,T92F,0.796
P51970,NDUFA8,G93N,1.074
P51970,NDUFA8,G93W,0.972
P51970,NDUFA8,G93V,0.962
P51970,NDUFA8,G93T,0.976
P51970,NDUFA8,G93S,1.092
P51970,NDUFA8,G93R,1.009
P51970,NDUFA8,G93Q,0.975
P51970,NDUFA8,G93P,0.948
P51970,NDUFA8,G93M,0.876
P51970,NDUFA8,G93Y,0.919
P51970,NDUFA8,G93K,0.974
P51970,NDUFA8,G93A,1.069
P51970,NDUFA8,G93C,0.962
P51970,NDUFA8,G93D,1.044
P51970,NDUFA8,G93L,0.856
P51970,NDUFA8,G93F,0.934
P51970,NDUFA8,G93H,0.97
P51970,NDUFA8,G93I,0.885
P51970,NDUFA8,G93E,1.007
P51970,NDUFA8,Q94M,1.071
P51970,NDUFA8,Q94W,0.918
P51970,NDUFA8,Q94V,0.986
P51970,NDUFA8,Q94T,1.024
P51970,NDUFA8,Q94S,1.035
P51970,NDUFA8,Q94R,1.117
P51970,NDUFA8,Q94P,1.036
P51970,NDUFA8,Q94N,1.051
P51970,NDUFA8,Q94L,1.014
P51970,NDUFA8,Q94Y,0.995
P51970,NDUFA8,Q94I,0.948
P51970,NDUFA8,Q94A,1.019
P51970,NDUFA8,Q94C,0.934
P51970,NDUFA8,Q94D,1.024
P51970,NDUFA8,Q94K,1.105
P51970,NDUFA8,Q94F,0.931
P51970,NDUFA8,Q94G,0.962
P51970,NDUFA8,Q94H,1.088
P51970,NDUFA8,Q94E,1.138
P51970,NDUFA8,Q95M,0.932
P51970,NDUFA8,Q95W,0.761
P51970,NDUFA8,Q95V,0.85
P51970,NDUFA8,Q95T,0.861
P51970,NDUFA8,Q95S,0.866
P51970,NDUFA8,Q95R,0.936
P51970,NDUFA8,Q95P,0.864
P51970,NDUFA8,Q95N,0.876
P51970,NDUFA8,Q95Y,0.843
P51970,NDUFA8,Q95L,0.897
P51970,NDUFA8,Q95I,0.818
P51970,NDUFA8,Q95H,0.922
P51970,NDUFA8,Q95G,0.8
P51970,NDUFA8,Q95F,0.808
P51970,NDUFA8,Q95E,0.96
P51970,NDUFA8,Q95D,0.851
P51970,NDUFA8,Q95C,0.792
P51970,NDUFA8,Q95A,0.86
P51970,NDUFA8,Q95K,0.919
P51970,NDUFA8,L96P,0.856
P51970,NDUFA8,L96Q,0.866
P51970,NDUFA8,L96R,0.841
P51970,NDUFA8,L96N,0.78
P51970,NDUFA8,L96T,0.876
P51970,NDUFA8,L96V,0.986
P51970,NDUFA8,L96W,0.84
P51970,NDUFA8,L96S,0.852
P51970,NDUFA8,L96M,1.038
P51970,NDUFA8,L96Y,0.872
P51970,NDUFA8,L96I,1.018
P51970,NDUFA8,L96A,0.865
P51970,NDUFA8,L96C,0.843
P51970,NDUFA8,L96D,0.746
P51970,NDUFA8,L96K,0.802
P51970,NDUFA8,L96F,0.963
P51970,NDUFA8,L96G,0.732
P51970,NDUFA8,L96H,0.84
P51970,NDUFA8,L96E,0.79
P51970,NDUFA8,F97P,0.652
P51970,NDUFA8,F97Y,0.938
P51970,NDUFA8,F97W,0.798
P51970,NDUFA8,F97V,0.793
P51970,NDUFA8,F97T,0.742
P51970,NDUFA8,F97S,0.748
P51970,NDUFA8,F97R,0.684
P51970,NDUFA8,F97Q,0.704
P51970,NDUFA8,F97N,0.67
P51970,NDUFA8,F97M,0.801
P51970,NDUFA8,F97L,0.854
P51970,NDUFA8,F97C,0.757
P51970,NDUFA8,F97D,0.705
P51970,NDUFA8,F97E,0.666
P51970,NDUFA8,F97A,0.74
P51970,NDUFA8,F97H,0.764
P51970,NDUFA8,F97I,0.826
P51970,NDUFA8,F97K,0.667
P51970,NDUFA8,F97G,0.657
P51970,NDUFA8,R98M,0.864
P51970,NDUFA8,R98W,0.819
P51970,NDUFA8,R98V,0.784
P51970,NDUFA8,R98T,0.86
P51970,NDUFA8,R98S,0.857
P51970,NDUFA8,R98Q,0.954
P51970,NDUFA8,R98P,0.81
P51970,NDUFA8,R98N,0.888
P51970,NDUFA8,R98L,0.835
P51970,NDUFA8,R98Y,0.81
P51970,NDUFA8,R98I,0.79
P51970,NDUFA8,R98A,0.817
P51970,NDUFA8,R98C,0.837
P51970,NDUFA8,R98D,0.756
P51970,NDUFA8,R98K,0.991
P51970,NDUFA8,R98F,0.734
P51970,NDUFA8,R98G,0.835
P51970,NDUFA8,R98H,0.927
P51970,NDUFA8,R98E,0.856
P51970,NDUFA8,H99N,1.033
P51970,NDUFA8,H99W,0.901
P51970,NDUFA8,H99V,0.846
P51970,NDUFA8,H99T,0.891
P51970,NDUFA8,H99S,0.922
P51970,NDUFA8,H99R,1.018
P51970,NDUFA8,H99Q,1.013
P51970,NDUFA8,H99P,0.908
P51970,NDUFA8,H99M,0.913
P51970,NDUFA8,H99Y,1.062
P51970,NDUFA8,H99K,0.932
P51970,NDUFA8,H99A,0.875
P51970,NDUFA8,H99C,0.908
P51970,NDUFA8,H99D,0.949
P51970,NDUFA8,H99L,0.898
P51970,NDUFA8,H99F,0.947
P51970,NDUFA8,H99G,0.881
P51970,NDUFA8,H99I,0.858
P51970,NDUFA8,H99E,0.943
P51970,NDUFA8,C100N,0.342
P51970,NDUFA8,C100W,0.414
P51970,NDUFA8,C100V,0.516
P51970,NDUFA8,C100T,0.458
P51970,NDUFA8,C100S,0.486
P51970,NDUFA8,C100R,0.348
P51970,NDUFA8,C100Q,0.33
P51970,NDUFA8,C100P,0.254
P51970,NDUFA8,C100Y,0.424
P51970,NDUFA8,C100M,0.524
P51970,NDUFA8,C100K,0.26
P51970,NDUFA8,C100I,0.481
P51970,NDUFA8,C100H,0.364
P51970,NDUFA8,C100G,0.368
P51970,NDUFA8,C100F,0.465
P51970,NDUFA8,C100E,0.211
P51970,NDUFA8,C100D,0.312
P51970,NDUFA8,C100A,0.546
P51970,NDUFA8,C100L,0.504
P51970,NDUFA8,R101N,0.682
P51970,NDUFA8,R101P,0.604
P51970,NDUFA8,R101Q,0.744
P51970,NDUFA8,R101M,0.654
P51970,NDUFA8,R101T,0.655
P51970,NDUFA8,R101V,0.572
P51970,NDUFA8,R101W,0.581
P51970,NDUFA8,R101S,0.652
P51970,NDUFA8,R101L,0.622
P51970,NDUFA8,R101Y,0.594
P51970,NDUFA8,R101I,0.573
P51970,NDUFA8,R101A,0.609
P51970,NDUFA8,R101C,0.615
P51970,NDUFA8,R101D,0.551
P51970,NDUFA8,R101K,0.784
P51970,NDUFA8,R101F,0.518
P51970,NDUFA8,R101G,0.633
P51970,NDUFA8,R101H,0.716
P51970,NDUFA8,R101E,0.648
P51970,NDUFA8,K102W,0.622
P51970,NDUFA8,K102V,0.691
P51970,NDUFA8,K102T,0.756
P51970,NDUFA8,K102S,0.76
P51970,NDUFA8,K102R,0.875
P51970,NDUFA8,K102Q,0.829
P51970,NDUFA8,K102P,0.704
P51970,NDUFA8,K102N,0.8
P51970,NDUFA8,K102M,0.762
P51970,NDUFA8,K102Y,0.649
P51970,NDUFA8,K102I,0.67
P51970,NDUFA8,K102A,0.723
P51970,NDUFA8,K102C,0.603
P51970,NDUFA8,K102D,0.706
P51970,NDUFA8,K102L,0.68
P51970,NDUFA8,K102F,0.616
P51970,NDUFA8,K102G,0.674
P51970,NDUFA8,K102H,0.732
P51970,NDUFA8,K102E,0.823
P51970,NDUFA8,Q103M,0.744
P51970,NDUFA8,Q103W,0.716
P51970,NDUFA8,Q103V,0.616
P51970,NDUFA8,Q103T,0.588
P51970,NDUFA8,Q103S,0.6
P51970,NDUFA8,Q103R,0.706
P51970,NDUFA8,Q103P,0.614
P51970,NDUFA8,Q103N,0.586
P51970,NDUFA8,Q103Y,0.673
P51970,NDUFA8,Q103L,0.686
P51970,NDUFA8,Q103I,0.603
P51970,NDUFA8,Q103K,0.664
P51970,NDUFA8,Q103A,0.596
P51970,NDUFA8,Q103C,0.647
P51970,NDUFA8,Q103D,0.548
P51970,NDUFA8,Q103F,0.593
P51970,NDUFA8,Q103G,0.554
P51970,NDUFA8,Q103H,0.72
P51970,NDUFA8,Q103E,0.706
P51970,NDUFA8,Q104Y,0.472
P51970,NDUFA8,Q104W,0.488
P51970,NDUFA8,Q104V,0.429
P51970,NDUFA8,Q104T,0.412
P51970,NDUFA8,Q104S,0.45
P51970,NDUFA8,Q104R,0.539
P51970,NDUFA8,Q104P,0.436
P51970,NDUFA8,Q104N,0.418
P51970,NDUFA8,Q104M,0.575
P51970,NDUFA8,Q104L,0.486
P51970,NDUFA8,Q104I,0.387
P51970,NDUFA8,Q104A,0.424
P51970,NDUFA8,Q104C,0.436
P51970,NDUFA8,Q104D,0.392
P51970,NDUFA8,Q104K,0.508
P51970,NDUFA8,Q104F,0.372
P51970,NDUFA8,Q104G,0.381
P51970,NDUFA8,Q104H,0.538
P51970,NDUFA8,Q104E,0.562
P51970,NDUFA8,A105N,0.663
P51970,NDUFA8,A105W,0.574
P51970,NDUFA8,A105V,0.772
P51970,NDUFA8,A105T,0.783
P51970,NDUFA8,A105S,0.796
P51970,NDUFA8,A105R,0.651
P51970,NDUFA8,A105Q,0.677
P51970,NDUFA8,A105P,0.728
P51970,NDUFA8,A105M,0.704
P51970,NDUFA8,A105Y,0.626
P51970,NDUFA8,A105K,0.677
P51970,NDUFA8,A105C,0.718
P51970,NDUFA8,A105D,0.661
P51970,NDUFA8,A105E,0.702
P51970,NDUFA8,A105L,0.675
P51970,NDUFA8,A105G,0.751
P51970,NDUFA8,A105H,0.62
P51970,NDUFA8,A105I,0.682
P51970,NDUFA8,A105F,0.624
P51970,NDUFA8,K106N,0.888
P51970,NDUFA8,K106W,0.72
P51970,NDUFA8,K106V,0.798
P51970,NDUFA8,K106T,0.85
P51970,NDUFA8,K106S,0.85
P51970,NDUFA8,K106R,0.964
P51970,NDUFA8,K106Q,0.914
P51970,NDUFA8,K106P,0.795
P51970,NDUFA8,K106Y,0.746
P51970,NDUFA8,K106M,0.869
P51970,NDUFA8,K106I,0.778
P51970,NDUFA8,K106H,0.824
P51970,NDUFA8,K106G,0.768
P51970,NDUFA8,K106F,0.727
P51970,NDUFA8,K106E,0.904
P51970,NDUFA8,K106D,0.79
P51970,NDUFA8,K106C,0.706
P51970,NDUFA8,K106A,0.818
P51970,NDUFA8,K106L,0.795
P51970,NDUFA8,F107P,0.205
P51970,NDUFA8,F107Q,0.256
P51970,NDUFA8,F107R,0.26
P51970,NDUFA8,F107N,0.298
P51970,NDUFA8,F107T,0.379
P51970,NDUFA8,F107V,0.555
P51970,NDUFA8,F107W,0.583
P51970,NDUFA8,F107S,0.396
P51970,NDUFA8,F107M,0.579
P51970,NDUFA8,F107Y,0.67
P51970,NDUFA8,F107K,0.234
P51970,NDUFA8,F107A,0.398
P51970,NDUFA8,F107C,0.509
P51970,NDUFA8,F107D,0.236
P51970,NDUFA8,F107L,0.64
P51970,NDUFA8,F107G,0.31
P51970,NDUFA8,F107H,0.464
P51970,NDUFA8,F107I,0.598
P51970,NDUFA8,F107E,0.19
P51970,NDUFA8,D108Y,0.464
P51970,NDUFA8,D108W,0.348
P51970,NDUFA8,D108V,0.482
P51970,NDUFA8,D108T,0.488
P51970,NDUFA8,D108S,0.52
P51970,NDUFA8,D108R,0.358
P51970,NDUFA8,D108Q,0.524
P51970,NDUFA8,D108N,0.626
P51970,NDUFA8,D108M,0.408
P51970,NDUFA8,D108P,0.312
P51970,NDUFA8,D108K,0.414
P51970,NDUFA8,D108L,0.412
P51970,NDUFA8,D108C,0.504
P51970,NDUFA8,D108E,0.647
P51970,NDUFA8,D108F,0.463
P51970,NDUFA8,D108A,0.475
P51970,NDUFA8,D108H,0.546
P51970,NDUFA8,D108I,0.462
P51970,NDUFA8,D108G,0.47
P51970,NDUFA8,E109P,0.856
P51970,NDUFA8,E109Y,0.803
P51970,NDUFA8,E109W,0.75
P51970,NDUFA8,E109V,0.873
P51970,NDUFA8,E109T,0.874
P51970,NDUFA8,E109S,0.892
P51970,NDUFA8,E109R,0.891
P51970,NDUFA8,E109Q,1.012
P51970,NDUFA8,E109N,0.905
P51970,NDUFA8,E109D,1.024
P51970,NDUFA8,E109L,0.802
P51970,NDUFA8,E109M,0.838
P51970,NDUFA8,E109C,0.74
P51970,NDUFA8,E109F,0.769
P51970,NDUFA8,E109A,0.906
P51970,NDUFA8,E109H,0.897
P51970,NDUFA8,E109I,0.817
P51970,NDUFA8,E109K,0.973
P51970,NDUFA8,E109G,0.872
P51970,NDUFA8,C110P,0.314
P51970,NDUFA8,C110Y,0.478
P51970,NDUFA8,C110W,0.474
P51970,NDUFA8,C110V,0.562
P51970,NDUFA8,C110T,0.521
P51970,NDUFA8,C110S,0.542
P51970,NDUFA8,C110R,0.406
P51970,NDUFA8,C110Q,0.405
P51970,NDUFA8,C110N,0.412
P51970,NDUFA8,C110E,0.294
P51970,NDUFA8,C110L,0.54
P51970,NDUFA8,C110D,0.389
P51970,NDUFA8,C110F,0.503
P51970,NDUFA8,C110G,0.422
P51970,NDUFA8,C110A,0.602
P51970,NDUFA8,C110I,0.524
P51970,NDUFA8,C110K,0.334
P51970,NDUFA8,C110H,0.426
P51970,NDUFA8,C110M,0.569
P51970,NDUFA8,V111Y,0.364
P51970,NDUFA8,V111M,0.613
P51970,NDUFA8,V111W,0.28
P51970,NDUFA8,V111T,0.464
P51970,NDUFA8,V111S,0.321
P51970,NDUFA8,V111R,0.228
P51970,NDUFA8,V111Q,0.298
P51970,NDUFA8,V111P,0.285
P51970,NDUFA8,V111N,0.241
P51970,NDUFA8,V111L,0.624
P51970,NDUFA8,V111I,0.701
P51970,NDUFA8,V111H,0.246
P51970,NDUFA8,V111G,0.296
P51970,NDUFA8,V111F,0.471
P51970,NDUFA8,V111E,0.282
P51970,NDUFA8,V111D,0.228
P51970,NDUFA8,V111C,0.498
P51970,NDUFA8,V111A,0.516
P51970,NDUFA8,V111K,0.255
P51970,NDUFA8,L112P,0.656
P51970,NDUFA8,L112Q,0.67
P51970,NDUFA8,L112R,0.644
P51970,NDUFA8,L112N,0.58
P51970,NDUFA8,L112T,0.676
P51970,NDUFA8,L112V,0.778
P51970,NDUFA8,L112W,0.628
P51970,NDUFA8,L112S,0.656
P51970,NDUFA8,L112M,0.824
P51970,NDUFA8,L112Y,0.661
P51970,NDUFA8,L112I,0.803
P51970,NDUFA8,L112A,0.671
P51970,NDUFA8,L112C,0.637
P51970,NDUFA8,L112D,0.542
P51970,NDUFA8,L112K,0.614
P51970,NDUFA8,L112F,0.741
P51970,NDUFA8,L112G,0.536
P51970,NDUFA8,L112H,0.629
P51970,NDUFA8,L112E,0.586
P51970,NDUFA8,D113P,0.732
P51970,NDUFA8,D113Y,0.735
P51970,NDUFA8,D113W,0.602
P51970,NDUFA8,D113V,0.708
P51970,NDUFA8,D113T,0.768
P51970,NDUFA8,D113S,0.813
P51970,NDUFA8,D113R,0.703
P51970,NDUFA8,D113Q,0.796
P51970,NDUFA8,D113N,0.887
P51970,NDUFA8,D113E,0.922
P51970,NDUFA8,D113L,0.647
P51970,NDUFA8,D113C,0.672
P51970,NDUFA8,D113M,0.694
P51970,NDUFA8,D113F,0.698
P51970,NDUFA8,D113A,0.759
P51970,NDUFA8,D113H,0.78
P51970,NDUFA8,D113I,0.688
P51970,NDUFA8,D113K,0.766
P51970,NDUFA8,D113G,0.809
P51970,NDUFA8,K114P,0.77
P51970,NDUFA8,K114Y,0.728
P51970,NDUFA8,K114W,0.712
P51970,NDUFA8,K114V,0.786
P51970,NDUFA8,K114T,0.822
P51970,NDUFA8,K114S,0.822
P51970,NDUFA8,K114R,0.928
P51970,NDUFA8,K114Q,0.887
P51970,NDUFA8,K114N,0.856
P51970,NDUFA8,K114L,0.789
P51970,NDUFA8,K114A,0.796
P51970,NDUFA8,K114I,0.77
P51970,NDUFA8,K114H,0.804
P51970,NDUFA8,K114G,0.742
P51970,NDUFA8,K114F,0.724
P51970,NDUFA8,K114E,0.875
P51970,NDUFA8,K114D,0.762
P51970,NDUFA8,K114C,0.704
P51970,NDUFA8,K114M,0.858
P51970,NDUFA8,L115Q,0.502
P51970,NDUFA8,L115R,0.494
P51970,NDUFA8,L115S,0.512
P51970,NDUFA8,L115P,0.428
P51970,NDUFA8,L115V,0.751
P51970,NDUFA8,L115W,0.568
P51970,NDUFA8,L115T,0.573
P51970,NDUFA8,L115N,0.454
P51970,NDUFA8,L115Y,0.581
P51970,NDUFA8,L115M,0.8
P51970,NDUFA8,L115A,0.586
P51970,NDUFA8,L115C,0.644
P51970,NDUFA8,L115D,0.336
P51970,NDUFA8,L115E,0.396
P51970,NDUFA8,L115K,0.484
P51970,NDUFA8,L115G,0.408
P51970,NDUFA8,L115H,0.453
P51970,NDUFA8,L115I,0.789
P51970,NDUFA8,L115F,0.724
P51970,NDUFA8,G116N,0.824
P51970,NDUFA8,G116W,0.728
P51970,NDUFA8,G116V,0.731
P51970,NDUFA8,G116T,0.732
P51970,NDUFA8,G116S,0.845
P51970,NDUFA8,G116R,0.756
P51970,NDUFA8,G116Q,0.724
P51970,NDUFA8,G116P,0.703
P51970,NDUFA8,G116M,0.643
P51970,NDUFA8,G116Y,0.674
P51970,NDUFA8,G116K,0.722
P51970,NDUFA8,G116A,0.83
P51970,NDUFA8,G116C,0.724
P51970,NDUFA8,G116D,0.792
P51970,NDUFA8,G116L,0.629
P51970,NDUFA8,G116F,0.7
P51970,NDUFA8,G116H,0.722
P51970,NDUFA8,G116I,0.652
P51970,NDUFA8,G116E,0.754
P51970,NDUFA8,W117M,0.633
P51970,NDUFA8,W117V,0.562
P51970,NDUFA8,W117T,0.506
P51970,NDUFA8,W117S,0.484
P51970,NDUFA8,W117R,0.497
P51970,NDUFA8,W117Q,0.524
P51970,NDUFA8,W117P,0.357
P51970,NDUFA8,W117N,0.381
P51970,NDUFA8,W117Y,0.718
P51970,NDUFA8,W117L,0.646
P51970,NDUFA8,W117I,0.536
P51970,NDUFA8,W117H,0.521
P51970,NDUFA8,W117G,0.548
P51970,NDUFA8,W117F,0.718
P51970,NDUFA8,W117E,0.444
P51970,NDUFA8,W117D,0.376
P51970,NDUFA8,W117C,0.646
P51970,NDUFA8,W117A,0.513
P51970,NDUFA8,W117K,0.458
P51970,NDUFA8,V118N,0.744
P51970,NDUFA8,V118P,0.776
P51970,NDUFA8,V118Q,0.766
P51970,NDUFA8,V118Y,0.789
P51970,NDUFA8,V118S,0.774
P51970,NDUFA8,V118T,0.877
P51970,NDUFA8,V118W,0.71
P51970,NDUFA8,V118R,0.742
P51970,NDUFA8,V118M,0.911
P51970,NDUFA8,V118L,0.895
P51970,NDUFA8,V118I,0.982
P51970,NDUFA8,V118A,0.862
P51970,NDUFA8,V118C,0.769
P51970,NDUFA8,V118D,0.754
P51970,NDUFA8,V118K,0.774
P51970,NDUFA8,V118F,0.825
P51970,NDUFA8,V118G,0.768
P51970,NDUFA8,V118H,0.724
P51970,NDUFA8,V118E,0.809
P51970,NDUFA8,R119N,0.674
P51970,NDUFA8,R119Y,0.611
P51970,NDUFA8,R119W,0.586
P51970,NDUFA8,R119V,0.575
P51970,NDUFA8,R119T,0.651
P51970,NDUFA8,R119S,0.643
P51970,NDUFA8,R119Q,0.734
P51970,NDUFA8,R119P,0.595
P51970,NDUFA8,R119M,0.672
P51970,NDUFA8,R119L,0.652
P51970,NDUFA8,R119K,0.768
P51970,NDUFA8,R119C,0.609
P51970,NDUFA8,R119D,0.542
P51970,NDUFA8,R119E,0.637
P51970,NDUFA8,R119A,0.604
P51970,NDUFA8,R119G,0.62
P51970,NDUFA8,R119H,0.723
P51970,NDUFA8,R119I,0.582
P51970,NDUFA8,R119F,0.55
P51970,NDUFA8,P120M,0.707
P51970,NDUFA8,P120W,0.528
P51970,NDUFA8,P120V,0.712
P51970,NDUFA8,P120T,0.738
P51970,NDUFA8,P120S,0.736
P51970,NDUFA8,P120R,0.653
P51970,NDUFA8,P120Q,0.726
P51970,NDUFA8,P120N,0.639
P51970,NDUFA8,P120L,0.716
P51970,NDUFA8,P120Y,0.615
P51970,NDUFA8,P120I,0.66
P51970,NDUFA8,P120A,0.75
P51970,NDUFA8,P120C,0.595
P51970,NDUFA8,P120D,0.653
P51970,NDUFA8,P120K,0.669
P51970,NDUFA8,P120F,0.627
P51970,NDUFA8,P120G,0.647
P51970,NDUFA8,P120H,0.676
P51970,NDUFA8,P120E,0.675
P51970,NDUFA8,D121N,0.995
P51970,NDUFA8,D121W,0.711
P51970,NDUFA8,D121V,0.816
P51970,NDUFA8,D121T,0.875
P51970,NDUFA8,D121S,0.92
P51970,NDUFA8,D121R,0.811
P51970,NDUFA8,D121Q,0.904
P51970,NDUFA8,D121P,0.839
P51970,NDUFA8,D121M,0.802
P51970,NDUFA8,D121Y,0.843
P51970,NDUFA8,D121K,0.874
P51970,NDUFA8,D121A,0.866
P51970,NDUFA8,D121C,0.778
P51970,NDUFA8,D121E,1.03
P51970,NDUFA8,D121L,0.754
P51970,NDUFA8,D121G,0.916
P51970,NDUFA8,D121H,0.888
P51970,NDUFA8,D121I,0.796
P51970,NDUFA8,D121F,0.806
P51970,NDUFA8,L122N,0.859
P51970,NDUFA8,L122W,0.896
P51970,NDUFA8,L122V,1.024
P51970,NDUFA8,L122T,0.944
P51970,NDUFA8,L122S,0.926
P51970,NDUFA8,L122R,0.93
P51970,NDUFA8,L122Q,0.951
P51970,NDUFA8,L122P,0.927
P51970,NDUFA8,L122Y,0.932
P51970,NDUFA8,L122M,1.077
P51970,NDUFA8,L122I,1.055
P51970,NDUFA8,L122H,0.913
P51970,NDUFA8,L122G,0.796
P51970,NDUFA8,L122F,0.992
P51970,NDUFA8,L122E,0.871
P51970,NDUFA8,L122D,0.823
P51970,NDUFA8,L122C,0.887
P51970,NDUFA8,L122A,0.929
P51970,NDUFA8,L122K,0.899
P51970,NDUFA8,G123P,0.594
P51970,NDUFA8,G123Q,0.605
P51970,NDUFA8,G123R,0.626
P51970,NDUFA8,G123N,0.734
P51970,NDUFA8,G123T,0.625
P51970,NDUFA8,G123V,0.614
P51970,NDUFA8,G123W,0.6
P51970,NDUFA8,G123S,0.76
P51970,NDUFA8,G123M,0.524
P51970,NDUFA8,G123Y,0.54
P51970,NDUFA8,G123K,0.601
P51970,NDUFA8,G123A,0.747
P51970,NDUFA8,G123C,0.617
P51970,NDUFA8,G123D,0.694
P51970,NDUFA8,G123L,0.508
P51970,NDUFA8,G123F,0.573
P51970,NDUFA8,G123H,0.6
P51970,NDUFA8,G123I,0.536
P51970,NDUFA8,G123E,0.642
P51970,NDUFA8,E124W,0.723
P51970,NDUFA8,E124V,0.846
P51970,NDUFA8,E124T,0.831
P51970,NDUFA8,E124S,0.845
P51970,NDUFA8,E124R,0.839
P51970,NDUFA8,E124Q,0.966
P51970,NDUFA8,E124P,0.81
P51970,NDUFA8,E124N,0.858
P51970,NDUFA8,E124M,0.81
P51970,NDUFA8,E124Y,0.772
P51970,NDUFA8,E124K,0.917
P51970,NDUFA8,E124A,0.865
P51970,NDUFA8,E124C,0.708
P51970,NDUFA8,E124D,0.979
P51970,NDUFA8,E124L,0.784
P51970,NDUFA8,E124G,0.83
P51970,NDUFA8,E124H,0.854
P51970,NDUFA8,E124I,0.793
P51970,NDUFA8,E124F,0.75
P51970,NDUFA8,L125N,0.718
P51970,NDUFA8,L125W,0.794
P51970,NDUFA8,L125V,0.928
P51970,NDUFA8,L125T,0.814
P51970,NDUFA8,L125S,0.79
P51970,NDUFA8,L125R,0.786
P51970,NDUFA8,L125Q,0.808
P51970,NDUFA8,L125P,0.794
P51970,NDUFA8,L125Y,0.82
P51970,NDUFA8,L125M,0.982
P51970,NDUFA8,L125I,0.965
P51970,NDUFA8,L125K,0.744
P51970,NDUFA8,L125A,0.806
P51970,NDUFA8,L125C,0.786
P51970,NDUFA8,L125D,0.681
P51970,NDUFA8,L125F,0.911
P51970,NDUFA8,L125G,0.67
P51970,NDUFA8,L125H,0.785
P51970,NDUFA8,L125E,0.724
P51970,NDUFA8,S126Y,0.78
P51970,NDUFA8,S126W,0.7
P51970,NDUFA8,S126V,0.775
P51970,NDUFA8,S126T,0.913
P51970,NDUFA8,S126R,0.809
P51970,NDUFA8,S126Q,0.825
P51970,NDUFA8,S126P,0.838
P51970,NDUFA8,S126N,0.933
P51970,NDUFA8,S126M,0.803
P51970,NDUFA8,S126L,0.787
P51970,NDUFA8,S126I,0.776
P51970,NDUFA8,S126A,0.907
P51970,NDUFA8,S126C,0.829
P51970,NDUFA8,S126D,0.827
P51970,NDUFA8,S126K,0.833
P51970,NDUFA8,S126F,0.804
P51970,NDUFA8,S126G,0.874
P51970,NDUFA8,S126H,0.791
P51970,NDUFA8,S126E,0.808
P51970,NDUFA8,K127N,0.901
P51970,NDUFA8,K127W,0.738
P51970,NDUFA8,K127V,0.811
P51970,NDUFA8,K127T,0.862
P51970,NDUFA8,K127S,0.864
P51970,NDUFA8,K127R,0.978
P51970,NDUFA8,K127Q,0.928
P51970,NDUFA8,K127P,0.807
P51970,NDUFA8,K127M,0.882
P51970,NDUFA8,K127Y,0.762
P51970,NDUFA8,K127I,0.792
P51970,NDUFA8,K127A,0.83
P51970,NDUFA8,K127C,0.719
P51970,NDUFA8,K127D,0.804
P51970,NDUFA8,K127L,0.808
P51970,NDUFA8,K127F,0.742
P51970,NDUFA8,K127G,0.78
P51970,NDUFA8,K127H,0.838
P51970,NDUFA8,K127E,0.917
P51970,NDUFA8,V128M,0.96
P51970,NDUFA8,V128W,0.765
P51970,NDUFA8,V128T,0.937
P51970,NDUFA8,V128S,0.836
P51970,NDUFA8,V128R,0.808
P51970,NDUFA8,V128Q,0.83
P51970,NDUFA8,V128P,0.836
P51970,NDUFA8,V128N,0.808
P51970,NDUFA8,V128Y,0.845
P51970,NDUFA8,V128L,0.938
P51970,NDUFA8,V128I,1.028
P51970,NDUFA8,V128H,0.786
P51970,NDUFA8,V128G,0.827
P51970,NDUFA8,V128F,0.871
P51970,NDUFA8,V128E,0.875
P51970,NDUFA8,V128D,0.821
P51970,NDUFA8,V128C,0.82
P51970,NDUFA8,V128A,0.918
P51970,NDUFA8,V128K,0.84
P51970,NDUFA8,T129N,0.888
P51970,NDUFA8,T129P,0.839
P51970,NDUFA8,T129Q,0.811
P51970,NDUFA8,T129M,0.886
P51970,NDUFA8,T129S,0.919
P51970,NDUFA8,T129V,0.889
P51970,NDUFA8,T129W,0.736
P51970,NDUFA8,T129Y,0.767
P51970,NDUFA8,T129L,0.824
P51970,NDUFA8,T129R,0.826
P51970,NDUFA8,T129I,0.879
P51970,NDUFA8,T129A,0.899
P51970,NDUFA8,T129C,0.794
P51970,NDUFA8,T129D,0.781
P51970,NDUFA8,T129K,0.825
P51970,NDUFA8,T129F,0.776
P51970,NDUFA8,T129G,0.778
P51970,NDUFA8,T129H,0.792
P51970,NDUFA8,T129E,0.802
P51970,NDUFA8,K130P,0.889
P51970,NDUFA8,K130Y,0.841
P51970,NDUFA8,K130W,0.816
P51970,NDUFA8,K130V,0.876
P51970,NDUFA8,K130T,0.942
P51970,NDUFA8,K130S,0.946
P51970,NDUFA8,K130R,1.067
P51970,NDUFA8,K130Q,1.018
P51970,NDUFA8,K130N,0.988
P51970,NDUFA8,K130M,0.949
P51970,NDUFA8,K130L,0.866
P51970,NDUFA8,K130C,0.788
P51970,NDUFA8,K130D,0.894
P51970,NDUFA8,K130E,1.011
P51970,NDUFA8,K130A,0.907
P51970,NDUFA8,K130G,0.856
P51970,NDUFA8,K130H,0.922
P51970,NDUFA8,K130I,0.859
P51970,NDUFA8,K130F,0.806
P51970,NDUFA8,V131M,0.807
P51970,NDUFA8,V131W,0.597
P51970,NDUFA8,V131T,0.745
P51970,NDUFA8,V131S,0.637
P51970,NDUFA8,V131R,0.6
P51970,NDUFA8,V131Q,0.625
P51970,NDUFA8,V131P,0.638
P51970,NDUFA8,V131N,0.604
P51970,NDUFA8,V131L,0.81
P51970,NDUFA8,V131Y,0.674
P51970,NDUFA8,V131I,0.886
P51970,NDUFA8,V131A,0.733
P51970,NDUFA8,V131C,0.657
P51970,NDUFA8,V131D,0.614
P51970,NDUFA8,V131K,0.622
P51970,NDUFA8,V131F,0.736
P51970,NDUFA8,V131G,0.635
P51970,NDUFA8,V131H,0.593
P51970,NDUFA8,V131E,0.667
P51970,NDUFA8,K132N,0.98
P51970,NDUFA8,K132W,0.814
P51970,NDUFA8,K132V,0.872
P51970,NDUFA8,K132T,0.934
P51970,NDUFA8,K132S,0.938
P51970,NDUFA8,K132R,1.062
P51970,NDUFA8,K132Q,1.008
P51970,NDUFA8,K132P,0.879
P51970,NDUFA8,K132M,0.946
P51970,NDUFA8,K132Y,0.838
P51970,NDUFA8,K132I,0.86
P51970,NDUFA8,K132A,0.9
P51970,NDUFA8,K132C,0.784
P51970,NDUFA8,K132D,0.883
P51970,NDUFA8,K132L,0.868
P51970,NDUFA8,K132F,0.808
P51970,NDUFA8,K132G,0.848
P51970,NDUFA8,K132H,0.918
P51970,NDUFA8,K132E,0.999
P51970,NDUFA8,T133M,0.825
P51970,NDUFA8,T133W,0.669
P51970,NDUFA8,T133V,0.828
P51970,NDUFA8,T133S,0.84
P51970,NDUFA8,T133R,0.748
P51970,NDUFA8,T133Q,0.732
P51970,NDUFA8,T133P,0.764
P51970,NDUFA8,T133N,0.807
P51970,NDUFA8,T133Y,0.697
P51970,NDUFA8,T133L,0.768
P51970,NDUFA8,T133I,0.819
P51970,NDUFA8,T133H,0.716
P51970,NDUFA8,T133G,0.702
P51970,NDUFA8,T133F,0.718
P51970,NDUFA8,T133E,0.72
P51970,NDUFA8,T133D,0.699
P51970,NDUFA8,T133C,0.729
P51970,NDUFA8,T133A,0.826
P51970,NDUFA8,T133K,0.744
P51970,NDUFA8,D134P,0.94
P51970,NDUFA8,D134Q,1.012
P51970,NDUFA8,D134R,0.913
P51970,NDUFA8,D134N,1.1
P51970,NDUFA8,D134T,0.976
P51970,NDUFA8,D134V,0.918
P51970,NDUFA8,D134W,0.822
P51970,NDUFA8,D134S,1.022
P51970,NDUFA8,D134M,0.906
P51970,NDUFA8,D134Y,0.954
P51970,NDUFA8,D134K,0.97
P51970,NDUFA8,D134A,0.968
P51970,NDUFA8,D134C,0.88
P51970,NDUFA8,D134E,1.142
P51970,NDUFA8,D134L,0.858
P51970,NDUFA8,D134G,1.016
P51970,NDUFA8,D134H,0.992
P51970,NDUFA8,D134I,0.903
P51970,NDUFA8,D134F,0.915
P51970,NDUFA8,R135W,0.628
P51970,NDUFA8,R135V,0.594
P51970,NDUFA8,R135T,0.649
P51970,NDUFA8,R135S,0.64
P51970,NDUFA8,R135Q,0.732
P51970,NDUFA8,R135P,0.589
P51970,NDUFA8,R135N,0.669
P51970,NDUFA8,R135M,0.678
P51970,NDUFA8,R135L,0.665
P51970,NDUFA8,R135Y,0.612
P51970,NDUFA8,R135I,0.609
P51970,NDUFA8,R135A,0.602
P51970,NDUFA8,R135C,0.646
P51970,NDUFA8,R135D,0.529
P51970,NDUFA8,R135K,0.772
P51970,NDUFA8,R135F,0.56
P51970,NDUFA8,R135G,0.617
P51970,NDUFA8,R135H,0.721
P51970,NDUFA8,R135E,0.624
P51970,NDUFA8,P136M,0.784
P51970,NDUFA8,P136W,0.652
P51970,NDUFA8,P136V,0.784
P51970,NDUFA8,P136T,0.851
P51970,NDUFA8,P136S,0.86
P51970,NDUFA8,P136R,0.793
P51970,NDUFA8,P136Q,0.86
P51970,NDUFA8,P136N,0.772
P51970,NDUFA8,P136Y,0.734
P51970,NDUFA8,P136L,0.797
P51970,NDUFA8,P136I,0.746
P51970,NDUFA8,P136K,0.8
P51970,NDUFA8,P136A,0.862
P51970,NDUFA8,P136C,0.696
P51970,NDUFA8,P136D,0.778
P51970,NDUFA8,P136F,0.689
P51970,NDUFA8,P136G,0.754
P51970,NDUFA8,P136H,0.802
P51970,NDUFA8,P136E,0.808
P51970,NDUFA8,L137Y,0.868
P51970,NDUFA8,L137W,0.833
P51970,NDUFA8,L137V,0.962
P51970,NDUFA8,L137T,0.875
P51970,NDUFA8,L137S,0.857
P51970,NDUFA8,L137R,0.863
P51970,NDUFA8,L137Q,0.88
P51970,NDUFA8,L137P,0.856
P51970,NDUFA8,L137N,0.788
P51970,NDUFA8,L137M,1.015
P51970,NDUFA8,L137I,0.994
P51970,NDUFA8,L137A,0.859
P51970,NDUFA8,L137C,0.822
P51970,NDUFA8,L137D,0.75
P51970,NDUFA8,L137K,0.83
P51970,NDUFA8,L137F,0.933
P51970,NDUFA8,L137G,0.726
P51970,NDUFA8,L137H,0.846
P51970,NDUFA8,L137E,0.798
P51970,NDUFA8,P138M,0.67
P51970,NDUFA8,P138W,0.488
P51970,NDUFA8,P138V,0.674
P51970,NDUFA8,P138T,0.72
P51970,NDUFA8,P138S,0.724
P51970,NDUFA8,P138R,0.642
P51970,NDUFA8,P138Q,0.718
P51970,NDUFA8,P138N,0.628
P51970,NDUFA8,P138L,0.675
P51970,NDUFA8,P138Y,0.583
P51970,NDUFA8,P138I,0.614
P51970,NDUFA8,P138A,0.732
P51970,NDUFA8,P138C,0.571
P51970,NDUFA8,P138D,0.631
P51970,NDUFA8,P138K,0.66
P51970,NDUFA8,P138F,0.55
P51970,NDUFA8,P138G,0.623
P51970,NDUFA8,P138H,0.659
P51970,NDUFA8,P138E,0.658
P51970,NDUFA8,E139N,0.978
P51970,NDUFA8,E139W,0.828
P51970,NDUFA8,E139V,0.935
P51970,NDUFA8,E139T,0.941
P51970,NDUFA8,E139S,0.96
P51970,NDUFA8,E139R,0.968
P51970,NDUFA8,E139Q,1.089
P51970,NDUFA8,E139P,0.924
P51970,NDUFA8,E139Y,0.879
P51970,NDUFA8,E139M,0.904
P51970,NDUFA8,E139K,1.046
P51970,NDUFA8,E139I,0.885
P51970,NDUFA8,E139H,0.971
P51970,NDUFA8,E139G,0.935
P51970,NDUFA8,E139F,0.836
P51970,NDUFA8,E139D,1.1
P51970,NDUFA8,E139C,0.802
P51970,NDUFA8,E139A,0.971
P51970,NDUFA8,E139L,0.863
P51970,NDUFA8,N140Q,0.922
P51970,NDUFA8,N140R,0.908
P51970,NDUFA8,N140S,1.01
P51970,NDUFA8,N140P,0.813
P51970,NDUFA8,N140V,0.814
P51970,NDUFA8,N140W,0.733
P51970,NDUFA8,N140Y,0.865
P51970,NDUFA8,N140T,0.964
P51970,NDUFA8,N140M,0.854
P51970,NDUFA8,N140L,0.798
P51970,NDUFA8,N140K,0.936
P51970,NDUFA8,N140C,0.826
P51970,NDUFA8,N140D,0.991
P51970,NDUFA8,N140E,0.896
P51970,NDUFA8,N140A,0.861
P51970,NDUFA8,N140G,0.936
P51970,NDUFA8,N140H,0.993
P51970,NDUFA8,N140I,0.834
P51970,NDUFA8,N140F,0.826
P51970,NDUFA8,P141N,0.81
P51970,NDUFA8,P141Y,0.784
P51970,NDUFA8,P141W,0.703
P51970,NDUFA8,P141V,0.845
P51970,NDUFA8,P141T,0.897
P51970,NDUFA8,P141S,0.903
P51970,NDUFA8,P141R,0.823
P51970,NDUFA8,P141Q,0.899
P51970,NDUFA8,P141M,0.843
P51970,NDUFA8,P141L,0.865
P51970,NDUFA8,P141K,0.829
P51970,NDUFA8,P141C,0.753
P51970,NDUFA8,P141D,0.818
P51970,NDUFA8,P141E,0.846
P51970,NDUFA8,P141A,0.91
P51970,NDUFA8,P141G,0.804
P51970,NDUFA8,P141H,0.842
P51970,NDUFA8,P141I,0.805
P51970,NDUFA8,P141F,0.752
P51970,NDUFA8,Y142M,0.905
P51970,NDUFA8,Y142V,0.88
P51970,NDUFA8,Y142T,0.88
P51970,NDUFA8,Y142S,0.898
P51970,NDUFA8,Y142R,0.85
P51970,NDUFA8,Y142Q,0.929
P51970,NDUFA8,Y142P,0.846
P51970,NDUFA8,Y142N,0.893
P51970,NDUFA8,Y142L,0.905
P51970,NDUFA8,Y142W,0.946
P51970,NDUFA8,Y142I,0.885
P51970,NDUFA8,Y142A,0.871
P51970,NDUFA8,Y142C,0.918
P51970,NDUFA8,Y142D,0.863
P51970,NDUFA8,Y142K,0.852
P51970,NDUFA8,Y142F,1.084
P51970,NDUFA8,Y142G,0.798
P51970,NDUFA8,Y142H,1.055
P51970,NDUFA8,Y142E,0.87
P51970,NDUFA8,H143N,1.025
P51970,NDUFA8,H143W,0.878
P51970,NDUFA8,H143V,0.82
P51970,NDUFA8,H143T,0.881
P51970,NDUFA8,H143S,0.913
P51970,NDUFA8,H143R,1.008
P51970,NDUFA8,H143Q,1.003
P51970,NDUFA8,H143P,0.898
P51970,NDUFA8,H143M,0.888
P51970,NDUFA8,H143Y,1.042
P51970,NDUFA8,H143K,0.928
P51970,NDUFA8,H143A,0.859
P51970,NDUFA8,H143C,0.886
P51970,NDUFA8,H143D,0.944
P51970,NDUFA8,H143L,0.867
P51970,NDUFA8,H143F,0.917
P51970,NDUFA8,H143G,0.871
P51970,NDUFA8,H143I,0.828
P51970,NDUFA8,H143E,0.936
P51970,NDUFA8,S144M,0.909
P51970,NDUFA8,S144W,0.806
P51970,NDUFA8,S144V,0.881
P51970,NDUFA8,S144T,1.014
P51970,NDUFA8,S144R,0.908
P51970,NDUFA8,S144Q,0.926
P51970,NDUFA8,S144P,0.937
P51970,NDUFA8,S144N,1.032
P51970,NDUFA8,S144Y,0.886
P51970,NDUFA8,S144L,0.899
P51970,NDUFA8,S144I,0.885
P51970,NDUFA8,S144H,0.893
P51970,NDUFA8,S144G,0.972
P51970,NDUFA8,S144F,0.915
P51970,NDUFA8,S144E,0.914
P51970,NDUFA8,S144D,0.932
P51970,NDUFA8,S144C,0.932
P51970,NDUFA8,S144A,1.006
P51970,NDUFA8,S144K,0.928
P51970,NDUFA8,R145N,1.022
P51970,NDUFA8,R145P,0.938
P51970,NDUFA8,R145Q,1.088
P51970,NDUFA8,R145M,0.982
P51970,NDUFA8,R145T,0.988
P51970,NDUFA8,R145V,0.897
P51970,NDUFA8,R145W,0.945
P51970,NDUFA8,R145S,0.986
P51970,NDUFA8,R145L,0.946
P51970,NDUFA8,R145Y,0.937
P51970,NDUFA8,R145I,0.906
P51970,NDUFA8,R145A,0.94
P51970,NDUFA8,R145C,0.955
P51970,NDUFA8,R145D,0.893
P51970,NDUFA8,R145K,1.127
P51970,NDUFA8,R145F,0.85
P51970,NDUFA8,R145G,0.96
P51970,NDUFA8,R145H,1.058
P51970,NDUFA8,R145E,0.992
P51970,NDUFA8,P146W,0.798
P51970,NDUFA8,P146V,0.928
P51970,NDUFA8,P146T,0.996
P51970,NDUFA8,P146S,1.005
P51970,NDUFA8,P146R,0.938
P51970,NDUFA8,P146Q,1.006
P51970,NDUFA8,P146N,0.916
P51970,NDUFA8,P146M,0.93
P51970,NDUFA8,P146L,0.942
P51970,NDUFA8,P146Y,0.88
P51970,NDUFA8,P146I,0.891
P51970,NDUFA8,P146A,1.007
P51970,NDUFA8,P146C,0.84
P51970,NDUFA8,P146D,0.924
P51970,NDUFA8,P146K,0.946
P51970,NDUFA8,P146F,0.834
P51970,NDUFA8,P146G,0.899
P51970,NDUFA8,P146H,0.948
P51970,NDUFA8,P146E,0.953
P51970,NDUFA8,R147M,0.963
P51970,NDUFA8,R147W,0.926
P51970,NDUFA8,R147V,0.879
P51970,NDUFA8,R147T,0.962
P51970,NDUFA8,R147S,0.96
P51970,NDUFA8,R147Q,1.06
P51970,NDUFA8,R147P,0.91
P51970,NDUFA8,R147N,0.994
P51970,NDUFA8,R147Y,0.916
P51970,NDUFA8,R147L,0.932
P51970,NDUFA8,R147I,0.89
P51970,NDUFA8,R147K,1.096
P51970,NDUFA8,R147A,0.915
P51970,NDUFA8,R147C,0.936
P51970,NDUFA8,R147D,0.865
P51970,NDUFA8,R147F,0.837
P51970,NDUFA8,R147G,0.934
P51970,NDUFA8,R147H,1.034
P51970,NDUFA8,R147E,0.964
P51970,NDUFA8,P148Y,0.762
P51970,NDUFA8,P148W,0.68
P51970,NDUFA8,P148V,0.811
P51970,NDUFA8,P148T,0.879
P51970,NDUFA8,P148S,0.888
P51970,NDUFA8,P148R,0.82
P51970,NDUFA8,P148Q,0.889
P51970,NDUFA8,P148N,0.799
P51970,NDUFA8,P148M,0.812
P51970,NDUFA8,P148L,0.824
P51970,NDUFA8,P148I,0.774
P51970,NDUFA8,P148A,0.89
P51970,NDUFA8,P148C,0.722
P51970,NDUFA8,P148D,0.806
P51970,NDUFA8,P148K,0.828
P51970,NDUFA8,P148F,0.717
P51970,NDUFA8,P148G,0.782
P51970,NDUFA8,P148H,0.83
P51970,NDUFA8,P148E,0.835
P51970,NDUFA8,D149N,1.087
P51970,NDUFA8,D149W,0.8
P51970,NDUFA8,D149V,0.897
P51970,NDUFA8,D149T,0.962
P51970,NDUFA8,D149S,1.009
P51970,NDUFA8,D149R,0.904
P51970,NDUFA8,D149Q,0.998
P51970,NDUFA8,D149P,0.928
P51970,NDUFA8,D149M,0.885
P51970,NDUFA8,D149Y,0.932
P51970,NDUFA8,D149K,0.964
P51970,NDUFA8,D149A,0.954
P51970,NDUFA8,D149C,0.862
P51970,NDUFA8,D149E,1.126
P51970,NDUFA8,D149L,0.832
P51970,NDUFA8,D149G,1.003
P51970,NDUFA8,D149H,0.978
P51970,NDUFA8,D149I,0.88
P51970,NDUFA8,D149F,0.89
P51970,NDUFA8,P150M,0.849
P51970,NDUFA8,P150W,0.718
P51970,NDUFA8,P150V,0.849
P51970,NDUFA8,P150T,0.917
P51970,NDUFA8,P150S,0.926
P51970,NDUFA8,P150R,0.859
P51970,NDUFA8,P150Q,0.926
P51970,NDUFA8,P150N,0.837
P51970,NDUFA8,P150Y,0.8
P51970,NDUFA8,P150L,0.862
P51970,NDUFA8,P150I,0.812
P51970,NDUFA8,P150H,0.868
P51970,NDUFA8,P150G,0.819
P51970,NDUFA8,P150F,0.755
P51970,NDUFA8,P150E,0.874
P51970,NDUFA8,P150D,0.844
P51970,NDUFA8,P150C,0.761
P51970,NDUFA8,P150A,0.928
P51970,NDUFA8,P150K,0.866
P51970,NDUFA8,S151P,1.081
P51970,NDUFA8,S151Q,1.065
P51970,NDUFA8,S151Y,1.023
P51970,NDUFA8,S151N,1.199
P51970,NDUFA8,S151T,1.176
P51970,NDUFA8,S151V,1.001
P51970,NDUFA8,S151W,0.933
P51970,NDUFA8,S151R,1.052
P51970,NDUFA8,S151M,1.039
P51970,NDUFA8,S151F,1.038
P51970,NDUFA8,S151K,1.074
P51970,NDUFA8,S151A,1.168
P51970,NDUFA8,S151C,1.091
P51970,NDUFA8,S151D,1.066
P51970,NDUFA8,S151L,1.014
P51970,NDUFA8,S151G,1.121
P51970,NDUFA8,S151H,1.029
P51970,NDUFA8,S151I,1.007
P51970,NDUFA8,S151E,1.05
P51970,NDUFA8,P152N,0.819
P51970,NDUFA8,P152Y,0.782
P51970,NDUFA8,P152W,0.7
P51970,NDUFA8,P152V,0.83
P51970,NDUFA8,P152T,0.898
P51970,NDUFA8,P152S,0.908
P51970,NDUFA8,P152R,0.841
P51970,NDUFA8,P152Q,0.909
P51970,NDUFA8,P152M,0.831
P51970,NDUFA8,P152L,0.844
P51970,NDUFA8,P152K,0.848
P51970,NDUFA8,P152C,0.742
P51970,NDUFA8,P152D,0.826
P51970,NDUFA8,P152E,0.855
P51970,NDUFA8,P152A,0.909
P51970,NDUFA8,P152G,0.801
P51970,NDUFA8,P152H,0.85
P51970,NDUFA8,P152I,0.794
P51970,NDUFA8,P152F,0.737
P51970,NDUFA8,E153N,1.104
P51970,NDUFA8,E153W,0.963
P51970,NDUFA8,E153V,1.074
P51970,NDUFA8,E153T,1.068
P51970,NDUFA8,E153S,1.086
P51970,NDUFA8,E153R,1.098
P51970,NDUFA8,E153Q,1.239
P51970,NDUFA8,E153P,1.049
P51970,NDUFA8,E153M,1.038
P51970,NDUFA8,E153Y,1.012
P51970,NDUFA8,E153K,1.186
P51970,NDUFA8,E153A,1.108
P51970,NDUFA8,E153C,0.933
P51970,NDUFA8,E153D,1.25
P51970,NDUFA8,E153L,1.002
P51970,NDUFA8,E153G,1.066
P51970,NDUFA8,E153H,1.1
P51970,NDUFA8,E153I,1.021
P51970,NDUFA8,E153F,0.974
P51970,NDUFA8,I154N,0.919
P51970,NDUFA8,I154W,0.857
P51970,NDUFA8,I154V,1.149
P51970,NDUFA8,I154T,1.004
P51970,NDUFA8,I154S,0.928
P51970,NDUFA8,I154R,0.894
P51970,NDUFA8,I154Q,0.87
P51970,NDUFA8,I154P,0.867
P51970,NDUFA8,I154M,1.07
P51970,NDUFA8,I154Y,0.964
P51970,NDUFA8,I154K,0.893
P51970,NDUFA8,I154A,0.958
P51970,NDUFA8,I154C,0.941
P51970,NDUFA8,I154D,0.856
P51970,NDUFA8,I154L,1.086
P51970,NDUFA8,I154F,1.006
P51970,NDUFA8,I154G,0.824
P51970,NDUFA8,I154H,0.869
P51970,NDUFA8,I154E,0.876
P51970,NDUFA8,E155N,1.018
P51970,NDUFA8,E155W,0.876
P51970,NDUFA8,E155V,0.981
P51970,NDUFA8,E155T,0.982
P51970,NDUFA8,E155S,0.998
P51970,NDUFA8,E155R,1.011
P51970,NDUFA8,E155Q,1.128
P51970,NDUFA8,E155P,0.962
P51970,NDUFA8,E155Y,0.926
P51970,NDUFA8,E155M,0.952
P51970,NDUFA8,E155K,1.086
P51970,NDUFA8,E155I,0.934
P51970,NDUFA8,E155H,1.014
P51970,NDUFA8,E155G,0.972
P51970,NDUFA8,E155F,0.888
P51970,NDUFA8,E155D,1.136
P51970,NDUFA8,E155C,0.846
P51970,NDUFA8,E155A,1.01
P51970,NDUFA8,E155L,0.914
P51970,NDUFA8,G156P,0.91
P51970,NDUFA8,G156Q,0.938
P51970,NDUFA8,G156R,0.972
P51970,NDUFA8,G156N,1.037
P51970,NDUFA8,G156T,0.938
P51970,NDUFA8,G156V,0.924
P51970,NDUFA8,G156W,0.936
P51970,NDUFA8,G156S,1.054
P51970,NDUFA8,G156M,0.839
P51970,NDUFA8,G156Y,0.883
P51970,NDUFA8,G156K,0.938
P51970,NDUFA8,G156A,1.03
P51970,NDUFA8,G156C,0.921
P51970,NDUFA8,G156D,1.008
P51970,NDUFA8,G156L,0.819
P51970,NDUFA8,G156F,0.897
P51970,NDUFA8,G156H,0.933
P51970,NDUFA8,G156I,0.848
P51970,NDUFA8,G156E,0.97
P51970,NDUFA8,D157W,0.835
P51970,NDUFA8,D157V,0.934
P51970,NDUFA8,D157T,0.992
P51970,NDUFA8,D157S,1.037
P51970,NDUFA8,D157R,0.93
P51970,NDUFA8,D157Q,1.024
P51970,NDUFA8,D157P,0.958
P51970,NDUFA8,D157N,1.114
P51970,NDUFA8,D157M,0.922
P51970,NDUFA8,D157Y,0.966
P51970,NDUFA8,D157K,0.989
P51970,NDUFA8,D157A,0.984
P51970,NDUFA8,D157C,0.898
P51970,NDUFA8,D157E,1.152
P51970,NDUFA8,D157L,0.874
P51970,NDUFA8,D157G,1.032
P51970,NDUFA8,D157H,1.007
P51970,NDUFA8,D157I,0.918
P51970,NDUFA8,D157F,0.93
P51970,NDUFA8,L158N,0.86
P51970,NDUFA8,L158W,0.898
P51970,NDUFA8,L158V,1.024
P51970,NDUFA8,L158T,0.944
P51970,NDUFA8,L158S,0.928
P51970,NDUFA8,L158R,0.931
P51970,NDUFA8,L158Q,0.952
P51970,NDUFA8,L158P,0.928
P51970,NDUFA8,L158Y,0.934
P51970,NDUFA8,L158M,1.078
P51970,NDUFA8,L158I,1.056
P51970,NDUFA8,L158K,0.9
P51970,NDUFA8,L158A,0.93
P51970,NDUFA8,L158C,0.888
P51970,NDUFA8,L158D,0.824
P51970,NDUFA8,L158F,0.994
P51970,NDUFA8,L158G,0.797
P51970,NDUFA8,L158H,0.914
P51970,NDUFA8,L158E,0.873
P51970,NDUFA8,Q159Y,1.016
P51970,NDUFA8,Q159W,0.95
P51970,NDUFA8,Q159V,0.996
P51970,NDUFA8,Q159T,1.044
P51970,NDUFA8,Q159S,1.057
P51970,NDUFA8,Q159R,1.163
P51970,NDUFA8,Q159P,1.058
P51970,NDUFA8,Q159N,1.076
P51970,NDUFA8,Q159M,1.095
P51970,NDUFA8,Q159L,1.034
P51970,NDUFA8,Q159I,0.964
P51970,NDUFA8,Q159A,1.034
P51970,NDUFA8,Q159C,0.949
P51970,NDUFA8,Q159D,1.048
P51970,NDUFA8,Q159K,1.14
P51970,NDUFA8,Q159F,0.947
P51970,NDUFA8,Q159G,0.98
P51970,NDUFA8,Q159H,1.136
P51970,NDUFA8,Q159E,1.168
P51970,NDUFA8,P160M,0.858
P51970,NDUFA8,P160W,0.728
P51970,NDUFA8,P160V,0.857
P51970,NDUFA8,P160T,0.925
P51970,NDUFA8,P160S,0.934
P51970,NDUFA8,P160R,0.868
P51970,NDUFA8,P160Q,0.936
P51970,NDUFA8,P160N,0.845
P51970,NDUFA8,P160L,0.869
P51970,NDUFA8,P160Y,0.81
P51970,NDUFA8,P160I,0.82
P51970,NDUFA8,P160A,0.936
P51970,NDUFA8,P160C,0.77
P51970,NDUFA8,P160D,0.852
P51970,NDUFA8,P160K,0.874
P51970,NDUFA8,P160F,0.762
P51970,NDUFA8,P160G,0.827
P51970,NDUFA8,P160H,0.876
P51970,NDUFA8,P160E,0.883
P51970,NDUFA8,A161N,0.853
P51970,NDUFA8,A161W,0.79
P51970,NDUFA8,A161V,0.97
P51970,NDUFA8,A161T,0.972
P51970,NDUFA8,A161S,0.983
P51970,NDUFA8,A161R,0.845
P51970,NDUFA8,A161Q,0.872
P51970,NDUFA8,A161P,0.916
P51970,NDUFA8,A161Y,0.836
P51970,NDUFA8,A161M,0.908
P51970,NDUFA8,A161K,0.858
P51970,NDUFA8,A161I,0.892
P51970,NDUFA8,A161H,0.818
P51970,NDUFA8,A161G,0.936
P51970,NDUFA8,A161F,0.836
P51970,NDUFA8,A161E,0.9
P51970,NDUFA8,A161D,0.858
P51970,NDUFA8,A161C,0.912
P51970,NDUFA8,A161L,0.883
P51970,NDUFA8,T162P,0.989
P51970,NDUFA8,T162Q,0.962
P51970,NDUFA8,T162Y,0.895
P51970,NDUFA8,T162N,1.038
P51970,NDUFA8,T162S,1.068
P51970,NDUFA8,T162V,1.01
P51970,NDUFA8,T162W,0.827
P51970,NDUFA8,T162R,0.976
P51970,NDUFA8,T162M,1.009
P51970,NDUFA8,T162F,0.886
P51970,NDUFA8,T162K,0.984
P51970,NDUFA8,T162A,1.039
P51970,NDUFA8,T162C,0.923
P51970,NDUFA8,T162D,0.922
P51970,NDUFA8,T162L,0.931
P51970,NDUFA8,T162G,0.925
P51970,NDUFA8,T162H,0.935
P51970,NDUFA8,T162I,0.992
P51970,NDUFA8,T162E,0.949
P51970,NDUFA8,H163P,0.97
P51970,NDUFA8,H163Y,1.112
P51970,NDUFA8,H163W,0.946
P51970,NDUFA8,H163V,0.886
P51970,NDUFA8,H163T,0.951
P51970,NDUFA8,H163S,0.986
P51970,NDUFA8,H163R,1.084
P51970,NDUFA8,H163Q,1.078
P51970,NDUFA8,H163N,1.098
P51970,NDUFA8,H163M,0.954
P51970,NDUFA8,H163L,0.928
P51970,NDUFA8,H163C,0.953
P51970,NDUFA8,H163D,1.017
P51970,NDUFA8,H163E,1.01
P51970,NDUFA8,H163A,0.93
P51970,NDUFA8,H163G,0.941
P51970,NDUFA8,H163I,0.894
P51970,NDUFA8,H163K,1.003
P51970,NDUFA8,H163F,0.979
P51970,NDUFA8,G164N,0.874
P51970,NDUFA8,G164W,0.773
P51970,NDUFA8,G164V,0.78
P51970,NDUFA8,G164T,0.782
P51970,NDUFA8,G164S,0.896
P51970,NDUFA8,G164R,0.802
P51970,NDUFA8,G164Q,0.772
P51970,NDUFA8,G164P,0.752
P51970,NDUFA8,G164M,0.689
P51970,NDUFA8,G164Y,0.719
P51970,NDUFA8,G164K,0.771
P51970,NDUFA8,G164A,0.88
P51970,NDUFA8,G164C,0.774
P51970,NDUFA8,G164D,0.843
P51970,NDUFA8,G164L,0.676
P51970,NDUFA8,G164F,0.746
P51970,NDUFA8,G164H,0.768
P51970,NDUFA8,G164I,0.694
P51970,NDUFA8,G164E,0.802
P51970,NDUFA8,S165M,0.911
P51970,NDUFA8,S165W,0.8
P51970,NDUFA8,S165V,0.88
P51970,NDUFA8,S165T,1.002
P51970,NDUFA8,S165R,0.898
P51970,NDUFA8,S165Q,0.914
P51970,NDUFA8,S165P,0.931
P51970,NDUFA8,S165N,1.018
P51970,NDUFA8,S165L,0.898
P51970,NDUFA8,S165Y,0.878
P51970,NDUFA8,S165I,0.884
P51970,NDUFA8,S165A,1.001
P51970,NDUFA8,S165C,0.93
P51970,NDUFA8,S165D,0.912
P51970,NDUFA8,S165K,0.918
P51970,NDUFA8,S165F,0.914
P51970,NDUFA8,S165G,0.963
P51970,NDUFA8,S165H,0.886
P51970,NDUFA8,S165E,0.896
P51970,NDUFA8,R166M,0.892
P51970,NDUFA8,R166W,0.849
P51970,NDUFA8,R166V,0.808
P51970,NDUFA8,R166T,0.889
P51970,NDUFA8,R166S,0.886
P51970,NDUFA8,R166Q,0.984
P51970,NDUFA8,R166P,0.837
P51970,NDUFA8,R166N,0.918
P51970,NDUFA8,R166Y,0.839
P51970,NDUFA8,R166L,0.861
P51970,NDUFA8,R166I,0.817
P51970,NDUFA8,R166H,0.957
P51970,NDUFA8,R166G,0.862
P51970,NDUFA8,R166F,0.762
P51970,NDUFA8,R166E,0.886
P51970,NDUFA8,R166D,0.788
P51970,NDUFA8,R166C,0.863
P51970,NDUFA8,R166A,0.844
P51970,NDUFA8,R166K,1.02
P51970,NDUFA8,F167P,0.837
P51970,NDUFA8,F167Q,0.889
P51970,NDUFA8,F167R,0.876
P51970,NDUFA8,F167N,0.856
P51970,NDUFA8,F167T,0.922
P51970,NDUFA8,F167V,0.964
P51970,NDUFA8,F167W,0.974
P51970,NDUFA8,F167Y,1.117
P51970,NDUFA8,F167M,0.974
P51970,NDUFA8,F167S,0.93
P51970,NDUFA8,F167K,0.859
P51970,NDUFA8,F167A,0.918
P51970,NDUFA8,F167C,0.932
P51970,NDUFA8,F167D,0.886
P51970,NDUFA8,F167L,1.022
P51970,NDUFA8,F167G,0.838
P51970,NDUFA8,F167H,0.949
P51970,NDUFA8,F167I,1.0
P51970,NDUFA8,F167E,0.847
P51970,NDUFA8,Y168M,0.99
P51970,NDUFA8,Y168V,0.964
P51970,NDUFA8,Y168T,0.972
P51970,NDUFA8,Y168S,0.99
P51970,NDUFA8,Y168R,0.95
P51970,NDUFA8,Y168Q,1.023
P51970,NDUFA8,Y168P,0.94
P51970,NDUFA8,Y168N,0.987
P51970,NDUFA8,Y168L,0.986
P51970,NDUFA8,Y168W,1.036
P51970,NDUFA8,Y168I,0.97
P51970,NDUFA8,Y168A,0.962
P51970,NDUFA8,Y168C,1.005
P51970,NDUFA8,Y168D,0.954
P51970,NDUFA8,Y168K,0.952
P51970,NDUFA8,Y168F,1.167
P51970,NDUFA8,Y168G,0.888
P51970,NDUFA8,Y168H,1.15
P51970,NDUFA8,Y168E,0.962
P51970,NDUFA8,F169N,0.914
P51970,NDUFA8,F169W,1.018
P51970,NDUFA8,F169V,0.997
P51970,NDUFA8,F169T,0.974
P51970,NDUFA8,F169S,0.986
P51970,NDUFA8,F169R,0.936
P51970,NDUFA8,F169Q,0.948
P51970,NDUFA8,F169P,0.888
P51970,NDUFA8,F169Y,1.163
P51970,NDUFA8,F169M,1.008
P51970,NDUFA8,F169K,0.923
P51970,NDUFA8,F169I,1.032
P51970,NDUFA8,F169H,1.001
P51970,NDUFA8,F169G,0.887
P51970,NDUFA8,F169E,0.907
P51970,NDUFA8,F169D,0.945
P51970,NDUFA8,F169C,0.968
P51970,NDUFA8,F169A,0.966
P51970,NDUFA8,F169L,1.046
P51970,NDUFA8,W170P,0.778
P51970,NDUFA8,W170Q,0.916
P51970,NDUFA8,W170Y,1.007
P51970,NDUFA8,W170N,0.745
P51970,NDUFA8,W170S,0.826
P51970,NDUFA8,W170T,0.851
P51970,NDUFA8,W170V,0.794
P51970,NDUFA8,W170R,0.87
P51970,NDUFA8,W170M,0.93
P51970,NDUFA8,W170F,0.982
P51970,NDUFA8,W170K,0.836
P51970,NDUFA8,W170I,0.769
P51970,NDUFA8,W170H,0.81
P51970,NDUFA8,W170G,0.852
P51970,NDUFA8,W170E,0.835
P51970,NDUFA8,W170D,0.688
P51970,NDUFA8,W170C,0.852
P51970,NDUFA8,W170A,0.781
P51970,NDUFA8,W170L,0.874
P51970,NDUFA8,T171N,1.165
P51970,NDUFA8,T171P,1.115
P51970,NDUFA8,T171Q,1.088
P51970,NDUFA8,T171Y,1.022
P51970,NDUFA8,T171V,1.136
P51970,NDUFA8,T171W,0.959
P51970,NDUFA8,T171M,1.136
P51970,NDUFA8,T171S,1.195
P51970,NDUFA8,T171L,1.057
P51970,NDUFA8,T171R,1.104
P51970,NDUFA8,T171I,1.12
P51970,NDUFA8,T171H,1.062
P51970,NDUFA8,T171G,1.05
P51970,NDUFA8,T171F,1.012
P51970,NDUFA8,T171E,1.08
P51970,NDUFA8,T171D,1.052
P51970,NDUFA8,T171C,1.05
P51970,NDUFA8,T171A,1.166
P51970,NDUFA8,T171K,1.111
P51970,NDUFA8,K172P,0.964
P51970,NDUFA8,K172Q,1.154
P51970,NDUFA8,K172V,0.986
P51970,NDUFA8,K172S,1.042
P51970,NDUFA8,K172T,1.064
P51970,NDUFA8,K172N,1.115
P51970,NDUFA8,K172R,1.217
P51970,NDUFA8,K172M,1.078
P51970,NDUFA8,K172F,0.9
P51970,NDUFA8,K172I,0.981
P51970,NDUFA8,K172H,1.038
P51970,NDUFA8,K172G,0.936
P51970,NDUFA8,K172E,1.128
P51970,NDUFA8,K172D,0.978
P51970,NDUFA8,K172C,0.918
P51970,NDUFA8,K172A,1.006
P51970,NDUFA8,K172W,0.962
P51970,NDUFA8,K172L,0.976
P51970,NDUFA8,K172Y,0.941
