Uniprot ID,Gene Symbol,variant,QAFI_predictions
P55017,SLC12A3,M1A,0.988
P55017,SLC12A3,M1Y,0.939
P55017,SLC12A3,M1W,0.954
P55017,SLC12A3,M1V,1.083
P55017,SLC12A3,M1T,1.038
P55017,SLC12A3,M1S,0.952
P55017,SLC12A3,M1Q,0.996
P55017,SLC12A3,M1P,0.888
P55017,SLC12A3,M1N,0.926
P55017,SLC12A3,M1R,0.978
P55017,SLC12A3,M1K,0.992
P55017,SLC12A3,M1L,1.09
P55017,SLC12A3,M1D,0.822
P55017,SLC12A3,M1E,0.919
P55017,SLC12A3,M1F,0.978
P55017,SLC12A3,M1C,0.934
P55017,SLC12A3,M1H,0.929
P55017,SLC12A3,M1I,1.08
P55017,SLC12A3,M1G,0.85
P55017,SLC12A3,A2N,0.952
P55017,SLC12A3,A2Y,0.924
P55017,SLC12A3,A2W,0.841
P55017,SLC12A3,A2V,1.064
P55017,SLC12A3,A2T,1.075
P55017,SLC12A3,A2S,1.076
P55017,SLC12A3,A2Q,0.955
P55017,SLC12A3,A2P,1.002
P55017,SLC12A3,A2M,1.007
P55017,SLC12A3,A2R,0.922
P55017,SLC12A3,A2K,0.94
P55017,SLC12A3,A2D,0.947
P55017,SLC12A3,A2E,0.988
P55017,SLC12A3,A2F,0.918
P55017,SLC12A3,A2C,1.02
P55017,SLC12A3,A2H,0.903
P55017,SLC12A3,A2I,0.994
P55017,SLC12A3,A2G,1.04
P55017,SLC12A3,A2L,0.966
P55017,SLC12A3,E3Y,0.928
P55017,SLC12A3,E3N,0.99
P55017,SLC12A3,E3W,0.858
P55017,SLC12A3,E3V,0.981
P55017,SLC12A3,E3T,0.963
P55017,SLC12A3,E3S,0.964
P55017,SLC12A3,E3R,0.988
P55017,SLC12A3,E3Q,1.103
P55017,SLC12A3,E3P,0.932
P55017,SLC12A3,E3M,0.956
P55017,SLC12A3,E3K,1.059
P55017,SLC12A3,E3I,0.94
P55017,SLC12A3,E3H,0.986
P55017,SLC12A3,E3G,0.978
P55017,SLC12A3,E3F,0.862
P55017,SLC12A3,E3D,1.11
P55017,SLC12A3,E3C,0.85
P55017,SLC12A3,E3A,1.008
P55017,SLC12A3,E3L,0.904
P55017,SLC12A3,L4P,0.95
P55017,SLC12A3,L4Q,0.98
P55017,SLC12A3,L4S,0.948
P55017,SLC12A3,L4N,0.897
P55017,SLC12A3,L4V,1.054
P55017,SLC12A3,L4W,0.956
P55017,SLC12A3,L4Y,0.958
P55017,SLC12A3,L4T,0.962
P55017,SLC12A3,L4M,1.105
P55017,SLC12A3,L4R,0.959
P55017,SLC12A3,L4I,1.081
P55017,SLC12A3,L4A,0.951
P55017,SLC12A3,L4C,0.946
P55017,SLC12A3,L4D,0.839
P55017,SLC12A3,L4E,0.888
P55017,SLC12A3,L4K,0.923
P55017,SLC12A3,L4G,0.818
P55017,SLC12A3,L4H,0.947
P55017,SLC12A3,L4F,1.034
P55017,SLC12A3,P5Q,0.99
P55017,SLC12A3,P5Y,0.888
P55017,SLC12A3,P5W,0.782
P55017,SLC12A3,P5V,0.918
P55017,SLC12A3,P5T,0.983
P55017,SLC12A3,P5S,0.992
P55017,SLC12A3,P5R,0.923
P55017,SLC12A3,P5N,0.889
P55017,SLC12A3,P5M,0.93
P55017,SLC12A3,P5L,0.952
P55017,SLC12A3,P5K,0.906
P55017,SLC12A3,P5C,0.885
P55017,SLC12A3,P5D,0.876
P55017,SLC12A3,P5E,0.917
P55017,SLC12A3,P5A,1.004
P55017,SLC12A3,P5G,0.867
P55017,SLC12A3,P5H,0.946
P55017,SLC12A3,P5I,0.89
P55017,SLC12A3,P5F,0.868
P55017,SLC12A3,T6M,1.184
P55017,SLC12A3,T6W,0.934
P55017,SLC12A3,T6V,1.157
P55017,SLC12A3,T6S,1.203
P55017,SLC12A3,T6R,1.096
P55017,SLC12A3,T6Q,1.076
P55017,SLC12A3,T6P,1.094
P55017,SLC12A3,T6N,1.163
P55017,SLC12A3,T6Y,1.039
P55017,SLC12A3,T6L,1.078
P55017,SLC12A3,T6I,1.169
P55017,SLC12A3,T6A,1.2
P55017,SLC12A3,T6C,1.104
P55017,SLC12A3,T6D,1.023
P55017,SLC12A3,T6K,1.11
P55017,SLC12A3,T6F,1.023
P55017,SLC12A3,T6G,1.032
P55017,SLC12A3,T6H,1.048
P55017,SLC12A3,T6E,1.046
P55017,SLC12A3,T7M,1.178
P55017,SLC12A3,T7W,0.926
P55017,SLC12A3,T7V,1.154
P55017,SLC12A3,T7S,1.2
P55017,SLC12A3,T7R,1.088
P55017,SLC12A3,T7Q,1.069
P55017,SLC12A3,T7P,1.087
P55017,SLC12A3,T7N,1.161
P55017,SLC12A3,T7Y,1.031
P55017,SLC12A3,T7L,1.07
P55017,SLC12A3,T7I,1.164
P55017,SLC12A3,T7H,1.04
P55017,SLC12A3,T7G,1.024
P55017,SLC12A3,T7F,1.015
P55017,SLC12A3,T7E,1.038
P55017,SLC12A3,T7D,1.014
P55017,SLC12A3,T7C,1.096
P55017,SLC12A3,T7A,1.199
P55017,SLC12A3,T7K,1.102
P55017,SLC12A3,E8P,0.934
P55017,SLC12A3,E8Q,1.105
P55017,SLC12A3,E8S,0.966
P55017,SLC12A3,E8N,0.992
P55017,SLC12A3,E8V,0.983
P55017,SLC12A3,E8W,0.864
P55017,SLC12A3,E8Y,0.932
P55017,SLC12A3,E8T,0.965
P55017,SLC12A3,E8M,0.959
P55017,SLC12A3,E8R,0.99
P55017,SLC12A3,E8K,1.062
P55017,SLC12A3,E8A,1.01
P55017,SLC12A3,E8C,0.856
P55017,SLC12A3,E8D,1.112
P55017,SLC12A3,E8F,0.868
P55017,SLC12A3,E8L,0.91
P55017,SLC12A3,E8H,0.988
P55017,SLC12A3,E8I,0.943
P55017,SLC12A3,E8G,0.98
P55017,SLC12A3,T9P,1.094
P55017,SLC12A3,T9Y,1.038
P55017,SLC12A3,T9W,0.932
P55017,SLC12A3,T9V,1.16
P55017,SLC12A3,T9S,1.206
P55017,SLC12A3,T9R,1.095
P55017,SLC12A3,T9Q,1.076
P55017,SLC12A3,T9N,1.168
P55017,SLC12A3,T9M,1.184
P55017,SLC12A3,T9L,1.076
P55017,SLC12A3,T9K,1.109
P55017,SLC12A3,T9I,1.17
P55017,SLC12A3,T9H,1.046
P55017,SLC12A3,T9G,1.03
P55017,SLC12A3,T9F,1.022
P55017,SLC12A3,T9E,1.044
P55017,SLC12A3,T9D,1.02
P55017,SLC12A3,T9C,1.103
P55017,SLC12A3,T9A,1.205
P55017,SLC12A3,P10R,1.01
P55017,SLC12A3,P10S,1.08
P55017,SLC12A3,P10T,1.07
P55017,SLC12A3,P10Q,1.078
P55017,SLC12A3,P10W,0.85
P55017,SLC12A3,P10Y,0.975
P55017,SLC12A3,P10N,0.976
P55017,SLC12A3,P10V,1.006
P55017,SLC12A3,P10M,1.018
P55017,SLC12A3,P10L,1.04
P55017,SLC12A3,P10K,0.992
P55017,SLC12A3,P10C,0.972
P55017,SLC12A3,P10D,0.964
P55017,SLC12A3,P10E,1.004
P55017,SLC12A3,P10A,1.091
P55017,SLC12A3,P10G,0.954
P55017,SLC12A3,P10H,1.033
P55017,SLC12A3,P10I,0.976
P55017,SLC12A3,P10F,0.956
P55017,SLC12A3,G11P,0.982
P55017,SLC12A3,G11Y,0.964
P55017,SLC12A3,G11W,1.041
P55017,SLC12A3,G11V,1.062
P55017,SLC12A3,G11T,1.047
P55017,SLC12A3,G11S,1.185
P55017,SLC12A3,G11R,1.102
P55017,SLC12A3,G11Q,1.037
P55017,SLC12A3,G11N,1.138
P55017,SLC12A3,G11M,0.986
P55017,SLC12A3,G11L,0.93
P55017,SLC12A3,G11C,1.09
P55017,SLC12A3,G11D,1.114
P55017,SLC12A3,G11E,1.094
P55017,SLC12A3,G11A,1.192
P55017,SLC12A3,G11H,1.02
P55017,SLC12A3,G11I,0.98
P55017,SLC12A3,G11K,1.034
P55017,SLC12A3,G11F,0.992
P55017,SLC12A3,D12N,1.158
P55017,SLC12A3,D12W,0.846
P55017,SLC12A3,D12V,0.966
P55017,SLC12A3,D12T,1.0
P55017,SLC12A3,D12S,1.045
P55017,SLC12A3,D12R,0.931
P55017,SLC12A3,D12Q,1.04
P55017,SLC12A3,D12P,0.924
P55017,SLC12A3,D12Y,1.021
P55017,SLC12A3,D12M,0.927
P55017,SLC12A3,D12K,0.996
P55017,SLC12A3,D12A,1.017
P55017,SLC12A3,D12C,0.943
P55017,SLC12A3,D12E,1.187
P55017,SLC12A3,D12L,0.88
P55017,SLC12A3,D12G,1.056
P55017,SLC12A3,D12H,1.058
P55017,SLC12A3,D12I,0.943
P55017,SLC12A3,D12F,0.952
P55017,SLC12A3,A13Y,1.022
P55017,SLC12A3,A13W,0.936
P55017,SLC12A3,A13V,1.192
P55017,SLC12A3,A13T,1.206
P55017,SLC12A3,A13S,1.21
P55017,SLC12A3,A13R,1.028
P55017,SLC12A3,A13Q,1.06
P55017,SLC12A3,A13N,1.048
P55017,SLC12A3,A13P,1.11
P55017,SLC12A3,A13M,1.118
P55017,SLC12A3,A13K,1.046
P55017,SLC12A3,A13I,1.101
P55017,SLC12A3,A13H,1.002
P55017,SLC12A3,A13G,1.165
P55017,SLC12A3,A13F,1.016
P55017,SLC12A3,A13E,1.095
P55017,SLC12A3,A13D,1.044
P55017,SLC12A3,A13C,1.14
P55017,SLC12A3,A13L,1.071
P55017,SLC12A3,T14N,1.118
P55017,SLC12A3,T14P,1.044
P55017,SLC12A3,T14Q,1.026
P55017,SLC12A3,T14M,1.136
P55017,SLC12A3,T14S,1.159
P55017,SLC12A3,T14V,1.112
P55017,SLC12A3,T14W,0.884
P55017,SLC12A3,T14R,1.046
P55017,SLC12A3,T14Y,0.99
P55017,SLC12A3,T14L,1.027
P55017,SLC12A3,T14I,1.121
P55017,SLC12A3,T14A,1.156
P55017,SLC12A3,T14C,1.054
P55017,SLC12A3,T14D,0.971
P55017,SLC12A3,T14K,1.06
P55017,SLC12A3,T14F,0.973
P55017,SLC12A3,T14G,0.982
P55017,SLC12A3,T14H,0.997
P55017,SLC12A3,T14E,0.995
P55017,SLC12A3,L15N,0.914
P55017,SLC12A3,L15W,0.988
P55017,SLC12A3,L15V,1.124
P55017,SLC12A3,L15T,0.997
P55017,SLC12A3,L15S,0.978
P55017,SLC12A3,L15R,0.992
P55017,SLC12A3,L15Q,1.018
P55017,SLC12A3,L15P,0.982
P55017,SLC12A3,L15Y,0.992
P55017,SLC12A3,L15M,1.188
P55017,SLC12A3,L15I,1.163
P55017,SLC12A3,L15H,0.978
P55017,SLC12A3,L15G,0.828
P55017,SLC12A3,L15F,1.092
P55017,SLC12A3,L15E,0.903
P55017,SLC12A3,L15D,0.848
P55017,SLC12A3,L15C,0.979
P55017,SLC12A3,L15A,0.984
P55017,SLC12A3,L15K,0.946
P55017,SLC12A3,C16P,0.859
P55017,SLC12A3,C16Q,0.909
P55017,SLC12A3,C16S,1.018
P55017,SLC12A3,C16N,0.907
P55017,SLC12A3,C16V,0.95
P55017,SLC12A3,C16W,0.978
P55017,SLC12A3,C16Y,1.004
P55017,SLC12A3,C16T,0.96
P55017,SLC12A3,C16M,0.971
P55017,SLC12A3,C16R,0.97
P55017,SLC12A3,C16K,0.861
P55017,SLC12A3,C16A,1.002
P55017,SLC12A3,C16D,0.838
P55017,SLC12A3,C16E,0.806
P55017,SLC12A3,C16F,0.974
P55017,SLC12A3,C16L,0.934
P55017,SLC12A3,C16H,0.937
P55017,SLC12A3,C16I,0.954
P55017,SLC12A3,C16G,0.926
P55017,SLC12A3,S17P,1.007
P55017,SLC12A3,S17Y,0.972
P55017,SLC12A3,S17W,0.894
P55017,SLC12A3,S17V,0.937
P55017,SLC12A3,S17T,1.108
P55017,SLC12A3,S17R,0.985
P55017,SLC12A3,S17Q,0.981
P55017,SLC12A3,S17N,1.122
P55017,SLC12A3,S17M,0.985
P55017,SLC12A3,S17L,0.957
P55017,SLC12A3,S17K,0.984
P55017,SLC12A3,S17I,0.954
P55017,SLC12A3,S17H,0.966
P55017,SLC12A3,S17G,1.048
P55017,SLC12A3,S17F,0.978
P55017,SLC12A3,S17E,0.949
P55017,SLC12A3,S17D,0.978
P55017,SLC12A3,S17C,1.051
P55017,SLC12A3,S17A,1.107
P55017,SLC12A3,G18R,0.901
P55017,SLC12A3,G18S,0.984
P55017,SLC12A3,G18T,0.846
P55017,SLC12A3,G18Q,0.835
P55017,SLC12A3,G18W,0.839
P55017,SLC12A3,G18Y,0.762
P55017,SLC12A3,G18P,0.781
P55017,SLC12A3,G18V,0.86
P55017,SLC12A3,G18N,0.938
P55017,SLC12A3,G18M,0.786
P55017,SLC12A3,G18L,0.73
P55017,SLC12A3,G18C,0.89
P55017,SLC12A3,G18D,0.913
P55017,SLC12A3,G18E,0.893
P55017,SLC12A3,G18A,0.99
P55017,SLC12A3,G18H,0.819
P55017,SLC12A3,G18I,0.778
P55017,SLC12A3,G18K,0.832
P55017,SLC12A3,G18F,0.792
P55017,SLC12A3,R19N,0.883
P55017,SLC12A3,R19Y,0.802
P55017,SLC12A3,R19W,0.858
P55017,SLC12A3,R19V,0.768
P55017,SLC12A3,R19T,0.855
P55017,SLC12A3,R19S,0.852
P55017,SLC12A3,R19Q,0.969
P55017,SLC12A3,R19P,0.79
P55017,SLC12A3,R19M,0.865
P55017,SLC12A3,R19H,0.958
P55017,SLC12A3,R19K,1.003
P55017,SLC12A3,R19I,0.787
P55017,SLC12A3,R19G,0.834
P55017,SLC12A3,R19F,0.704
P55017,SLC12A3,R19E,0.841
P55017,SLC12A3,R19D,0.739
P55017,SLC12A3,R19C,0.863
P55017,SLC12A3,R19A,0.796
P55017,SLC12A3,R19L,0.824
P55017,SLC12A3,F20S,0.851
P55017,SLC12A3,F20R,0.76
P55017,SLC12A3,F20T,0.806
P55017,SLC12A3,F20Q,0.762
P55017,SLC12A3,F20W,0.906
P55017,SLC12A3,F20Y,1.039
P55017,SLC12A3,F20P,0.676
P55017,SLC12A3,F20V,0.88
P55017,SLC12A3,F20N,0.754
P55017,SLC12A3,F20M,0.886
P55017,SLC12A3,F20L,0.936
P55017,SLC12A3,F20C,0.88
P55017,SLC12A3,F20D,0.744
P55017,SLC12A3,F20E,0.687
P55017,SLC12A3,F20A,0.794
P55017,SLC12A3,F20H,0.877
P55017,SLC12A3,F20I,0.913
P55017,SLC12A3,F20K,0.729
P55017,SLC12A3,F20G,0.698
P55017,SLC12A3,T21N,1.018
P55017,SLC12A3,T21Y,0.888
P55017,SLC12A3,T21W,0.793
P55017,SLC12A3,T21V,1.01
P55017,SLC12A3,T21S,1.056
P55017,SLC12A3,T21R,0.945
P55017,SLC12A3,T21Q,0.926
P55017,SLC12A3,T21P,0.944
P55017,SLC12A3,T21M,1.035
P55017,SLC12A3,T21L,0.927
P55017,SLC12A3,T21K,0.96
P55017,SLC12A3,T21C,0.953
P55017,SLC12A3,T21D,0.87
P55017,SLC12A3,T21E,0.895
P55017,SLC12A3,T21A,1.055
P55017,SLC12A3,T21G,0.881
P55017,SLC12A3,T21H,0.897
P55017,SLC12A3,T21I,1.019
P55017,SLC12A3,T21F,0.872
P55017,SLC12A3,I22P,0.796
P55017,SLC12A3,I22Y,0.908
P55017,SLC12A3,I22W,0.806
P55017,SLC12A3,I22V,1.121
P55017,SLC12A3,I22T,0.986
P55017,SLC12A3,I22S,0.88
P55017,SLC12A3,I22R,0.859
P55017,SLC12A3,I22Q,0.816
P55017,SLC12A3,I22N,0.886
P55017,SLC12A3,I22M,1.052
P55017,SLC12A3,I22L,1.043
P55017,SLC12A3,I22C,0.909
P55017,SLC12A3,I22D,0.78
P55017,SLC12A3,I22E,0.811
P55017,SLC12A3,I22A,0.921
P55017,SLC12A3,I22G,0.758
P55017,SLC12A3,I22H,0.832
P55017,SLC12A3,I22K,0.86
P55017,SLC12A3,I22F,0.957
P55017,SLC12A3,S23N,1.072
P55017,SLC12A3,S23Y,0.927
P55017,SLC12A3,S23W,0.848
P55017,SLC12A3,S23V,0.892
P55017,SLC12A3,S23T,1.058
P55017,SLC12A3,S23R,0.939
P55017,SLC12A3,S23Q,0.932
P55017,SLC12A3,S23P,0.962
P55017,SLC12A3,S23M,0.94
P55017,SLC12A3,S23L,0.912
P55017,SLC12A3,S23K,0.935
P55017,SLC12A3,S23C,1.005
P55017,SLC12A3,S23D,0.93
P55017,SLC12A3,S23E,0.899
P55017,SLC12A3,S23A,1.056
P55017,SLC12A3,S23G,1.003
P55017,SLC12A3,S23H,0.921
P55017,SLC12A3,S23I,0.908
P55017,SLC12A3,S23F,0.932
P55017,SLC12A3,T24M,1.07
P55017,SLC12A3,T24W,0.818
P55017,SLC12A3,T24V,1.046
P55017,SLC12A3,T24S,1.092
P55017,SLC12A3,T24R,0.98
P55017,SLC12A3,T24Q,0.962
P55017,SLC12A3,T24P,0.978
P55017,SLC12A3,T24N,1.052
P55017,SLC12A3,T24Y,0.924
P55017,SLC12A3,T24L,0.962
P55017,SLC12A3,T24I,1.055
P55017,SLC12A3,T24A,1.091
P55017,SLC12A3,T24C,0.988
P55017,SLC12A3,T24D,0.906
P55017,SLC12A3,T24K,0.995
P55017,SLC12A3,T24F,0.908
P55017,SLC12A3,T24G,0.917
P55017,SLC12A3,T24H,0.932
P55017,SLC12A3,T24E,0.93
P55017,SLC12A3,L25Y,0.92
P55017,SLC12A3,L25W,0.918
P55017,SLC12A3,L25V,1.042
P55017,SLC12A3,L25T,0.926
P55017,SLC12A3,L25S,0.908
P55017,SLC12A3,L25R,0.922
P55017,SLC12A3,L25Q,0.948
P55017,SLC12A3,L25N,0.844
P55017,SLC12A3,L25M,1.107
P55017,SLC12A3,L25P,0.912
P55017,SLC12A3,L25I,1.078
P55017,SLC12A3,L25H,0.907
P55017,SLC12A3,L25G,0.758
P55017,SLC12A3,L25F,1.016
P55017,SLC12A3,L25E,0.832
P55017,SLC12A3,L25D,0.779
P55017,SLC12A3,L25C,0.906
P55017,SLC12A3,L25A,0.911
P55017,SLC12A3,L25K,0.876
P55017,SLC12A3,L26Q,1.045
P55017,SLC12A3,L26R,1.019
P55017,SLC12A3,L26S,1.006
P55017,SLC12A3,L26Y,1.018
P55017,SLC12A3,L26V,1.138
P55017,SLC12A3,L26W,1.015
P55017,SLC12A3,L26T,1.023
P55017,SLC12A3,L26N,0.942
P55017,SLC12A3,L26P,1.008
P55017,SLC12A3,L26M,1.198
P55017,SLC12A3,L26A,1.008
P55017,SLC12A3,L26C,1.004
P55017,SLC12A3,L26D,0.876
P55017,SLC12A3,L26E,0.93
P55017,SLC12A3,L26K,0.974
P55017,SLC12A3,L26G,0.854
P55017,SLC12A3,L26H,1.004
P55017,SLC12A3,L26I,1.172
P55017,SLC12A3,L26F,1.114
P55017,SLC12A3,S27M,1.011
P55017,SLC12A3,S27W,0.908
P55017,SLC12A3,S27V,0.957
P55017,SLC12A3,S27T,1.14
P55017,SLC12A3,S27R,1.01
P55017,SLC12A3,S27Q,1.012
P55017,SLC12A3,S27P,1.032
P55017,SLC12A3,S27N,1.154
P55017,SLC12A3,S27Y,0.991
P55017,SLC12A3,S27K,1.015
P55017,SLC12A3,S27I,0.973
P55017,SLC12A3,S27H,0.994
P55017,SLC12A3,S27G,1.08
P55017,SLC12A3,S27F,0.996
P55017,SLC12A3,S27E,0.981
P55017,SLC12A3,S27D,1.01
P55017,SLC12A3,S27C,1.073
P55017,SLC12A3,S27A,1.138
P55017,SLC12A3,S27L,0.976
P55017,SLC12A3,S28N,1.163
P55017,SLC12A3,S28P,1.04
P55017,SLC12A3,S28Q,1.022
P55017,SLC12A3,S28Y,1.006
P55017,SLC12A3,S28T,1.149
P55017,SLC12A3,S28V,0.97
P55017,SLC12A3,S28W,0.927
P55017,SLC12A3,S28R,1.02
P55017,SLC12A3,S28M,1.02
P55017,SLC12A3,S28L,0.99
P55017,SLC12A3,S28I,0.986
P55017,SLC12A3,S28A,1.147
P55017,SLC12A3,S28C,1.084
P55017,SLC12A3,S28D,1.019
P55017,SLC12A3,S28K,1.023
P55017,SLC12A3,S28F,1.011
P55017,SLC12A3,S28G,1.089
P55017,SLC12A3,S28H,1.002
P55017,SLC12A3,S28E,0.99
P55017,SLC12A3,D29Y,0.976
P55017,SLC12A3,D29W,0.801
P55017,SLC12A3,D29V,0.92
P55017,SLC12A3,D29T,0.955
P55017,SLC12A3,D29S,1.0
P55017,SLC12A3,D29R,0.886
P55017,SLC12A3,D29Q,0.995
P55017,SLC12A3,D29N,1.114
P55017,SLC12A3,D29P,0.879
P55017,SLC12A3,D29M,0.881
P55017,SLC12A3,D29K,0.951
P55017,SLC12A3,D29I,0.898
P55017,SLC12A3,D29H,1.014
P55017,SLC12A3,D29G,1.011
P55017,SLC12A3,D29F,0.907
P55017,SLC12A3,D29E,1.14
P55017,SLC12A3,D29C,0.898
P55017,SLC12A3,D29A,0.972
P55017,SLC12A3,D29L,0.834
P55017,SLC12A3,E30P,0.926
P55017,SLC12A3,E30Q,1.133
P55017,SLC12A3,E30R,0.995
P55017,SLC12A3,E30N,0.997
P55017,SLC12A3,E30T,0.964
P55017,SLC12A3,E30V,0.986
P55017,SLC12A3,E30W,0.85
P55017,SLC12A3,E30S,0.966
P55017,SLC12A3,E30Y,0.921
P55017,SLC12A3,E30M,0.956
P55017,SLC12A3,E30K,1.084
P55017,SLC12A3,E30A,1.02
P55017,SLC12A3,E30C,0.842
P55017,SLC12A3,E30D,1.14
P55017,SLC12A3,E30L,0.896
P55017,SLC12A3,E30G,0.982
P55017,SLC12A3,E30H,0.993
P55017,SLC12A3,E30I,0.936
P55017,SLC12A3,E30F,0.855
P55017,SLC12A3,P31M,0.958
P55017,SLC12A3,P31W,0.773
P55017,SLC12A3,P31V,0.944
P55017,SLC12A3,P31T,1.016
P55017,SLC12A3,P31S,1.026
P55017,SLC12A3,P31R,0.948
P55017,SLC12A3,P31Q,1.025
P55017,SLC12A3,P31N,0.906
P55017,SLC12A3,P31Y,0.905
P55017,SLC12A3,P31L,0.986
P55017,SLC12A3,P31I,0.906
P55017,SLC12A3,P31H,0.977
P55017,SLC12A3,P31G,0.879
P55017,SLC12A3,P31F,0.881
P55017,SLC12A3,P31E,0.941
P55017,SLC12A3,P31D,0.891
P55017,SLC12A3,P31C,0.901
P55017,SLC12A3,P31A,1.038
P55017,SLC12A3,P31K,0.926
P55017,SLC12A3,S32N,1.248
P55017,SLC12A3,S32P,1.13
P55017,SLC12A3,S32R,1.108
P55017,SLC12A3,S32M,1.108
P55017,SLC12A3,S32V,1.054
P55017,SLC12A3,S32W,1.006
P55017,SLC12A3,S32Y,1.088
P55017,SLC12A3,S32T,1.237
P55017,SLC12A3,S32L,1.073
P55017,SLC12A3,S32Q,1.11
P55017,SLC12A3,S32I,1.07
P55017,SLC12A3,S32A,1.235
P55017,SLC12A3,S32C,1.17
P55017,SLC12A3,S32D,1.107
P55017,SLC12A3,S32E,1.078
P55017,SLC12A3,S32K,1.112
P55017,SLC12A3,S32G,1.177
P55017,SLC12A3,S32H,1.09
P55017,SLC12A3,S32F,1.094
P55017,SLC12A3,P33Q,1.092
P55017,SLC12A3,P33Y,0.976
P55017,SLC12A3,P33W,0.845
P55017,SLC12A3,P33V,1.014
P55017,SLC12A3,P33T,1.085
P55017,SLC12A3,P33S,1.094
P55017,SLC12A3,P33R,1.02
P55017,SLC12A3,P33N,0.978
P55017,SLC12A3,P33M,1.03
P55017,SLC12A3,P33L,1.054
P55017,SLC12A3,P33K,0.998
P55017,SLC12A3,P33I,0.978
P55017,SLC12A3,P33H,1.047
P55017,SLC12A3,P33G,0.95
P55017,SLC12A3,P33F,0.952
P55017,SLC12A3,P33E,1.013
P55017,SLC12A3,P33D,0.962
P55017,SLC12A3,P33C,0.973
P55017,SLC12A3,P33A,1.106
P55017,SLC12A3,P34R,0.998
P55017,SLC12A3,P34S,1.07
P55017,SLC12A3,P34T,1.06
P55017,SLC12A3,P34Q,1.068
P55017,SLC12A3,P34W,0.822
P55017,SLC12A3,P34Y,0.954
P55017,SLC12A3,P34N,0.956
P55017,SLC12A3,P34V,0.992
P55017,SLC12A3,P34M,1.007
P55017,SLC12A3,P34L,1.03
P55017,SLC12A3,P34K,0.976
P55017,SLC12A3,P34C,0.951
P55017,SLC12A3,P34D,0.94
P55017,SLC12A3,P34E,0.99
P55017,SLC12A3,P34A,1.08
P55017,SLC12A3,P34G,0.928
P55017,SLC12A3,P34H,1.022
P55017,SLC12A3,P34I,0.956
P55017,SLC12A3,P34F,0.93
P55017,SLC12A3,A35P,1.016
P55017,SLC12A3,A35Y,0.932
P55017,SLC12A3,A35W,0.85
P55017,SLC12A3,A35V,1.094
P55017,SLC12A3,A35T,1.108
P55017,SLC12A3,A35S,1.11
P55017,SLC12A3,A35R,0.93
P55017,SLC12A3,A35Q,0.964
P55017,SLC12A3,A35N,0.96
P55017,SLC12A3,A35I,1.006
P55017,SLC12A3,A35L,0.975
P55017,SLC12A3,A35K,0.948
P55017,SLC12A3,A35H,0.911
P55017,SLC12A3,A35G,1.066
P55017,SLC12A3,A35F,0.927
P55017,SLC12A3,A35E,1.0
P55017,SLC12A3,A35D,0.955
P55017,SLC12A3,A35C,1.039
P55017,SLC12A3,A35M,1.024
P55017,SLC12A3,A36S,1.151
P55017,SLC12A3,A36R,0.97
P55017,SLC12A3,A36T,1.15
P55017,SLC12A3,A36Q,1.004
P55017,SLC12A3,A36W,0.891
P55017,SLC12A3,A36Y,0.974
P55017,SLC12A3,A36P,1.057
P55017,SLC12A3,A36V,1.134
P55017,SLC12A3,A36N,1.001
P55017,SLC12A3,A36M,1.064
P55017,SLC12A3,A36L,1.015
P55017,SLC12A3,A36D,0.996
P55017,SLC12A3,A36E,1.04
P55017,SLC12A3,A36F,0.968
P55017,SLC12A3,A36C,1.08
P55017,SLC12A3,A36H,0.952
P55017,SLC12A3,A36I,1.047
P55017,SLC12A3,A36K,0.989
P55017,SLC12A3,A36G,1.106
P55017,SLC12A3,Y37N,1.019
P55017,SLC12A3,Y37W,1.088
P55017,SLC12A3,Y37V,0.982
P55017,SLC12A3,Y37T,0.972
P55017,SLC12A3,Y37S,1.0
P55017,SLC12A3,Y37R,0.994
P55017,SLC12A3,Y37Q,1.047
P55017,SLC12A3,Y37P,0.911
P55017,SLC12A3,Y37M,1.006
P55017,SLC12A3,Y37L,1.021
P55017,SLC12A3,Y37K,0.948
P55017,SLC12A3,Y37C,1.067
P55017,SLC12A3,Y37D,0.952
P55017,SLC12A3,Y37E,0.946
P55017,SLC12A3,Y37A,0.958
P55017,SLC12A3,Y37G,0.901
P55017,SLC12A3,Y37H,1.184
P55017,SLC12A3,Y37I,0.988
P55017,SLC12A3,Y37F,1.216
P55017,SLC12A3,D38P,0.881
P55017,SLC12A3,D38Y,0.978
P55017,SLC12A3,D38W,0.804
P55017,SLC12A3,D38V,0.922
P55017,SLC12A3,D38T,0.958
P55017,SLC12A3,D38S,1.002
P55017,SLC12A3,D38R,0.888
P55017,SLC12A3,D38Q,0.997
P55017,SLC12A3,D38N,1.116
P55017,SLC12A3,D38I,0.901
P55017,SLC12A3,D38L,0.836
P55017,SLC12A3,D38M,0.884
P55017,SLC12A3,D38C,0.901
P55017,SLC12A3,D38E,1.14
P55017,SLC12A3,D38F,0.91
P55017,SLC12A3,D38A,0.974
P55017,SLC12A3,D38H,1.015
P55017,SLC12A3,D38K,0.953
P55017,SLC12A3,D38G,1.014
P55017,SLC12A3,S39Y,0.948
P55017,SLC12A3,S39N,1.093
P55017,SLC12A3,S39W,0.869
P55017,SLC12A3,S39V,0.912
P55017,SLC12A3,S39T,1.078
P55017,SLC12A3,S39R,0.96
P55017,SLC12A3,S39Q,0.953
P55017,SLC12A3,S39P,0.982
P55017,SLC12A3,S39M,0.96
P55017,SLC12A3,S39H,0.942
P55017,SLC12A3,S39K,0.956
P55017,SLC12A3,S39I,0.929
P55017,SLC12A3,S39G,1.024
P55017,SLC12A3,S39F,0.954
P55017,SLC12A3,S39E,0.919
P55017,SLC12A3,S39D,0.95
P55017,SLC12A3,S39C,1.026
P55017,SLC12A3,S39A,1.076
P55017,SLC12A3,S39L,0.932
P55017,SLC12A3,S40R,1.0
P55017,SLC12A3,S40Q,0.993
P55017,SLC12A3,S40T,1.118
P55017,SLC12A3,S40P,1.022
P55017,SLC12A3,S40W,0.909
P55017,SLC12A3,S40Y,0.988
P55017,SLC12A3,S40N,1.133
P55017,SLC12A3,S40V,0.952
P55017,SLC12A3,S40M,1.0
P55017,SLC12A3,S40L,0.972
P55017,SLC12A3,S40K,0.995
P55017,SLC12A3,S40C,1.066
P55017,SLC12A3,S40D,0.99
P55017,SLC12A3,S40E,0.959
P55017,SLC12A3,S40A,1.116
P55017,SLC12A3,S40G,1.064
P55017,SLC12A3,S40H,0.982
P55017,SLC12A3,S40I,0.968
P55017,SLC12A3,S40F,0.994
P55017,SLC12A3,H41P,0.92
P55017,SLC12A3,H41Y,1.11
P55017,SLC12A3,H41W,0.91
P55017,SLC12A3,H41V,0.834
P55017,SLC12A3,H41T,0.897
P55017,SLC12A3,H41S,0.925
P55017,SLC12A3,H41R,1.058
P55017,SLC12A3,H41Q,1.046
P55017,SLC12A3,H41N,1.066
P55017,SLC12A3,H41M,0.905
P55017,SLC12A3,H41L,0.912
P55017,SLC12A3,H41C,0.924
P55017,SLC12A3,H41D,0.972
P55017,SLC12A3,H41E,0.95
P55017,SLC12A3,H41A,0.858
P55017,SLC12A3,H41G,0.861
P55017,SLC12A3,H41I,0.868
P55017,SLC12A3,H41K,0.943
P55017,SLC12A3,H41F,0.968
P55017,SLC12A3,P42N,0.895
P55017,SLC12A3,P42Y,0.894
P55017,SLC12A3,P42W,0.762
P55017,SLC12A3,P42V,0.932
P55017,SLC12A3,P42T,1.013
P55017,SLC12A3,P42S,1.025
P55017,SLC12A3,P42R,0.938
P55017,SLC12A3,P42Q,1.023
P55017,SLC12A3,P42M,0.946
P55017,SLC12A3,P42L,0.975
P55017,SLC12A3,P42K,0.916
P55017,SLC12A3,P42C,0.891
P55017,SLC12A3,P42D,0.88
P55017,SLC12A3,P42E,0.93
P55017,SLC12A3,P42A,1.039
P55017,SLC12A3,P42G,0.868
P55017,SLC12A3,P42H,0.966
P55017,SLC12A3,P42I,0.896
P55017,SLC12A3,P42F,0.87
P55017,SLC12A3,S43N,1.13
P55017,SLC12A3,S43Y,0.968
P55017,SLC12A3,S43W,0.889
P55017,SLC12A3,S43V,0.933
P55017,SLC12A3,S43T,1.115
P55017,SLC12A3,S43R,0.986
P55017,SLC12A3,S43Q,0.988
P55017,SLC12A3,S43P,1.007
P55017,SLC12A3,S43M,0.986
P55017,SLC12A3,S43L,0.952
P55017,SLC12A3,S43K,0.99
P55017,SLC12A3,S43C,1.049
P55017,SLC12A3,S43D,0.985
P55017,SLC12A3,S43E,0.956
P55017,SLC12A3,S43A,1.114
P55017,SLC12A3,S43G,1.055
P55017,SLC12A3,S43H,0.968
P55017,SLC12A3,S43I,0.948
P55017,SLC12A3,S43F,0.974
P55017,SLC12A3,H44P,0.925
P55017,SLC12A3,H44Y,1.116
P55017,SLC12A3,H44W,0.916
P55017,SLC12A3,H44V,0.839
P55017,SLC12A3,H44T,0.903
P55017,SLC12A3,H44S,0.93
P55017,SLC12A3,H44R,1.064
P55017,SLC12A3,H44Q,1.051
P55017,SLC12A3,H44N,1.072
P55017,SLC12A3,H44M,0.91
P55017,SLC12A3,H44L,0.918
P55017,SLC12A3,H44C,0.93
P55017,SLC12A3,H44D,0.976
P55017,SLC12A3,H44E,0.954
P55017,SLC12A3,H44A,0.863
P55017,SLC12A3,H44G,0.867
P55017,SLC12A3,H44I,0.874
P55017,SLC12A3,H44K,0.948
P55017,SLC12A3,H44F,0.973
P55017,SLC12A3,L45P,0.933
P55017,SLC12A3,L45Y,0.946
P55017,SLC12A3,L45W,0.94
P55017,SLC12A3,L45V,1.078
P55017,SLC12A3,L45T,0.952
P55017,SLC12A3,L45S,0.93
P55017,SLC12A3,L45R,0.944
P55017,SLC12A3,L45Q,0.97
P55017,SLC12A3,L45N,0.866
P55017,SLC12A3,L45M,1.142
P55017,SLC12A3,L45K,0.898
P55017,SLC12A3,L45C,0.932
P55017,SLC12A3,L45D,0.8
P55017,SLC12A3,L45E,0.854
P55017,SLC12A3,L45A,0.938
P55017,SLC12A3,L45G,0.779
P55017,SLC12A3,L45H,0.929
P55017,SLC12A3,L45I,1.117
P55017,SLC12A3,L45F,1.046
P55017,SLC12A3,T46N,0.978
P55017,SLC12A3,T46Y,0.848
P55017,SLC12A3,T46W,0.773
P55017,SLC12A3,T46V,0.97
P55017,SLC12A3,T46S,1.016
P55017,SLC12A3,T46R,0.905
P55017,SLC12A3,T46Q,0.886
P55017,SLC12A3,T46P,0.904
P55017,SLC12A3,T46M,0.995
P55017,SLC12A3,T46L,0.886
P55017,SLC12A3,T46K,0.92
P55017,SLC12A3,T46C,0.913
P55017,SLC12A3,T46D,0.843
P55017,SLC12A3,T46E,0.857
P55017,SLC12A3,T46A,1.015
P55017,SLC12A3,T46G,0.84
P55017,SLC12A3,T46H,0.856
P55017,SLC12A3,T46I,0.98
P55017,SLC12A3,T46F,0.832
P55017,SLC12A3,H47P,0.888
P55017,SLC12A3,H47Y,1.079
P55017,SLC12A3,H47W,0.879
P55017,SLC12A3,H47V,0.802
P55017,SLC12A3,H47T,0.865
P55017,SLC12A3,H47S,0.894
P55017,SLC12A3,H47R,1.026
P55017,SLC12A3,H47Q,1.014
P55017,SLC12A3,H47N,1.035
P55017,SLC12A3,H47M,0.872
P55017,SLC12A3,H47L,0.881
P55017,SLC12A3,H47C,0.894
P55017,SLC12A3,H47D,0.94
P55017,SLC12A3,H47E,0.918
P55017,SLC12A3,H47A,0.826
P55017,SLC12A3,H47G,0.83
P55017,SLC12A3,H47I,0.836
P55017,SLC12A3,H47K,0.912
P55017,SLC12A3,H47F,0.936
P55017,SLC12A3,S48M,1.048
P55017,SLC12A3,S48W,0.946
P55017,SLC12A3,S48V,0.994
P55017,SLC12A3,S48T,1.178
P55017,SLC12A3,S48R,1.048
P55017,SLC12A3,S48Q,1.05
P55017,SLC12A3,S48P,1.07
P55017,SLC12A3,S48N,1.192
P55017,SLC12A3,S48Y,1.028
P55017,SLC12A3,S48L,1.014
P55017,SLC12A3,S48I,1.01
P55017,SLC12A3,S48A,1.176
P55017,SLC12A3,S48C,1.11
P55017,SLC12A3,S48D,1.047
P55017,SLC12A3,S48K,1.052
P55017,SLC12A3,S48F,1.034
P55017,SLC12A3,S48G,1.118
P55017,SLC12A3,S48H,1.031
P55017,SLC12A3,S48E,1.018
P55017,SLC12A3,S49Y,0.917
P55017,SLC12A3,S49W,0.838
P55017,SLC12A3,S49V,0.882
P55017,SLC12A3,S49T,1.048
P55017,SLC12A3,S49R,0.929
P55017,SLC12A3,S49Q,0.922
P55017,SLC12A3,S49P,0.952
P55017,SLC12A3,S49M,0.929
P55017,SLC12A3,S49L,0.902
P55017,SLC12A3,S49N,1.062
P55017,SLC12A3,S49I,0.898
P55017,SLC12A3,S49K,0.924
P55017,SLC12A3,S49C,0.995
P55017,SLC12A3,S49D,0.919
P55017,SLC12A3,S49E,0.89
P55017,SLC12A3,S49A,1.046
P55017,SLC12A3,S49G,0.993
P55017,SLC12A3,S49H,0.911
P55017,SLC12A3,S49F,0.923
P55017,SLC12A3,T50M,0.97
P55017,SLC12A3,T50W,0.732
P55017,SLC12A3,T50V,0.946
P55017,SLC12A3,T50S,0.991
P55017,SLC12A3,T50R,0.881
P55017,SLC12A3,T50Q,0.861
P55017,SLC12A3,T50P,0.879
P55017,SLC12A3,T50Y,0.823
P55017,SLC12A3,T50L,0.862
P55017,SLC12A3,T50N,0.952
P55017,SLC12A3,T50I,0.955
P55017,SLC12A3,T50A,0.991
P55017,SLC12A3,T50C,0.889
P55017,SLC12A3,T50D,0.81
P55017,SLC12A3,T50K,0.895
P55017,SLC12A3,T50F,0.808
P55017,SLC12A3,T50G,0.816
P55017,SLC12A3,T50H,0.832
P55017,SLC12A3,T50E,0.829
P55017,SLC12A3,F51N,0.896
P55017,SLC12A3,F51W,1.046
P55017,SLC12A3,F51V,1.02
P55017,SLC12A3,F51T,0.946
P55017,SLC12A3,F51S,0.991
P55017,SLC12A3,F51R,0.901
P55017,SLC12A3,F51Q,0.902
P55017,SLC12A3,F51P,0.816
P55017,SLC12A3,F51Y,1.179
P55017,SLC12A3,F51L,1.076
P55017,SLC12A3,F51K,0.869
P55017,SLC12A3,F51I,1.053
P55017,SLC12A3,F51H,1.017
P55017,SLC12A3,F51G,0.832
P55017,SLC12A3,F51E,0.818
P55017,SLC12A3,F51D,0.884
P55017,SLC12A3,F51C,1.02
P55017,SLC12A3,F51A,0.934
P55017,SLC12A3,F51M,1.026
P55017,SLC12A3,C52Q,0.904
P55017,SLC12A3,C52R,0.965
P55017,SLC12A3,C52S,1.013
P55017,SLC12A3,C52Y,0.999
P55017,SLC12A3,C52V,0.945
P55017,SLC12A3,C52W,0.973
P55017,SLC12A3,C52T,0.955
P55017,SLC12A3,C52N,0.902
P55017,SLC12A3,C52P,0.853
P55017,SLC12A3,C52M,0.966
P55017,SLC12A3,C52A,0.996
P55017,SLC12A3,C52D,0.834
P55017,SLC12A3,C52E,0.801
P55017,SLC12A3,C52F,0.97
P55017,SLC12A3,C52L,0.929
P55017,SLC12A3,C52H,0.932
P55017,SLC12A3,C52I,0.95
P55017,SLC12A3,C52K,0.856
P55017,SLC12A3,C52G,0.921
P55017,SLC12A3,M53Y,0.914
P55017,SLC12A3,M53W,0.932
P55017,SLC12A3,M53V,1.074
P55017,SLC12A3,M53T,1.03
P55017,SLC12A3,M53S,0.929
P55017,SLC12A3,M53R,0.962
P55017,SLC12A3,M53Q,0.984
P55017,SLC12A3,M53N,0.899
P55017,SLC12A3,M53L,1.082
P55017,SLC12A3,M53P,0.86
P55017,SLC12A3,M53I,1.072
P55017,SLC12A3,M53A,0.974
P55017,SLC12A3,M53C,0.908
P55017,SLC12A3,M53D,0.794
P55017,SLC12A3,M53K,0.979
P55017,SLC12A3,M53F,0.962
P55017,SLC12A3,M53G,0.824
P55017,SLC12A3,M53H,0.902
P55017,SLC12A3,M53E,0.892
P55017,SLC12A3,R54M,0.816
P55017,SLC12A3,R54W,0.812
P55017,SLC12A3,R54V,0.74
P55017,SLC12A3,R54T,0.809
P55017,SLC12A3,R54S,0.806
P55017,SLC12A3,R54Q,0.9
P55017,SLC12A3,R54P,0.756
P55017,SLC12A3,R54N,0.83
P55017,SLC12A3,R54Y,0.766
P55017,SLC12A3,R54K,0.926
P55017,SLC12A3,R54I,0.754
P55017,SLC12A3,R54A,0.75
P55017,SLC12A3,R54C,0.815
P55017,SLC12A3,R54D,0.703
P55017,SLC12A3,R54L,0.784
P55017,SLC12A3,R54F,0.679
P55017,SLC12A3,R54G,0.792
P55017,SLC12A3,R54H,0.891
P55017,SLC12A3,R54E,0.786
P55017,SLC12A3,T55M,0.852
P55017,SLC12A3,T55W,0.651
P55017,SLC12A3,T55V,0.832
P55017,SLC12A3,T55S,0.868
P55017,SLC12A3,T55R,0.78
P55017,SLC12A3,T55Q,0.764
P55017,SLC12A3,T55P,0.778
P55017,SLC12A3,T55N,0.838
P55017,SLC12A3,T55Y,0.734
P55017,SLC12A3,T55L,0.765
P55017,SLC12A3,T55I,0.84
P55017,SLC12A3,T55H,0.741
P55017,SLC12A3,T55G,0.728
P55017,SLC12A3,T55F,0.722
P55017,SLC12A3,T55E,0.74
P55017,SLC12A3,T55D,0.72
P55017,SLC12A3,T55C,0.786
P55017,SLC12A3,T55A,0.868
P55017,SLC12A3,T55K,0.792
P55017,SLC12A3,F56P,0.628
P55017,SLC12A3,F56Q,0.696
P55017,SLC12A3,F56R,0.696
P55017,SLC12A3,F56Y,0.922
P55017,SLC12A3,F56T,0.732
P55017,SLC12A3,F56V,0.79
P55017,SLC12A3,F56W,0.811
P55017,SLC12A3,F56S,0.767
P55017,SLC12A3,F56N,0.69
P55017,SLC12A3,F56M,0.795
P55017,SLC12A3,F56K,0.67
P55017,SLC12A3,F56A,0.722
P55017,SLC12A3,F56C,0.791
P55017,SLC12A3,F56D,0.682
P55017,SLC12A3,F56L,0.834
P55017,SLC12A3,F56G,0.64
P55017,SLC12A3,F56H,0.788
P55017,SLC12A3,F56I,0.817
P55017,SLC12A3,F56E,0.63
P55017,SLC12A3,G57Y,0.701
P55017,SLC12A3,G57W,0.762
P55017,SLC12A3,G57V,0.78
P55017,SLC12A3,G57T,0.768
P55017,SLC12A3,G57S,0.878
P55017,SLC12A3,G57R,0.811
P55017,SLC12A3,G57Q,0.759
P55017,SLC12A3,G57N,0.84
P55017,SLC12A3,G57M,0.719
P55017,SLC12A3,G57P,0.716
P55017,SLC12A3,G57K,0.756
P55017,SLC12A3,G57I,0.714
P55017,SLC12A3,G57H,0.746
P55017,SLC12A3,G57F,0.724
P55017,SLC12A3,G57E,0.804
P55017,SLC12A3,G57D,0.821
P55017,SLC12A3,G57C,0.802
P55017,SLC12A3,G57A,0.883
P55017,SLC12A3,G57L,0.674
P55017,SLC12A3,Y58P,0.717
P55017,SLC12A3,Y58Q,0.826
P55017,SLC12A3,Y58R,0.784
P55017,SLC12A3,Y58W,0.858
P55017,SLC12A3,Y58T,0.766
P55017,SLC12A3,Y58V,0.774
P55017,SLC12A3,Y58S,0.788
P55017,SLC12A3,Y58M,0.792
P55017,SLC12A3,Y58N,0.804
P55017,SLC12A3,Y58L,0.805
P55017,SLC12A3,Y58A,0.755
P55017,SLC12A3,Y58C,0.842
P55017,SLC12A3,Y58D,0.75
P55017,SLC12A3,Y58E,0.746
P55017,SLC12A3,Y58K,0.747
P55017,SLC12A3,Y58G,0.709
P55017,SLC12A3,Y58H,0.935
P55017,SLC12A3,Y58I,0.778
P55017,SLC12A3,Y58F,0.96
P55017,SLC12A3,N59M,0.769
P55017,SLC12A3,N59W,0.67
P55017,SLC12A3,N59V,0.726
P55017,SLC12A3,N59T,0.854
P55017,SLC12A3,N59S,0.901
P55017,SLC12A3,N59R,0.808
P55017,SLC12A3,N59Q,0.815
P55017,SLC12A3,N59P,0.7
P55017,SLC12A3,N59Y,0.792
P55017,SLC12A3,N59K,0.845
P55017,SLC12A3,N59I,0.77
P55017,SLC12A3,N59H,0.891
P55017,SLC12A3,N59G,0.804
P55017,SLC12A3,N59F,0.722
P55017,SLC12A3,N59E,0.779
P55017,SLC12A3,N59D,0.876
P55017,SLC12A3,N59C,0.76
P55017,SLC12A3,N59A,0.764
P55017,SLC12A3,N59L,0.698
P55017,SLC12A3,T60N,0.746
P55017,SLC12A3,T60P,0.684
P55017,SLC12A3,T60Q,0.672
P55017,SLC12A3,T60Y,0.631
P55017,SLC12A3,T60S,0.776
P55017,SLC12A3,T60V,0.74
P55017,SLC12A3,T60W,0.558
P55017,SLC12A3,T60R,0.685
P55017,SLC12A3,T60M,0.734
P55017,SLC12A3,T60L,0.672
P55017,SLC12A3,T60I,0.726
P55017,SLC12A3,T60A,0.77
P55017,SLC12A3,T60C,0.69
P55017,SLC12A3,T60D,0.628
P55017,SLC12A3,T60K,0.693
P55017,SLC12A3,T60F,0.621
P55017,SLC12A3,T60G,0.626
P55017,SLC12A3,T60H,0.635
P55017,SLC12A3,T60E,0.648
P55017,SLC12A3,I61Y,0.928
P55017,SLC12A3,I61W,0.836
P55017,SLC12A3,I61V,1.123
P55017,SLC12A3,I61T,0.966
P55017,SLC12A3,I61S,0.879
P55017,SLC12A3,I61R,0.84
P55017,SLC12A3,I61Q,0.82
P55017,SLC12A3,I61N,0.866
P55017,SLC12A3,I61P,0.82
P55017,SLC12A3,I61M,1.047
P55017,SLC12A3,I61K,0.828
P55017,SLC12A3,I61H,0.826
P55017,SLC12A3,I61G,0.781
P55017,SLC12A3,I61F,0.988
P55017,SLC12A3,I61E,0.822
P55017,SLC12A3,I61D,0.8
P55017,SLC12A3,I61C,0.917
P55017,SLC12A3,I61A,0.918
P55017,SLC12A3,I61L,1.058
P55017,SLC12A3,D62P,0.67
P55017,SLC12A3,D62Q,0.76
P55017,SLC12A3,D62R,0.661
P55017,SLC12A3,D62N,0.858
P55017,SLC12A3,D62T,0.744
P55017,SLC12A3,D62V,0.764
P55017,SLC12A3,D62W,0.63
P55017,SLC12A3,D62S,0.774
P55017,SLC12A3,D62Y,0.784
P55017,SLC12A3,D62M,0.723
P55017,SLC12A3,D62K,0.711
P55017,SLC12A3,D62A,0.776
P55017,SLC12A3,D62C,0.726
P55017,SLC12A3,D62E,0.886
P55017,SLC12A3,D62L,0.704
P55017,SLC12A3,D62G,0.798
P55017,SLC12A3,D62H,0.79
P55017,SLC12A3,D62I,0.741
P55017,SLC12A3,D62F,0.756
P55017,SLC12A3,V63M,0.923
P55017,SLC12A3,V63W,0.688
P55017,SLC12A3,V63T,0.882
P55017,SLC12A3,V63S,0.761
P55017,SLC12A3,V63R,0.704
P55017,SLC12A3,V63Q,0.741
P55017,SLC12A3,V63P,0.742
P55017,SLC12A3,V63N,0.723
P55017,SLC12A3,V63Y,0.751
P55017,SLC12A3,V63L,0.91
P55017,SLC12A3,V63I,0.988
P55017,SLC12A3,V63H,0.692
P55017,SLC12A3,V63G,0.779
P55017,SLC12A3,V63F,0.822
P55017,SLC12A3,V63E,0.793
P55017,SLC12A3,V63D,0.734
P55017,SLC12A3,V63C,0.783
P55017,SLC12A3,V63A,0.87
P55017,SLC12A3,V63K,0.736
P55017,SLC12A3,V64N,0.726
P55017,SLC12A3,V64P,0.74
P55017,SLC12A3,V64R,0.709
P55017,SLC12A3,V64M,0.898
P55017,SLC12A3,V64T,0.878
P55017,SLC12A3,V64W,0.67
P55017,SLC12A3,V64Y,0.744
P55017,SLC12A3,V64S,0.761
P55017,SLC12A3,V64L,0.877
P55017,SLC12A3,V64Q,0.744
P55017,SLC12A3,V64I,0.962
P55017,SLC12A3,V64A,0.861
P55017,SLC12A3,V64C,0.762
P55017,SLC12A3,V64D,0.736
P55017,SLC12A3,V64E,0.797
P55017,SLC12A3,V64K,0.744
P55017,SLC12A3,V64G,0.772
P55017,SLC12A3,V64H,0.69
P55017,SLC12A3,V64F,0.804
P55017,SLC12A3,P65Q,0.552
P55017,SLC12A3,P65Y,0.502
P55017,SLC12A3,P65W,0.365
P55017,SLC12A3,P65V,0.566
P55017,SLC12A3,P65T,0.594
P55017,SLC12A3,P65S,0.588
P55017,SLC12A3,P65R,0.482
P55017,SLC12A3,P65N,0.438
P55017,SLC12A3,P65M,0.588
P55017,SLC12A3,P65L,0.562
P55017,SLC12A3,P65K,0.462
P55017,SLC12A3,P65I,0.516
P55017,SLC12A3,P65H,0.544
P55017,SLC12A3,P65G,0.467
P55017,SLC12A3,P65F,0.518
P55017,SLC12A3,P65E,0.475
P55017,SLC12A3,P65D,0.447
P55017,SLC12A3,P65C,0.57
P55017,SLC12A3,P65A,0.639
P55017,SLC12A3,T66Q,0.855
P55017,SLC12A3,T66R,0.853
P55017,SLC12A3,T66S,1.0
P55017,SLC12A3,T66P,0.846
P55017,SLC12A3,T66W,0.75
P55017,SLC12A3,T66Y,0.859
P55017,SLC12A3,T66N,0.932
P55017,SLC12A3,T66V,0.984
P55017,SLC12A3,T66M,0.984
P55017,SLC12A3,T66L,0.926
P55017,SLC12A3,T66K,0.876
P55017,SLC12A3,T66C,0.946
P55017,SLC12A3,T66D,0.816
P55017,SLC12A3,T66E,0.804
P55017,SLC12A3,T66A,1.004
P55017,SLC12A3,T66G,0.828
P55017,SLC12A3,T66H,0.804
P55017,SLC12A3,T66I,0.97
P55017,SLC12A3,T66F,0.868
P55017,SLC12A3,Y67N,0.829
P55017,SLC12A3,Y67W,0.871
P55017,SLC12A3,Y67V,0.811
P55017,SLC12A3,Y67T,0.804
P55017,SLC12A3,Y67S,0.828
P55017,SLC12A3,Y67R,0.796
P55017,SLC12A3,Y67Q,0.858
P55017,SLC12A3,Y67P,0.754
P55017,SLC12A3,Y67M,0.831
P55017,SLC12A3,Y67H,0.982
P55017,SLC12A3,Y67K,0.77
P55017,SLC12A3,Y67I,0.811
P55017,SLC12A3,Y67G,0.742
P55017,SLC12A3,Y67F,1.01
P55017,SLC12A3,Y67E,0.778
P55017,SLC12A3,Y67D,0.792
P55017,SLC12A3,Y67C,0.855
P55017,SLC12A3,Y67A,0.794
P55017,SLC12A3,Y67L,0.843
P55017,SLC12A3,E68S,0.89
P55017,SLC12A3,E68R,0.896
P55017,SLC12A3,E68T,0.889
P55017,SLC12A3,E68Q,1.036
P55017,SLC12A3,E68W,0.773
P55017,SLC12A3,E68Y,0.834
P55017,SLC12A3,E68P,0.854
P55017,SLC12A3,E68V,0.898
P55017,SLC12A3,E68N,0.914
P55017,SLC12A3,E68M,0.869
P55017,SLC12A3,E68L,0.835
P55017,SLC12A3,E68C,0.78
P55017,SLC12A3,E68D,1.048
P55017,SLC12A3,E68F,0.79
P55017,SLC12A3,E68A,0.929
P55017,SLC12A3,E68H,0.903
P55017,SLC12A3,E68I,0.856
P55017,SLC12A3,E68K,0.992
P55017,SLC12A3,E68G,0.893
P55017,SLC12A3,H69P,0.61
P55017,SLC12A3,H69Y,0.859
P55017,SLC12A3,H69W,0.644
P55017,SLC12A3,H69V,0.613
P55017,SLC12A3,H69T,0.615
P55017,SLC12A3,H69S,0.643
P55017,SLC12A3,H69R,0.704
P55017,SLC12A3,H69Q,0.706
P55017,SLC12A3,H69N,0.764
P55017,SLC12A3,H69M,0.646
P55017,SLC12A3,H69L,0.679
P55017,SLC12A3,H69C,0.636
P55017,SLC12A3,H69D,0.644
P55017,SLC12A3,H69E,0.67
P55017,SLC12A3,H69A,0.597
P55017,SLC12A3,H69G,0.574
P55017,SLC12A3,H69I,0.641
P55017,SLC12A3,H69K,0.604
P55017,SLC12A3,H69F,0.748
P55017,SLC12A3,Y70N,0.512
P55017,SLC12A3,Y70W,0.692
P55017,SLC12A3,Y70V,0.624
P55017,SLC12A3,Y70T,0.492
P55017,SLC12A3,Y70S,0.492
P55017,SLC12A3,Y70R,0.509
P55017,SLC12A3,Y70Q,0.542
P55017,SLC12A3,Y70P,0.358
P55017,SLC12A3,Y70M,0.618
P55017,SLC12A3,Y70H,0.706
P55017,SLC12A3,Y70K,0.436
P55017,SLC12A3,Y70L,0.68
P55017,SLC12A3,Y70C,0.634
P55017,SLC12A3,Y70D,0.394
P55017,SLC12A3,Y70E,0.421
P55017,SLC12A3,Y70A,0.504
P55017,SLC12A3,Y70G,0.471
P55017,SLC12A3,Y70I,0.624
P55017,SLC12A3,Y70F,0.855
P55017,SLC12A3,A71Y,0.729
P55017,SLC12A3,A71P,0.796
P55017,SLC12A3,A71W,0.663
P55017,SLC12A3,A71V,0.864
P55017,SLC12A3,A71T,0.879
P55017,SLC12A3,A71S,0.889
P55017,SLC12A3,A71R,0.726
P55017,SLC12A3,A71Q,0.754
P55017,SLC12A3,A71N,0.751
P55017,SLC12A3,A71I,0.788
P55017,SLC12A3,A71L,0.763
P55017,SLC12A3,A71K,0.741
P55017,SLC12A3,A71H,0.712
P55017,SLC12A3,A71G,0.838
P55017,SLC12A3,A71F,0.724
P55017,SLC12A3,A71E,0.782
P55017,SLC12A3,A71D,0.747
P55017,SLC12A3,A71C,0.814
P55017,SLC12A3,A71M,0.802
P55017,SLC12A3,N72S,0.92
P55017,SLC12A3,N72R,0.826
P55017,SLC12A3,N72T,0.874
P55017,SLC12A3,N72Q,0.834
P55017,SLC12A3,N72W,0.688
P55017,SLC12A3,N72Y,0.811
P55017,SLC12A3,N72P,0.719
P55017,SLC12A3,N72V,0.746
P55017,SLC12A3,N72M,0.788
P55017,SLC12A3,N72L,0.718
P55017,SLC12A3,N72K,0.863
P55017,SLC12A3,N72C,0.778
P55017,SLC12A3,N72D,0.894
P55017,SLC12A3,N72E,0.798
P55017,SLC12A3,N72A,0.782
P55017,SLC12A3,N72G,0.824
P55017,SLC12A3,N72H,0.91
P55017,SLC12A3,N72I,0.788
P55017,SLC12A3,N72F,0.74
P55017,SLC12A3,S73N,0.968
P55017,SLC12A3,S73Y,0.851
P55017,SLC12A3,S73W,0.788
P55017,SLC12A3,S73V,0.823
P55017,SLC12A3,S73T,0.956
P55017,SLC12A3,S73R,0.861
P55017,SLC12A3,S73Q,0.855
P55017,SLC12A3,S73P,0.879
P55017,SLC12A3,S73M,0.861
P55017,SLC12A3,S73L,0.839
P55017,SLC12A3,S73K,0.857
P55017,SLC12A3,S73C,0.914
P55017,SLC12A3,S73D,0.853
P55017,SLC12A3,S73E,0.828
P55017,SLC12A3,S73A,0.954
P55017,SLC12A3,S73G,0.912
P55017,SLC12A3,S73H,0.846
P55017,SLC12A3,S73I,0.836
P55017,SLC12A3,S73F,0.856
P55017,SLC12A3,T74N,1.058
P55017,SLC12A3,T74Y,0.948
P55017,SLC12A3,T74W,0.843
P55017,SLC12A3,T74V,1.052
P55017,SLC12A3,T74S,1.088
P55017,SLC12A3,T74R,1.0
P55017,SLC12A3,T74Q,0.983
P55017,SLC12A3,T74P,0.998
P55017,SLC12A3,T74M,1.072
P55017,SLC12A3,T74L,0.984
P55017,SLC12A3,T74K,1.011
P55017,SLC12A3,T74C,1.006
P55017,SLC12A3,T74D,0.93
P55017,SLC12A3,T74E,0.953
P55017,SLC12A3,T74A,1.088
P55017,SLC12A3,T74G,0.94
P55017,SLC12A3,T74H,0.956
P55017,SLC12A3,T74I,1.06
P55017,SLC12A3,T74F,0.932
P55017,SLC12A3,Q75N,1.035
P55017,SLC12A3,Q75Y,1.014
P55017,SLC12A3,Q75W,1.014
P55017,SLC12A3,Q75V,0.982
P55017,SLC12A3,Q75T,1.018
P55017,SLC12A3,Q75S,1.014
P55017,SLC12A3,Q75R,1.116
P55017,SLC12A3,Q75P,1.037
P55017,SLC12A3,Q75M,1.068
P55017,SLC12A3,Q75L,1.025
P55017,SLC12A3,Q75K,1.092
P55017,SLC12A3,Q75C,0.972
P55017,SLC12A3,Q75D,1.002
P55017,SLC12A3,Q75E,1.121
P55017,SLC12A3,Q75A,1.006
P55017,SLC12A3,Q75G,0.959
P55017,SLC12A3,Q75H,1.103
P55017,SLC12A3,Q75I,0.967
P55017,SLC12A3,Q75F,0.943
P55017,SLC12A3,P76N,0.953
P55017,SLC12A3,P76Y,0.952
P55017,SLC12A3,P76W,0.837
P55017,SLC12A3,P76V,0.982
P55017,SLC12A3,P76T,1.047
P55017,SLC12A3,P76S,1.056
P55017,SLC12A3,P76R,0.987
P55017,SLC12A3,P76Q,1.055
P55017,SLC12A3,P76M,0.994
P55017,SLC12A3,P76H,1.01
P55017,SLC12A3,P76K,0.97
P55017,SLC12A3,P76C,0.949
P55017,SLC12A3,P76D,0.94
P55017,SLC12A3,P76E,0.981
P55017,SLC12A3,P76A,1.068
P55017,SLC12A3,P76G,0.931
P55017,SLC12A3,P76L,1.016
P55017,SLC12A3,P76I,0.954
P55017,SLC12A3,P76F,0.932
P55017,SLC12A3,G77P,0.752
P55017,SLC12A3,G77Y,0.737
P55017,SLC12A3,G77W,0.798
P55017,SLC12A3,G77V,0.816
P55017,SLC12A3,G77T,0.804
P55017,SLC12A3,G77S,0.914
P55017,SLC12A3,G77R,0.848
P55017,SLC12A3,G77Q,0.796
P55017,SLC12A3,G77N,0.876
P55017,SLC12A3,G77M,0.756
P55017,SLC12A3,G77L,0.711
P55017,SLC12A3,G77C,0.838
P55017,SLC12A3,G77D,0.858
P55017,SLC12A3,G77E,0.84
P55017,SLC12A3,G77A,0.918
P55017,SLC12A3,G77H,0.782
P55017,SLC12A3,G77I,0.75
P55017,SLC12A3,G77K,0.792
P55017,SLC12A3,G77F,0.76
P55017,SLC12A3,E78P,0.881
P55017,SLC12A3,E78W,0.82
P55017,SLC12A3,E78V,0.929
P55017,SLC12A3,E78T,0.91
P55017,SLC12A3,E78S,0.912
P55017,SLC12A3,E78R,0.936
P55017,SLC12A3,E78Q,1.051
P55017,SLC12A3,E78Y,0.877
P55017,SLC12A3,E78N,0.938
P55017,SLC12A3,E78I,0.889
P55017,SLC12A3,E78L,0.857
P55017,SLC12A3,E78K,1.007
P55017,SLC12A3,E78H,0.934
P55017,SLC12A3,E78G,0.926
P55017,SLC12A3,E78F,0.824
P55017,SLC12A3,E78D,1.058
P55017,SLC12A3,E78C,0.814
P55017,SLC12A3,E78A,0.956
P55017,SLC12A3,E78M,0.905
P55017,SLC12A3,P79Q,1.024
P55017,SLC12A3,P79R,0.956
P55017,SLC12A3,P79S,1.026
P55017,SLC12A3,P79Y,0.921
P55017,SLC12A3,P79V,0.952
P55017,SLC12A3,P79W,0.816
P55017,SLC12A3,P79N,0.922
P55017,SLC12A3,P79T,1.016
P55017,SLC12A3,P79M,0.964
P55017,SLC12A3,P79H,0.979
P55017,SLC12A3,P79K,0.939
P55017,SLC12A3,P79I,0.923
P55017,SLC12A3,P79G,0.901
P55017,SLC12A3,P79F,0.902
P55017,SLC12A3,P79E,0.95
P55017,SLC12A3,P79D,0.91
P55017,SLC12A3,P79C,0.919
P55017,SLC12A3,P79A,1.038
P55017,SLC12A3,P79L,0.986
P55017,SLC12A3,R80S,0.891
P55017,SLC12A3,R80Q,0.984
P55017,SLC12A3,R80T,0.894
P55017,SLC12A3,R80P,0.84
P55017,SLC12A3,R80W,0.896
P55017,SLC12A3,R80Y,0.85
P55017,SLC12A3,R80N,0.914
P55017,SLC12A3,R80V,0.824
P55017,SLC12A3,R80M,0.901
P55017,SLC12A3,R80L,0.868
P55017,SLC12A3,R80K,1.011
P55017,SLC12A3,R80C,0.9
P55017,SLC12A3,R80D,0.788
P55017,SLC12A3,R80E,0.871
P55017,SLC12A3,R80A,0.834
P55017,SLC12A3,R80G,0.876
P55017,SLC12A3,R80H,0.974
P55017,SLC12A3,R80I,0.839
P55017,SLC12A3,R80F,0.763
P55017,SLC12A3,K81P,0.784
P55017,SLC12A3,K81Y,0.772
P55017,SLC12A3,K81W,0.797
P55017,SLC12A3,K81V,0.81
P55017,SLC12A3,K81T,0.868
P55017,SLC12A3,K81S,0.842
P55017,SLC12A3,K81R,0.986
P55017,SLC12A3,K81Q,0.93
P55017,SLC12A3,K81N,0.904
P55017,SLC12A3,K81M,0.88
P55017,SLC12A3,K81L,0.8
P55017,SLC12A3,K81C,0.756
P55017,SLC12A3,K81D,0.796
P55017,SLC12A3,K81E,0.909
P55017,SLC12A3,K81A,0.82
P55017,SLC12A3,K81G,0.768
P55017,SLC12A3,K81H,0.846
P55017,SLC12A3,K81I,0.812
P55017,SLC12A3,K81F,0.739
P55017,SLC12A3,V82N,0.855
P55017,SLC12A3,V82Y,0.891
P55017,SLC12A3,V82W,0.834
P55017,SLC12A3,V82T,0.985
P55017,SLC12A3,V82S,0.881
P55017,SLC12A3,V82R,0.85
P55017,SLC12A3,V82Q,0.88
P55017,SLC12A3,V82P,0.855
P55017,SLC12A3,V82M,1.064
P55017,SLC12A3,V82L,1.024
P55017,SLC12A3,V82K,0.868
P55017,SLC12A3,V82C,0.932
P55017,SLC12A3,V82D,0.86
P55017,SLC12A3,V82E,0.912
P55017,SLC12A3,V82A,1.005
P55017,SLC12A3,V82G,0.882
P55017,SLC12A3,V82H,0.836
P55017,SLC12A3,V82I,1.144
P55017,SLC12A3,V82F,0.938
P55017,SLC12A3,R83N,0.66
P55017,SLC12A3,R83Y,0.645
P55017,SLC12A3,R83W,0.7
P55017,SLC12A3,R83V,0.638
P55017,SLC12A3,R83T,0.656
P55017,SLC12A3,R83S,0.638
P55017,SLC12A3,R83Q,0.745
P55017,SLC12A3,R83P,0.537
P55017,SLC12A3,R83M,0.748
P55017,SLC12A3,R83L,0.723
P55017,SLC12A3,R83K,0.774
P55017,SLC12A3,R83C,0.68
P55017,SLC12A3,R83D,0.536
P55017,SLC12A3,R83E,0.596
P55017,SLC12A3,R83A,0.641
P55017,SLC12A3,R83G,0.613
P55017,SLC12A3,R83H,0.762
P55017,SLC12A3,R83I,0.673
P55017,SLC12A3,R83F,0.603
P55017,SLC12A3,P84N,0.686
P55017,SLC12A3,P84Y,0.694
P55017,SLC12A3,P84W,0.58
P55017,SLC12A3,P84V,0.768
P55017,SLC12A3,P84T,0.788
P55017,SLC12A3,P84S,0.786
P55017,SLC12A3,P84R,0.716
P55017,SLC12A3,P84Q,0.782
P55017,SLC12A3,P84M,0.765
P55017,SLC12A3,P84L,0.805
P55017,SLC12A3,P84K,0.7
P55017,SLC12A3,P84C,0.668
P55017,SLC12A3,P84D,0.664
P55017,SLC12A3,P84E,0.712
P55017,SLC12A3,P84A,0.81
P55017,SLC12A3,P84G,0.681
P55017,SLC12A3,P84H,0.738
P55017,SLC12A3,P84I,0.732
P55017,SLC12A3,P84F,0.704
P55017,SLC12A3,T85N,0.872
P55017,SLC12A3,T85Y,0.725
P55017,SLC12A3,T85W,0.643
P55017,SLC12A3,T85V,0.868
P55017,SLC12A3,T85S,0.908
P55017,SLC12A3,T85R,0.792
P55017,SLC12A3,T85Q,0.778
P55017,SLC12A3,T85P,0.824
P55017,SLC12A3,T85M,0.862
P55017,SLC12A3,T85L,0.794
P55017,SLC12A3,T85K,0.815
P55017,SLC12A3,T85C,0.778
P55017,SLC12A3,T85D,0.73
P55017,SLC12A3,T85E,0.752
P55017,SLC12A3,T85A,0.887
P55017,SLC12A3,T85G,0.77
P55017,SLC12A3,T85H,0.755
P55017,SLC12A3,T85I,0.847
P55017,SLC12A3,T85F,0.727
P55017,SLC12A3,L86P,0.478
P55017,SLC12A3,L86Y,0.577
P55017,SLC12A3,L86W,0.587
P55017,SLC12A3,L86V,0.739
P55017,SLC12A3,L86T,0.572
P55017,SLC12A3,L86S,0.518
P55017,SLC12A3,L86R,0.512
P55017,SLC12A3,L86Q,0.524
P55017,SLC12A3,L86N,0.472
P55017,SLC12A3,L86M,0.79
P55017,SLC12A3,L86K,0.488
P55017,SLC12A3,L86C,0.621
P55017,SLC12A3,L86D,0.386
P55017,SLC12A3,L86E,0.426
P55017,SLC12A3,L86A,0.578
P55017,SLC12A3,L86G,0.415
P55017,SLC12A3,L86H,0.5
P55017,SLC12A3,L86I,0.771
P55017,SLC12A3,L86F,0.715
P55017,SLC12A3,A87P,0.829
P55017,SLC12A3,A87Y,0.724
P55017,SLC12A3,A87W,0.653
P55017,SLC12A3,A87V,0.882
P55017,SLC12A3,A87T,0.889
P55017,SLC12A3,A87S,0.903
P55017,SLC12A3,A87R,0.711
P55017,SLC12A3,A87Q,0.754
P55017,SLC12A3,A87N,0.758
P55017,SLC12A3,A87M,0.815
P55017,SLC12A3,A87L,0.775
P55017,SLC12A3,A87D,0.754
P55017,SLC12A3,A87E,0.795
P55017,SLC12A3,A87F,0.728
P55017,SLC12A3,A87C,0.825
P55017,SLC12A3,A87H,0.704
P55017,SLC12A3,A87I,0.798
P55017,SLC12A3,A87K,0.744
P55017,SLC12A3,A87G,0.857
P55017,SLC12A3,D88P,0.792
P55017,SLC12A3,D88Y,0.84
P55017,SLC12A3,D88W,0.708
P55017,SLC12A3,D88V,0.814
P55017,SLC12A3,D88T,0.856
P55017,SLC12A3,D88S,0.901
P55017,SLC12A3,D88R,0.77
P55017,SLC12A3,D88Q,0.88
P55017,SLC12A3,D88N,0.972
P55017,SLC12A3,D88M,0.799
P55017,SLC12A3,D88L,0.765
P55017,SLC12A3,D88C,0.782
P55017,SLC12A3,D88E,1.006
P55017,SLC12A3,D88F,0.817
P55017,SLC12A3,D88A,0.852
P55017,SLC12A3,D88H,0.865
P55017,SLC12A3,D88I,0.804
P55017,SLC12A3,D88K,0.841
P55017,SLC12A3,D88G,0.903
P55017,SLC12A3,L89P,0.508
P55017,SLC12A3,L89Y,0.63
P55017,SLC12A3,L89W,0.645
P55017,SLC12A3,L89V,0.779
P55017,SLC12A3,L89T,0.6
P55017,SLC12A3,L89S,0.544
P55017,SLC12A3,L89R,0.56
P55017,SLC12A3,L89Q,0.566
P55017,SLC12A3,L89N,0.506
P55017,SLC12A3,L89M,0.826
P55017,SLC12A3,L89K,0.514
P55017,SLC12A3,L89C,0.652
P55017,SLC12A3,L89D,0.425
P55017,SLC12A3,L89E,0.468
P55017,SLC12A3,L89A,0.609
P55017,SLC12A3,L89G,0.454
P55017,SLC12A3,L89H,0.546
P55017,SLC12A3,L89I,0.81
P55017,SLC12A3,L89F,0.763
P55017,SLC12A3,H90P,0.584
P55017,SLC12A3,H90Y,0.847
P55017,SLC12A3,H90W,0.667
P55017,SLC12A3,H90V,0.624
P55017,SLC12A3,H90T,0.591
P55017,SLC12A3,H90S,0.612
P55017,SLC12A3,H90R,0.678
P55017,SLC12A3,H90Q,0.675
P55017,SLC12A3,H90N,0.73
P55017,SLC12A3,H90M,0.666
P55017,SLC12A3,H90L,0.71
P55017,SLC12A3,H90C,0.643
P55017,SLC12A3,H90D,0.611
P55017,SLC12A3,H90E,0.635
P55017,SLC12A3,H90A,0.58
P55017,SLC12A3,H90G,0.547
P55017,SLC12A3,H90I,0.671
P55017,SLC12A3,H90K,0.57
P55017,SLC12A3,H90F,0.771
P55017,SLC12A3,S91N,0.944
P55017,SLC12A3,S91Y,0.812
P55017,SLC12A3,S91W,0.75
P55017,SLC12A3,S91V,0.784
P55017,SLC12A3,S91T,0.93
P55017,SLC12A3,S91R,0.822
P55017,SLC12A3,S91Q,0.816
P55017,SLC12A3,S91P,0.84
P55017,SLC12A3,S91M,0.822
P55017,SLC12A3,S91L,0.8
P55017,SLC12A3,S91K,0.818
P55017,SLC12A3,S91C,0.875
P55017,SLC12A3,S91D,0.814
P55017,SLC12A3,S91E,0.79
P55017,SLC12A3,S91A,0.928
P55017,SLC12A3,S91G,0.874
P55017,SLC12A3,S91H,0.808
P55017,SLC12A3,S91I,0.798
P55017,SLC12A3,S91F,0.817
P55017,SLC12A3,F92P,0.798
P55017,SLC12A3,F92Y,1.094
P55017,SLC12A3,F92W,0.981
P55017,SLC12A3,F92V,0.961
P55017,SLC12A3,F92T,0.903
P55017,SLC12A3,F92S,0.938
P55017,SLC12A3,F92R,0.866
P55017,SLC12A3,F92Q,0.866
P55017,SLC12A3,F92N,0.861
P55017,SLC12A3,F92M,0.966
P55017,SLC12A3,F92L,1.006
P55017,SLC12A3,F92C,0.962
P55017,SLC12A3,F92D,0.852
P55017,SLC12A3,F92E,0.8
P55017,SLC12A3,F92A,0.893
P55017,SLC12A3,F92H,0.959
P55017,SLC12A3,F92I,0.987
P55017,SLC12A3,F92K,0.841
P55017,SLC12A3,F92G,0.811
P55017,SLC12A3,L93P,0.861
P55017,SLC12A3,L93Y,0.868
P55017,SLC12A3,L93W,0.867
P55017,SLC12A3,L93V,0.966
P55017,SLC12A3,L93T,0.874
P55017,SLC12A3,L93S,0.859
P55017,SLC12A3,L93R,0.87
P55017,SLC12A3,L93Q,0.891
P55017,SLC12A3,L93N,0.798
P55017,SLC12A3,L93M,1.013
P55017,SLC12A3,L93K,0.83
P55017,SLC12A3,L93C,0.857
P55017,SLC12A3,L93D,0.732
P55017,SLC12A3,L93E,0.786
P55017,SLC12A3,L93A,0.861
P55017,SLC12A3,L93G,0.711
P55017,SLC12A3,L93H,0.857
P55017,SLC12A3,L93I,0.992
P55017,SLC12A3,L93F,0.946
P55017,SLC12A3,K94P,0.861
P55017,SLC12A3,K94Y,0.845
P55017,SLC12A3,K94W,0.877
P55017,SLC12A3,K94V,0.894
P55017,SLC12A3,K94T,0.966
P55017,SLC12A3,K94S,0.934
P55017,SLC12A3,K94R,1.08
P55017,SLC12A3,K94Q,1.034
P55017,SLC12A3,K94N,1.008
P55017,SLC12A3,K94M,0.981
P55017,SLC12A3,K94L,0.882
P55017,SLC12A3,K94C,0.826
P55017,SLC12A3,K94D,0.876
P55017,SLC12A3,K94E,1.013
P55017,SLC12A3,K94A,0.906
P55017,SLC12A3,K94G,0.84
P55017,SLC12A3,K94H,0.938
P55017,SLC12A3,K94I,0.896
P55017,SLC12A3,K94F,0.804
P55017,SLC12A3,Q95N,1.018
P55017,SLC12A3,Q95Y,0.991
P55017,SLC12A3,Q95W,0.992
P55017,SLC12A3,Q95V,0.951
P55017,SLC12A3,Q95T,0.996
P55017,SLC12A3,Q95S,0.991
P55017,SLC12A3,Q95R,1.118
P55017,SLC12A3,Q95P,1.02
P55017,SLC12A3,Q95M,1.06
P55017,SLC12A3,Q95L,1.006
P55017,SLC12A3,Q95K,1.091
P55017,SLC12A3,Q95C,0.939
P55017,SLC12A3,Q95D,0.976
P55017,SLC12A3,Q95E,1.123
P55017,SLC12A3,Q95A,0.981
P55017,SLC12A3,Q95G,0.923
P55017,SLC12A3,Q95H,1.103
P55017,SLC12A3,Q95I,0.932
P55017,SLC12A3,Q95F,0.903
P55017,SLC12A3,E96N,0.902
P55017,SLC12A3,E96W,0.755
P55017,SLC12A3,E96V,0.891
P55017,SLC12A3,E96T,0.867
P55017,SLC12A3,E96S,0.872
P55017,SLC12A3,E96R,0.899
P55017,SLC12A3,E96Q,1.043
P55017,SLC12A3,E96P,0.831
P55017,SLC12A3,E96Y,0.826
P55017,SLC12A3,E96M,0.86
P55017,SLC12A3,E96K,0.988
P55017,SLC12A3,E96A,0.924
P55017,SLC12A3,E96C,0.747
P55017,SLC12A3,E96D,1.051
P55017,SLC12A3,E96L,0.8
P55017,SLC12A3,E96G,0.887
P55017,SLC12A3,E96H,0.897
P55017,SLC12A3,E96I,0.839
P55017,SLC12A3,E96F,0.759
P55017,SLC12A3,G97Y,0.853
P55017,SLC12A3,G97W,0.93
P55017,SLC12A3,G97V,0.952
P55017,SLC12A3,G97T,0.937
P55017,SLC12A3,G97S,1.078
P55017,SLC12A3,G97R,0.991
P55017,SLC12A3,G97Q,0.926
P55017,SLC12A3,G97N,1.034
P55017,SLC12A3,G97M,0.876
P55017,SLC12A3,G97P,0.871
P55017,SLC12A3,G97K,0.923
P55017,SLC12A3,G97L,0.82
P55017,SLC12A3,G97C,0.98
P55017,SLC12A3,G97D,1.004
P55017,SLC12A3,G97E,0.983
P55017,SLC12A3,G97A,1.085
P55017,SLC12A3,G97H,0.911
P55017,SLC12A3,G97I,0.869
P55017,SLC12A3,G97F,0.883
P55017,SLC12A3,R98M,1.002
P55017,SLC12A3,R98Y,0.934
P55017,SLC12A3,R98W,0.98
P55017,SLC12A3,R98V,0.894
P55017,SLC12A3,R98T,0.994
P55017,SLC12A3,R98S,0.99
P55017,SLC12A3,R98Q,1.118
P55017,SLC12A3,R98P,0.923
P55017,SLC12A3,R98L,0.956
P55017,SLC12A3,R98N,1.026
P55017,SLC12A3,R98I,0.912
P55017,SLC12A3,R98C,0.984
P55017,SLC12A3,R98D,0.859
P55017,SLC12A3,R98E,0.975
P55017,SLC12A3,R98A,0.924
P55017,SLC12A3,R98G,0.965
P55017,SLC12A3,R98H,1.098
P55017,SLC12A3,R98F,0.824
P55017,SLC12A3,R98K,1.158
P55017,SLC12A3,H99Y,1.136
P55017,SLC12A3,H99N,1.092
P55017,SLC12A3,H99W,0.936
P55017,SLC12A3,H99V,0.859
P55017,SLC12A3,H99T,0.922
P55017,SLC12A3,H99S,0.95
P55017,SLC12A3,H99R,1.084
P55017,SLC12A3,H99Q,1.072
P55017,SLC12A3,H99P,0.945
P55017,SLC12A3,H99M,0.93
P55017,SLC12A3,H99K,0.968
P55017,SLC12A3,H99I,0.894
P55017,SLC12A3,H99G,0.887
P55017,SLC12A3,H99F,0.992
P55017,SLC12A3,H99E,0.974
P55017,SLC12A3,H99D,0.996
P55017,SLC12A3,H99C,0.95
P55017,SLC12A3,H99A,0.884
P55017,SLC12A3,H99L,0.938
P55017,SLC12A3,L100Y,0.907
P55017,SLC12A3,L100Q,0.935
P55017,SLC12A3,L100R,0.909
P55017,SLC12A3,L100N,0.831
P55017,SLC12A3,L100T,0.913
P55017,SLC12A3,L100V,1.039
P55017,SLC12A3,L100W,0.905
P55017,SLC12A3,L100S,0.895
P55017,SLC12A3,L100M,1.106
P55017,SLC12A3,L100P,0.898
P55017,SLC12A3,L100I,1.078
P55017,SLC12A3,L100A,0.899
P55017,SLC12A3,L100C,0.894
P55017,SLC12A3,L100D,0.766
P55017,SLC12A3,L100K,0.863
P55017,SLC12A3,L100F,1.007
P55017,SLC12A3,L100G,0.75
P55017,SLC12A3,L100H,0.894
P55017,SLC12A3,L100E,0.819
P55017,SLC12A3,H101Y,1.1
P55017,SLC12A3,H101W,0.9
P55017,SLC12A3,H101V,0.823
P55017,SLC12A3,H101T,0.887
P55017,SLC12A3,H101S,0.915
P55017,SLC12A3,H101R,1.047
P55017,SLC12A3,H101Q,1.035
P55017,SLC12A3,H101N,1.056
P55017,SLC12A3,H101P,0.91
P55017,SLC12A3,H101M,0.894
P55017,SLC12A3,H101K,0.933
P55017,SLC12A3,H101I,0.858
P55017,SLC12A3,H101G,0.851
P55017,SLC12A3,H101F,0.957
P55017,SLC12A3,H101E,0.939
P55017,SLC12A3,H101D,0.961
P55017,SLC12A3,H101C,0.914
P55017,SLC12A3,H101A,0.848
P55017,SLC12A3,H101L,0.903
P55017,SLC12A3,A102P,0.978
P55017,SLC12A3,A102Q,0.927
P55017,SLC12A3,A102R,0.892
P55017,SLC12A3,A102N,0.923
P55017,SLC12A3,A102T,1.071
P55017,SLC12A3,A102V,1.056
P55017,SLC12A3,A102W,0.812
P55017,SLC12A3,A102S,1.072
P55017,SLC12A3,A102Y,0.895
P55017,SLC12A3,A102L,0.938
P55017,SLC12A3,A102K,0.911
P55017,SLC12A3,A102C,1.002
P55017,SLC12A3,A102D,0.918
P55017,SLC12A3,A102E,0.962
P55017,SLC12A3,A102M,0.986
P55017,SLC12A3,A102G,1.028
P55017,SLC12A3,A102H,0.873
P55017,SLC12A3,A102I,0.969
P55017,SLC12A3,A102F,0.889
P55017,SLC12A3,L103N,0.892
P55017,SLC12A3,L103W,0.969
P55017,SLC12A3,L103V,1.112
P55017,SLC12A3,L103T,0.986
P55017,SLC12A3,L103S,0.96
P55017,SLC12A3,L103R,0.974
P55017,SLC12A3,L103Q,0.997
P55017,SLC12A3,L103P,0.959
P55017,SLC12A3,L103Y,0.98
P55017,SLC12A3,L103K,0.93
P55017,SLC12A3,L103I,1.151
P55017,SLC12A3,L103H,0.954
P55017,SLC12A3,L103G,0.804
P55017,SLC12A3,L103F,1.08
P55017,SLC12A3,L103E,0.88
P55017,SLC12A3,L103D,0.826
P55017,SLC12A3,L103C,0.966
P55017,SLC12A3,L103A,0.972
P55017,SLC12A3,L103M,1.176
P55017,SLC12A3,A104Q,0.975
P55017,SLC12A3,A104R,0.942
P55017,SLC12A3,A104S,1.124
P55017,SLC12A3,A104Y,0.944
P55017,SLC12A3,A104V,1.106
P55017,SLC12A3,A104W,0.861
P55017,SLC12A3,A104T,1.12
P55017,SLC12A3,A104N,0.972
P55017,SLC12A3,A104P,1.027
P55017,SLC12A3,A104M,1.036
P55017,SLC12A3,A104C,1.051
P55017,SLC12A3,A104D,0.966
P55017,SLC12A3,A104E,1.011
P55017,SLC12A3,A104F,0.938
P55017,SLC12A3,A104L,0.986
P55017,SLC12A3,A104H,0.922
P55017,SLC12A3,A104I,1.018
P55017,SLC12A3,A104K,0.96
P55017,SLC12A3,A104G,1.077
P55017,SLC12A3,F105Y,1.208
P55017,SLC12A3,F105W,1.064
P55017,SLC12A3,F105V,1.034
P55017,SLC12A3,F105T,0.96
P55017,SLC12A3,F105S,1.004
P55017,SLC12A3,F105R,0.914
P55017,SLC12A3,F105Q,0.915
P55017,SLC12A3,F105N,0.908
P55017,SLC12A3,F105M,1.038
P55017,SLC12A3,F105P,0.828
P55017,SLC12A3,F105K,0.882
P55017,SLC12A3,F105L,1.088
P55017,SLC12A3,F105C,1.033
P55017,SLC12A3,F105D,0.897
P55017,SLC12A3,F105E,0.841
P55017,SLC12A3,F105A,0.948
P55017,SLC12A3,F105H,1.03
P55017,SLC12A3,F105I,1.066
P55017,SLC12A3,F105G,0.849
P55017,SLC12A3,D106N,1.068
P55017,SLC12A3,D106W,0.756
P55017,SLC12A3,D106V,0.875
P55017,SLC12A3,D106T,0.91
P55017,SLC12A3,D106S,0.955
P55017,SLC12A3,D106R,0.84
P55017,SLC12A3,D106Q,0.95
P55017,SLC12A3,D106Y,0.931
P55017,SLC12A3,D106M,0.836
P55017,SLC12A3,D106P,0.845
P55017,SLC12A3,D106K,0.906
P55017,SLC12A3,D106A,0.927
P55017,SLC12A3,D106C,0.853
P55017,SLC12A3,D106E,1.096
P55017,SLC12A3,D106L,0.789
P55017,SLC12A3,D106G,0.966
P55017,SLC12A3,D106H,0.968
P55017,SLC12A3,D106I,0.853
P55017,SLC12A3,D106F,0.861
P55017,SLC12A3,S107Y,0.981
P55017,SLC12A3,S107W,0.902
P55017,SLC12A3,S107V,0.946
P55017,SLC12A3,S107T,1.112
P55017,SLC12A3,S107R,0.993
P55017,SLC12A3,S107Q,0.986
P55017,SLC12A3,S107P,1.015
P55017,SLC12A3,S107M,0.994
P55017,SLC12A3,S107N,1.126
P55017,SLC12A3,S107L,0.966
P55017,SLC12A3,S107I,0.962
P55017,SLC12A3,S107H,0.974
P55017,SLC12A3,S107G,1.057
P55017,SLC12A3,S107F,0.987
P55017,SLC12A3,S107E,0.952
P55017,SLC12A3,S107D,0.983
P55017,SLC12A3,S107C,1.059
P55017,SLC12A3,S107A,1.11
P55017,SLC12A3,S107K,0.988
P55017,SLC12A3,R108N,1.023
P55017,SLC12A3,R108P,0.932
P55017,SLC12A3,R108Q,1.112
P55017,SLC12A3,R108M,1.007
P55017,SLC12A3,R108T,0.998
P55017,SLC12A3,R108V,0.911
P55017,SLC12A3,R108W,1.002
P55017,SLC12A3,R108S,0.994
P55017,SLC12A3,R108Y,0.944
P55017,SLC12A3,R108K,1.146
P55017,SLC12A3,R108I,0.93
P55017,SLC12A3,R108A,0.924
P55017,SLC12A3,R108C,1.006
P55017,SLC12A3,R108D,0.865
P55017,SLC12A3,R108L,0.966
P55017,SLC12A3,R108F,0.834
P55017,SLC12A3,R108G,0.977
P55017,SLC12A3,R108H,1.1
P55017,SLC12A3,R108E,0.97
P55017,SLC12A3,P109Y,0.862
P55017,SLC12A3,P109W,0.73
P55017,SLC12A3,P109V,0.9
P55017,SLC12A3,P109T,0.981
P55017,SLC12A3,P109S,0.992
P55017,SLC12A3,P109R,0.906
P55017,SLC12A3,P109Q,0.991
P55017,SLC12A3,P109M,0.914
P55017,SLC12A3,P109N,0.863
P55017,SLC12A3,P109L,0.942
P55017,SLC12A3,P109I,0.863
P55017,SLC12A3,P109H,0.934
P55017,SLC12A3,P109G,0.835
P55017,SLC12A3,P109F,0.838
P55017,SLC12A3,P109E,0.899
P55017,SLC12A3,P109D,0.848
P55017,SLC12A3,P109C,0.858
P55017,SLC12A3,P109A,1.006
P55017,SLC12A3,P109K,0.884
P55017,SLC12A3,S110N,1.134
P55017,SLC12A3,S110P,1.018
P55017,SLC12A3,S110Q,0.993
P55017,SLC12A3,S110M,0.996
P55017,SLC12A3,S110T,1.12
P55017,SLC12A3,S110V,0.949
P55017,SLC12A3,S110W,0.905
P55017,SLC12A3,S110R,0.996
P55017,SLC12A3,S110Y,0.984
P55017,SLC12A3,S110L,0.968
P55017,SLC12A3,S110I,0.965
P55017,SLC12A3,S110A,1.118
P55017,SLC12A3,S110C,1.062
P55017,SLC12A3,S110D,0.99
P55017,SLC12A3,S110K,0.995
P55017,SLC12A3,S110F,0.99
P55017,SLC12A3,S110G,1.06
P55017,SLC12A3,S110H,0.978
P55017,SLC12A3,S110E,0.961
P55017,SLC12A3,H111N,1.13
P55017,SLC12A3,H111W,0.974
P55017,SLC12A3,H111V,0.897
P55017,SLC12A3,H111T,0.96
P55017,SLC12A3,H111S,0.988
P55017,SLC12A3,H111R,1.122
P55017,SLC12A3,H111Q,1.11
P55017,SLC12A3,H111P,0.983
P55017,SLC12A3,H111Y,1.174
P55017,SLC12A3,H111M,0.968
P55017,SLC12A3,H111K,1.006
P55017,SLC12A3,H111I,0.931
P55017,SLC12A3,H111G,0.925
P55017,SLC12A3,H111F,1.03
P55017,SLC12A3,H111E,1.012
P55017,SLC12A3,H111D,1.034
P55017,SLC12A3,H111C,0.988
P55017,SLC12A3,H111A,0.921
P55017,SLC12A3,H111L,0.976
P55017,SLC12A3,E112P,0.875
P55017,SLC12A3,E112Q,1.088
P55017,SLC12A3,E112R,0.944
P55017,SLC12A3,E112Y,0.87
P55017,SLC12A3,E112T,0.913
P55017,SLC12A3,E112V,0.936
P55017,SLC12A3,E112W,0.8
P55017,SLC12A3,E112S,0.915
P55017,SLC12A3,E112N,0.946
P55017,SLC12A3,E112M,0.906
P55017,SLC12A3,E112K,1.034
P55017,SLC12A3,E112A,0.97
P55017,SLC12A3,E112C,0.792
P55017,SLC12A3,E112D,1.096
P55017,SLC12A3,E112L,0.846
P55017,SLC12A3,E112G,0.932
P55017,SLC12A3,E112H,0.942
P55017,SLC12A3,E112I,0.885
P55017,SLC12A3,E112F,0.804
P55017,SLC12A3,M113Y,0.916
P55017,SLC12A3,M113W,0.935
P55017,SLC12A3,M113V,1.096
P55017,SLC12A3,M113T,1.04
P55017,SLC12A3,M113S,0.932
P55017,SLC12A3,M113R,0.966
P55017,SLC12A3,M113Q,0.986
P55017,SLC12A3,M113N,0.902
P55017,SLC12A3,M113L,1.105
P55017,SLC12A3,M113P,0.863
P55017,SLC12A3,M113I,1.092
P55017,SLC12A3,M113K,0.982
P55017,SLC12A3,M113C,0.911
P55017,SLC12A3,M113D,0.797
P55017,SLC12A3,M113E,0.895
P55017,SLC12A3,M113A,0.977
P55017,SLC12A3,M113G,0.826
P55017,SLC12A3,M113H,0.905
P55017,SLC12A3,M113F,0.964
P55017,SLC12A3,T114M,1.076
P55017,SLC12A3,T114W,0.844
P55017,SLC12A3,T114V,1.05
P55017,SLC12A3,T114S,1.1
P55017,SLC12A3,T114R,0.986
P55017,SLC12A3,T114Q,0.966
P55017,SLC12A3,T114P,0.984
P55017,SLC12A3,T114Y,0.928
P55017,SLC12A3,T114L,0.966
P55017,SLC12A3,T114N,1.058
P55017,SLC12A3,T114I,1.06
P55017,SLC12A3,T114A,1.096
P55017,SLC12A3,T114C,0.993
P55017,SLC12A3,T114D,0.915
P55017,SLC12A3,T114K,1.0
P55017,SLC12A3,T114F,0.912
P55017,SLC12A3,T114G,0.921
P55017,SLC12A3,T114H,0.937
P55017,SLC12A3,T114E,0.934
P55017,SLC12A3,D115N,1.017
P55017,SLC12A3,D115W,0.704
P55017,SLC12A3,D115V,0.824
P55017,SLC12A3,D115T,0.859
P55017,SLC12A3,D115S,0.904
P55017,SLC12A3,D115R,0.789
P55017,SLC12A3,D115Q,0.898
P55017,SLC12A3,D115P,0.794
P55017,SLC12A3,D115Y,0.88
P55017,SLC12A3,D115L,0.738
P55017,SLC12A3,D115K,0.854
P55017,SLC12A3,D115I,0.802
P55017,SLC12A3,D115H,0.917
P55017,SLC12A3,D115G,0.915
P55017,SLC12A3,D115F,0.81
P55017,SLC12A3,D115E,1.045
P55017,SLC12A3,D115C,0.802
P55017,SLC12A3,D115A,0.876
P55017,SLC12A3,D115M,0.785
P55017,SLC12A3,G116Q,0.838
P55017,SLC12A3,G116R,0.903
P55017,SLC12A3,G116S,0.988
P55017,SLC12A3,G116Y,0.764
P55017,SLC12A3,G116V,0.862
P55017,SLC12A3,G116W,0.841
P55017,SLC12A3,G116T,0.847
P55017,SLC12A3,G116N,0.939
P55017,SLC12A3,G116P,0.789
P55017,SLC12A3,G116M,0.788
P55017,SLC12A3,G116A,0.994
P55017,SLC12A3,G116C,0.891
P55017,SLC12A3,G116D,0.915
P55017,SLC12A3,G116E,0.894
P55017,SLC12A3,G116L,0.731
P55017,SLC12A3,G116H,0.821
P55017,SLC12A3,G116I,0.781
P55017,SLC12A3,G116K,0.834
P55017,SLC12A3,G116F,0.794
P55017,SLC12A3,L117Y,0.883
P55017,SLC12A3,L117W,0.872
P55017,SLC12A3,L117V,1.014
P55017,SLC12A3,L117T,0.889
P55017,SLC12A3,L117S,0.863
P55017,SLC12A3,L117R,0.876
P55017,SLC12A3,L117Q,0.901
P55017,SLC12A3,L117N,0.796
P55017,SLC12A3,L117M,1.078
P55017,SLC12A3,L117P,0.863
P55017,SLC12A3,L117I,1.054
P55017,SLC12A3,L117A,0.874
P55017,SLC12A3,L117C,0.869
P55017,SLC12A3,L117D,0.732
P55017,SLC12A3,L117K,0.832
P55017,SLC12A3,L117F,0.982
P55017,SLC12A3,L117G,0.72
P55017,SLC12A3,L117H,0.859
P55017,SLC12A3,L117E,0.784
P55017,SLC12A3,V118M,1.019
P55017,SLC12A3,V118W,0.76
P55017,SLC12A3,V118T,0.94
P55017,SLC12A3,V118S,0.812
P55017,SLC12A3,V118R,0.772
P55017,SLC12A3,V118Q,0.812
P55017,SLC12A3,V118P,0.793
P55017,SLC12A3,V118N,0.777
P55017,SLC12A3,V118Y,0.837
P55017,SLC12A3,V118K,0.803
P55017,SLC12A3,V118I,1.099
P55017,SLC12A3,V118A,0.96
P55017,SLC12A3,V118C,0.876
P55017,SLC12A3,V118D,0.783
P55017,SLC12A3,V118L,0.98
P55017,SLC12A3,V118F,0.883
P55017,SLC12A3,V118G,0.811
P55017,SLC12A3,V118H,0.761
P55017,SLC12A3,V118E,0.848
P55017,SLC12A3,E119N,0.869
P55017,SLC12A3,E119W,0.728
P55017,SLC12A3,E119V,0.852
P55017,SLC12A3,E119T,0.831
P55017,SLC12A3,E119S,0.849
P55017,SLC12A3,E119R,0.867
P55017,SLC12A3,E119Q,1.014
P55017,SLC12A3,E119P,0.808
P55017,SLC12A3,E119Y,0.788
P55017,SLC12A3,E119M,0.822
P55017,SLC12A3,E119K,0.951
P55017,SLC12A3,E119I,0.802
P55017,SLC12A3,E119H,0.866
P55017,SLC12A3,E119G,0.848
P55017,SLC12A3,E119F,0.731
P55017,SLC12A3,E119D,1.023
P55017,SLC12A3,E119C,0.709
P55017,SLC12A3,E119A,0.886
P55017,SLC12A3,E119L,0.763
P55017,SLC12A3,G120P,0.948
P55017,SLC12A3,G120Q,1.0
P55017,SLC12A3,G120R,1.062
P55017,SLC12A3,G120Y,0.922
P55017,SLC12A3,G120T,1.01
P55017,SLC12A3,G120V,1.016
P55017,SLC12A3,G120W,1.004
P55017,SLC12A3,G120S,1.152
P55017,SLC12A3,G120N,1.114
P55017,SLC12A3,G120M,0.945
P55017,SLC12A3,G120K,0.997
P55017,SLC12A3,G120A,1.157
P55017,SLC12A3,G120C,1.043
P55017,SLC12A3,G120D,1.082
P55017,SLC12A3,G120L,0.884
P55017,SLC12A3,G120F,0.95
P55017,SLC12A3,G120H,0.985
P55017,SLC12A3,G120I,0.93
P55017,SLC12A3,G120E,1.054
P55017,SLC12A3,E121Y,0.838
P55017,SLC12A3,E121W,0.768
P55017,SLC12A3,E121V,0.904
P55017,SLC12A3,E121T,0.88
P55017,SLC12A3,E121S,0.889
P55017,SLC12A3,E121R,0.912
P55017,SLC12A3,E121Q,1.059
P55017,SLC12A3,E121N,0.915
P55017,SLC12A3,E121M,0.873
P55017,SLC12A3,E121P,0.848
P55017,SLC12A3,E121K,1.001
P55017,SLC12A3,E121I,0.853
P55017,SLC12A3,E121H,0.91
P55017,SLC12A3,E121G,0.9
P55017,SLC12A3,E121F,0.772
P55017,SLC12A3,E121D,1.068
P55017,SLC12A3,E121C,0.76
P55017,SLC12A3,E121A,0.937
P55017,SLC12A3,E121L,0.813
P55017,SLC12A3,A122Q,0.954
P55017,SLC12A3,A122R,0.921
P55017,SLC12A3,A122S,1.11
P55017,SLC12A3,A122Y,0.924
P55017,SLC12A3,A122V,1.086
P55017,SLC12A3,A122W,0.841
P55017,SLC12A3,A122T,1.1
P55017,SLC12A3,A122N,0.951
P55017,SLC12A3,A122P,1.007
P55017,SLC12A3,A122M,1.014
P55017,SLC12A3,A122C,1.034
P55017,SLC12A3,A122D,0.946
P55017,SLC12A3,A122E,0.99
P55017,SLC12A3,A122F,0.918
P55017,SLC12A3,A122L,0.966
P55017,SLC12A3,A122H,0.901
P55017,SLC12A3,A122I,0.997
P55017,SLC12A3,A122K,0.939
P55017,SLC12A3,A122G,1.058
P55017,SLC12A3,G123N,1.006
P55017,SLC12A3,G123W,0.908
P55017,SLC12A3,G123V,0.93
P55017,SLC12A3,G123T,0.914
P55017,SLC12A3,G123S,1.052
P55017,SLC12A3,G123R,0.969
P55017,SLC12A3,G123Q,0.904
P55017,SLC12A3,G123P,0.849
P55017,SLC12A3,G123Y,0.831
P55017,SLC12A3,G123L,0.798
P55017,SLC12A3,G123K,0.901
P55017,SLC12A3,G123I,0.847
P55017,SLC12A3,G123H,0.888
P55017,SLC12A3,G123F,0.86
P55017,SLC12A3,G123E,0.96
P55017,SLC12A3,G123D,0.982
P55017,SLC12A3,G123C,0.958
P55017,SLC12A3,G123A,1.058
P55017,SLC12A3,G123M,0.854
P55017,SLC12A3,T124N,1.09
P55017,SLC12A3,T124P,1.015
P55017,SLC12A3,T124Q,0.998
P55017,SLC12A3,T124Y,0.96
P55017,SLC12A3,T124S,1.128
P55017,SLC12A3,T124V,1.082
P55017,SLC12A3,T124W,0.867
P55017,SLC12A3,T124R,1.018
P55017,SLC12A3,T124M,1.107
P55017,SLC12A3,T124L,0.998
P55017,SLC12A3,T124I,1.092
P55017,SLC12A3,T124A,1.128
P55017,SLC12A3,T124C,1.025
P55017,SLC12A3,T124D,0.942
P55017,SLC12A3,T124K,1.031
P55017,SLC12A3,T124F,0.944
P55017,SLC12A3,T124G,0.953
P55017,SLC12A3,T124H,0.969
P55017,SLC12A3,T124E,0.966
P55017,SLC12A3,S125Y,1.087
P55017,SLC12A3,S125W,1.004
P55017,SLC12A3,S125V,1.054
P55017,SLC12A3,S125T,1.236
P55017,SLC12A3,S125R,1.108
P55017,SLC12A3,S125Q,1.109
P55017,SLC12A3,S125P,1.128
P55017,SLC12A3,S125M,1.108
P55017,SLC12A3,S125N,1.25
P55017,SLC12A3,S125L,1.072
P55017,SLC12A3,S125I,1.069
P55017,SLC12A3,S125H,1.09
P55017,SLC12A3,S125G,1.176
P55017,SLC12A3,S125F,1.092
P55017,SLC12A3,S125E,1.077
P55017,SLC12A3,S125D,1.106
P55017,SLC12A3,S125C,1.17
P55017,SLC12A3,S125A,1.234
P55017,SLC12A3,S125K,1.111
P55017,SLC12A3,S126N,1.162
P55017,SLC12A3,S126P,1.041
P55017,SLC12A3,S126Q,1.022
P55017,SLC12A3,S126M,1.019
P55017,SLC12A3,S126T,1.149
P55017,SLC12A3,S126V,0.966
P55017,SLC12A3,S126W,0.919
P55017,SLC12A3,S126R,1.019
P55017,SLC12A3,S126Y,1.0
P55017,SLC12A3,S126L,0.985
P55017,SLC12A3,S126I,0.982
P55017,SLC12A3,S126A,1.147
P55017,SLC12A3,S126C,1.082
P55017,SLC12A3,S126D,1.018
P55017,SLC12A3,S126K,1.023
P55017,SLC12A3,S126F,1.005
P55017,SLC12A3,S126G,1.088
P55017,SLC12A3,S126H,1.002
P55017,SLC12A3,S126E,0.99
P55017,SLC12A3,E127N,1.04
P55017,SLC12A3,E127W,0.895
P55017,SLC12A3,E127V,1.03
P55017,SLC12A3,E127T,1.007
P55017,SLC12A3,E127S,1.008
P55017,SLC12A3,E127R,1.038
P55017,SLC12A3,E127Q,1.182
P55017,SLC12A3,E127P,0.969
P55017,SLC12A3,E127Y,0.964
P55017,SLC12A3,E127M,1.0
P55017,SLC12A3,E127K,1.128
P55017,SLC12A3,E127I,0.979
P55017,SLC12A3,E127H,1.036
P55017,SLC12A3,E127G,1.026
P55017,SLC12A3,E127F,0.899
P55017,SLC12A3,E127D,1.19
P55017,SLC12A3,E127C,0.886
P55017,SLC12A3,E127A,1.064
P55017,SLC12A3,E127L,0.94
P55017,SLC12A3,K128P,0.932
P55017,SLC12A3,K128Q,1.114
P55017,SLC12A3,K128S,1.006
P55017,SLC12A3,K128N,1.082
P55017,SLC12A3,K128V,0.964
P55017,SLC12A3,K128W,0.948
P55017,SLC12A3,K128Y,0.917
P55017,SLC12A3,K128T,1.037
P55017,SLC12A3,K128M,1.052
P55017,SLC12A3,K128R,1.172
P55017,SLC12A3,K128I,0.967
P55017,SLC12A3,K128A,0.977
P55017,SLC12A3,K128C,0.897
P55017,SLC12A3,K128D,0.947
P55017,SLC12A3,K128E,1.088
P55017,SLC12A3,K128L,0.953
P55017,SLC12A3,K128G,0.912
P55017,SLC12A3,K128H,1.01
P55017,SLC12A3,K128F,0.876
P55017,SLC12A3,N129Q,1.072
P55017,SLC12A3,N129Y,1.042
P55017,SLC12A3,N129W,0.888
P55017,SLC12A3,N129V,0.96
P55017,SLC12A3,N129T,1.12
P55017,SLC12A3,N129S,1.183
P55017,SLC12A3,N129R,1.064
P55017,SLC12A3,N129P,0.926
P55017,SLC12A3,N129M,1.012
P55017,SLC12A3,N129L,0.924
P55017,SLC12A3,N129K,1.108
P55017,SLC12A3,N129I,1.014
P55017,SLC12A3,N129H,1.17
P55017,SLC12A3,N129G,1.06
P55017,SLC12A3,N129F,0.954
P55017,SLC12A3,N129E,1.03
P55017,SLC12A3,N129D,1.153
P55017,SLC12A3,N129C,1.002
P55017,SLC12A3,N129A,1.006
P55017,SLC12A3,P130R,0.942
P55017,SLC12A3,P130S,1.018
P55017,SLC12A3,P130T,1.008
P55017,SLC12A3,P130Q,1.017
P55017,SLC12A3,P130W,0.766
P55017,SLC12A3,P130Y,0.898
P55017,SLC12A3,P130N,0.9
P55017,SLC12A3,P130V,0.936
P55017,SLC12A3,P130M,0.951
P55017,SLC12A3,P130L,0.978
P55017,SLC12A3,P130K,0.92
P55017,SLC12A3,P130C,0.894
P55017,SLC12A3,P130D,0.884
P55017,SLC12A3,P130E,0.934
P55017,SLC12A3,P130A,1.03
P55017,SLC12A3,P130G,0.872
P55017,SLC12A3,P130H,0.97
P55017,SLC12A3,P130I,0.9
P55017,SLC12A3,P130F,0.874
P55017,SLC12A3,E131P,0.951
P55017,SLC12A3,E131Y,0.945
P55017,SLC12A3,E131W,0.874
P55017,SLC12A3,E131V,1.01
P55017,SLC12A3,E131T,0.987
P55017,SLC12A3,E131S,0.997
P55017,SLC12A3,E131R,1.025
P55017,SLC12A3,E131Q,1.178
P55017,SLC12A3,E131N,1.027
P55017,SLC12A3,E131I,0.959
P55017,SLC12A3,E131L,0.92
P55017,SLC12A3,E131K,1.118
P55017,SLC12A3,E131H,1.023
P55017,SLC12A3,E131G,1.006
P55017,SLC12A3,E131F,0.879
P55017,SLC12A3,E131D,1.186
P55017,SLC12A3,E131C,0.866
P55017,SLC12A3,E131A,1.043
P55017,SLC12A3,E131M,0.98
P55017,SLC12A3,E132S,0.869
P55017,SLC12A3,E132R,0.893
P55017,SLC12A3,E132T,0.868
P55017,SLC12A3,E132Q,1.008
P55017,SLC12A3,E132W,0.764
P55017,SLC12A3,E132Y,0.834
P55017,SLC12A3,E132P,0.838
P55017,SLC12A3,E132V,0.887
P55017,SLC12A3,E132N,0.895
P55017,SLC12A3,E132M,0.862
P55017,SLC12A3,E132L,0.81
P55017,SLC12A3,E132C,0.756
P55017,SLC12A3,E132D,1.014
P55017,SLC12A3,E132F,0.769
P55017,SLC12A3,E132A,0.913
P55017,SLC12A3,E132H,0.892
P55017,SLC12A3,E132I,0.846
P55017,SLC12A3,E132K,0.964
P55017,SLC12A3,E132G,0.883
P55017,SLC12A3,P133N,0.758
P55017,SLC12A3,P133Y,0.756
P55017,SLC12A3,P133W,0.651
P55017,SLC12A3,P133V,0.787
P55017,SLC12A3,P133T,0.851
P55017,SLC12A3,P133S,0.86
P55017,SLC12A3,P133R,0.792
P55017,SLC12A3,P133Q,0.859
P55017,SLC12A3,P133M,0.798
P55017,SLC12A3,P133L,0.821
P55017,SLC12A3,P133K,0.774
P55017,SLC12A3,P133C,0.754
P55017,SLC12A3,P133D,0.745
P55017,SLC12A3,P133E,0.785
P55017,SLC12A3,P133A,0.872
P55017,SLC12A3,P133G,0.736
P55017,SLC12A3,P133H,0.814
P55017,SLC12A3,P133I,0.758
P55017,SLC12A3,P133F,0.737
P55017,SLC12A3,V134N,0.657
P55017,SLC12A3,V134Y,0.692
P55017,SLC12A3,V134W,0.636
P55017,SLC12A3,V134T,0.781
P55017,SLC12A3,V134S,0.682
P55017,SLC12A3,V134R,0.652
P55017,SLC12A3,V134Q,0.682
P55017,SLC12A3,V134P,0.657
P55017,SLC12A3,V134M,0.84
P55017,SLC12A3,V134H,0.638
P55017,SLC12A3,V134K,0.67
P55017,SLC12A3,V134L,0.807
P55017,SLC12A3,V134C,0.734
P55017,SLC12A3,V134D,0.662
P55017,SLC12A3,V134E,0.714
P55017,SLC12A3,V134A,0.798
P55017,SLC12A3,V134G,0.684
P55017,SLC12A3,V134I,0.901
P55017,SLC12A3,V134F,0.74
P55017,SLC12A3,R135Y,0.77
P55017,SLC12A3,R135N,0.842
P55017,SLC12A3,R135W,0.799
P55017,SLC12A3,R135V,0.752
P55017,SLC12A3,R135T,0.829
P55017,SLC12A3,R135S,0.825
P55017,SLC12A3,R135Q,0.918
P55017,SLC12A3,R135P,0.773
P55017,SLC12A3,R135M,0.832
P55017,SLC12A3,R135H,0.902
P55017,SLC12A3,R135K,0.946
P55017,SLC12A3,R135I,0.755
P55017,SLC12A3,R135G,0.818
P55017,SLC12A3,R135F,0.674
P55017,SLC12A3,R135E,0.789
P55017,SLC12A3,R135D,0.702
P55017,SLC12A3,R135C,0.82
P55017,SLC12A3,R135A,0.76
P55017,SLC12A3,R135L,0.8
P55017,SLC12A3,F136S,0.649
P55017,SLC12A3,F136R,0.578
P55017,SLC12A3,F136T,0.642
P55017,SLC12A3,F136Q,0.588
P55017,SLC12A3,F136W,0.706
P55017,SLC12A3,F136Y,0.842
P55017,SLC12A3,F136P,0.524
P55017,SLC12A3,F136V,0.693
P55017,SLC12A3,F136N,0.578
P55017,SLC12A3,F136M,0.7
P55017,SLC12A3,F136L,0.758
P55017,SLC12A3,F136C,0.664
P55017,SLC12A3,F136D,0.581
P55017,SLC12A3,F136E,0.51
P55017,SLC12A3,F136A,0.638
P55017,SLC12A3,F136H,0.666
P55017,SLC12A3,F136I,0.732
P55017,SLC12A3,F136K,0.55
P55017,SLC12A3,F136G,0.54
P55017,SLC12A3,G137P,0.61
P55017,SLC12A3,G137Y,0.602
P55017,SLC12A3,G137W,0.675
P55017,SLC12A3,G137V,0.682
P55017,SLC12A3,G137T,0.656
P55017,SLC12A3,G137S,0.764
P55017,SLC12A3,G137R,0.67
P55017,SLC12A3,G137Q,0.643
P55017,SLC12A3,G137N,0.742
P55017,SLC12A3,G137M,0.611
P55017,SLC12A3,G137L,0.609
P55017,SLC12A3,G137C,0.672
P55017,SLC12A3,G137D,0.712
P55017,SLC12A3,G137E,0.671
P55017,SLC12A3,G137A,0.757
P55017,SLC12A3,G137H,0.64
P55017,SLC12A3,G137I,0.632
P55017,SLC12A3,G137K,0.628
P55017,SLC12A3,G137F,0.661
P55017,SLC12A3,W138N,0.47
P55017,SLC12A3,W138Y,0.738
P55017,SLC12A3,W138V,0.526
P55017,SLC12A3,W138T,0.577
P55017,SLC12A3,W138S,0.549
P55017,SLC12A3,W138R,0.589
P55017,SLC12A3,W138Q,0.64
P55017,SLC12A3,W138P,0.502
P55017,SLC12A3,W138M,0.661
P55017,SLC12A3,W138L,0.611
P55017,SLC12A3,W138K,0.553
P55017,SLC12A3,W138C,0.582
P55017,SLC12A3,W138D,0.414
P55017,SLC12A3,W138E,0.56
P55017,SLC12A3,W138A,0.507
P55017,SLC12A3,W138G,0.58
P55017,SLC12A3,W138H,0.534
P55017,SLC12A3,W138I,0.504
P55017,SLC12A3,W138F,0.718
P55017,SLC12A3,V139N,0.653
P55017,SLC12A3,V139Y,0.697
P55017,SLC12A3,V139W,0.623
P55017,SLC12A3,V139T,0.795
P55017,SLC12A3,V139S,0.688
P55017,SLC12A3,V139R,0.648
P55017,SLC12A3,V139Q,0.676
P55017,SLC12A3,V139P,0.688
P55017,SLC12A3,V139M,0.837
P55017,SLC12A3,V139L,0.827
P55017,SLC12A3,V139K,0.681
P55017,SLC12A3,V139C,0.697
P55017,SLC12A3,V139D,0.664
P55017,SLC12A3,V139E,0.718
P55017,SLC12A3,V139A,0.784
P55017,SLC12A3,V139G,0.69
P55017,SLC12A3,V139H,0.637
P55017,SLC12A3,V139I,0.907
P55017,SLC12A3,V139F,0.753
P55017,SLC12A3,K140P,0.73
P55017,SLC12A3,K140Y,0.71
P55017,SLC12A3,K140W,0.707
P55017,SLC12A3,K140V,0.754
P55017,SLC12A3,K140T,0.787
P55017,SLC12A3,K140S,0.788
P55017,SLC12A3,K140R,0.898
P55017,SLC12A3,K140Q,0.854
P55017,SLC12A3,K140N,0.822
P55017,SLC12A3,K140H,0.766
P55017,SLC12A3,K140L,0.76
P55017,SLC12A3,K140C,0.678
P55017,SLC12A3,K140D,0.725
P55017,SLC12A3,K140E,0.842
P55017,SLC12A3,K140A,0.762
P55017,SLC12A3,K140G,0.706
P55017,SLC12A3,K140M,0.817
P55017,SLC12A3,K140I,0.751
P55017,SLC12A3,K140F,0.701
P55017,SLC12A3,G141P,0.509
P55017,SLC12A3,G141Y,0.51
P55017,SLC12A3,G141W,0.616
P55017,SLC12A3,G141V,0.658
P55017,SLC12A3,G141T,0.58
P55017,SLC12A3,G141S,0.681
P55017,SLC12A3,G141R,0.585
P55017,SLC12A3,G141Q,0.542
P55017,SLC12A3,G141N,0.606
P55017,SLC12A3,G141M,0.606
P55017,SLC12A3,G141L,0.582
P55017,SLC12A3,G141C,0.676
P55017,SLC12A3,G141D,0.569
P55017,SLC12A3,G141E,0.568
P55017,SLC12A3,G141A,0.755
P55017,SLC12A3,G141H,0.534
P55017,SLC12A3,G141I,0.603
P55017,SLC12A3,G141K,0.506
P55017,SLC12A3,G141F,0.597
P55017,SLC12A3,V142N,0.18
P55017,SLC12A3,V142W,0.235
P55017,SLC12A3,V142T,0.42
P55017,SLC12A3,V142S,0.269
P55017,SLC12A3,V142R,0.143
P55017,SLC12A3,V142Q,0.226
P55017,SLC12A3,V142P,0.228
P55017,SLC12A3,V142Y,0.294
P55017,SLC12A3,V142M,0.559
P55017,SLC12A3,V142H,0.184
P55017,SLC12A3,V142K,0.184
P55017,SLC12A3,V142I,0.649
P55017,SLC12A3,V142G,0.261
P55017,SLC12A3,V142F,0.409
P55017,SLC12A3,V142E,0.223
P55017,SLC12A3,V142D,0.173
P55017,SLC12A3,V142C,0.447
P55017,SLC12A3,V142A,0.477
P55017,SLC12A3,V142L,0.57
P55017,SLC12A3,M143Q,0.492
P55017,SLC12A3,M143R,0.444
P55017,SLC12A3,M143S,0.437
P55017,SLC12A3,M143Y,0.524
P55017,SLC12A3,M143V,0.704
P55017,SLC12A3,M143W,0.532
P55017,SLC12A3,M143P,0.376
P55017,SLC12A3,M143T,0.554
P55017,SLC12A3,M143N,0.409
P55017,SLC12A3,M143H,0.466
P55017,SLC12A3,M143K,0.465
P55017,SLC12A3,M143I,0.714
P55017,SLC12A3,M143G,0.422
P55017,SLC12A3,M143F,0.629
P55017,SLC12A3,M143E,0.39
P55017,SLC12A3,M143D,0.304
P55017,SLC12A3,M143C,0.54
P55017,SLC12A3,M143A,0.537
P55017,SLC12A3,M143L,0.76
P55017,SLC12A3,I144S,0.552
P55017,SLC12A3,I144R,0.502
P55017,SLC12A3,I144T,0.639
P55017,SLC12A3,I144Q,0.486
P55017,SLC12A3,I144W,0.524
P55017,SLC12A3,I144Y,0.618
P55017,SLC12A3,I144P,0.5
P55017,SLC12A3,I144V,0.844
P55017,SLC12A3,I144N,0.53
P55017,SLC12A3,I144M,0.758
P55017,SLC12A3,I144L,0.804
P55017,SLC12A3,I144C,0.621
P55017,SLC12A3,I144D,0.458
P55017,SLC12A3,I144E,0.48
P55017,SLC12A3,I144A,0.612
P55017,SLC12A3,I144G,0.462
P55017,SLC12A3,I144H,0.5
P55017,SLC12A3,I144K,0.493
P55017,SLC12A3,I144F,0.712
P55017,SLC12A3,R145N,0.522
P55017,SLC12A3,R145Y,0.493
P55017,SLC12A3,R145W,0.556
P55017,SLC12A3,R145V,0.514
P55017,SLC12A3,R145T,0.524
P55017,SLC12A3,R145S,0.503
P55017,SLC12A3,R145Q,0.608
P55017,SLC12A3,R145P,0.394
P55017,SLC12A3,R145M,0.628
P55017,SLC12A3,R145L,0.598
P55017,SLC12A3,R145K,0.634
P55017,SLC12A3,R145C,0.552
P55017,SLC12A3,R145D,0.382
P55017,SLC12A3,R145E,0.45
P55017,SLC12A3,R145A,0.514
P55017,SLC12A3,R145G,0.481
P55017,SLC12A3,R145H,0.626
P55017,SLC12A3,R145I,0.535
P55017,SLC12A3,R145F,0.479
P55017,SLC12A3,C146P,0.194
P55017,SLC12A3,C146Y,0.379
P55017,SLC12A3,C146W,0.376
P55017,SLC12A3,C146V,0.477
P55017,SLC12A3,C146T,0.392
P55017,SLC12A3,C146S,0.418
P55017,SLC12A3,C146R,0.276
P55017,SLC12A3,C146Q,0.257
P55017,SLC12A3,C146N,0.267
P55017,SLC12A3,C146M,0.476
P55017,SLC12A3,C146L,0.473
P55017,SLC12A3,C146D,0.23
P55017,SLC12A3,C146E,0.128
P55017,SLC12A3,C146F,0.446
P55017,SLC12A3,C146A,0.488
P55017,SLC12A3,C146H,0.298
P55017,SLC12A3,C146I,0.44
P55017,SLC12A3,C146K,0.19
P55017,SLC12A3,C146G,0.316
P55017,SLC12A3,M147P,0.204
P55017,SLC12A3,M147Y,0.356
P55017,SLC12A3,M147W,0.354
P55017,SLC12A3,M147V,0.569
P55017,SLC12A3,M147T,0.392
P55017,SLC12A3,M147S,0.28
P55017,SLC12A3,M147R,0.278
P55017,SLC12A3,M147Q,0.352
P55017,SLC12A3,M147N,0.254
P55017,SLC12A3,M147L,0.623
P55017,SLC12A3,M147K,0.305
P55017,SLC12A3,M147C,0.404
P55017,SLC12A3,M147D,0.145
P55017,SLC12A3,M147E,0.23
P55017,SLC12A3,M147A,0.402
P55017,SLC12A3,M147G,0.286
P55017,SLC12A3,M147H,0.3
P55017,SLC12A3,M147I,0.573
P55017,SLC12A3,M147F,0.479
P55017,SLC12A3,L148P,0.36
P55017,SLC12A3,L148Y,0.442
P55017,SLC12A3,L148W,0.445
P55017,SLC12A3,L148V,0.61
P55017,SLC12A3,L148T,0.432
P55017,SLC12A3,L148S,0.382
P55017,SLC12A3,L148R,0.368
P55017,SLC12A3,L148Q,0.396
P55017,SLC12A3,L148N,0.322
P55017,SLC12A3,L148M,0.656
P55017,SLC12A3,L148K,0.343
P55017,SLC12A3,L148C,0.494
P55017,SLC12A3,L148D,0.24
P55017,SLC12A3,L148E,0.286
P55017,SLC12A3,L148A,0.444
P55017,SLC12A3,L148G,0.274
P55017,SLC12A3,L148H,0.361
P55017,SLC12A3,L148I,0.647
P55017,SLC12A3,L148F,0.58
P55017,SLC12A3,N149P,0.49
P55017,SLC12A3,N149Y,0.558
P55017,SLC12A3,N149W,0.44
P55017,SLC12A3,N149V,0.526
P55017,SLC12A3,N149T,0.644
P55017,SLC12A3,N149S,0.686
P55017,SLC12A3,N149R,0.574
P55017,SLC12A3,N149Q,0.593
P55017,SLC12A3,N149M,0.562
P55017,SLC12A3,N149L,0.522
P55017,SLC12A3,N149K,0.597
P55017,SLC12A3,N149C,0.534
P55017,SLC12A3,N149D,0.656
P55017,SLC12A3,N149E,0.556
P55017,SLC12A3,N149A,0.551
P55017,SLC12A3,N149G,0.62
P55017,SLC12A3,N149H,0.671
P55017,SLC12A3,N149I,0.552
P55017,SLC12A3,N149F,0.544
P55017,SLC12A3,I150P,0.304
P55017,SLC12A3,I150Y,0.424
P55017,SLC12A3,I150W,0.394
P55017,SLC12A3,I150V,0.732
P55017,SLC12A3,I150T,0.521
P55017,SLC12A3,I150S,0.406
P55017,SLC12A3,I150R,0.37
P55017,SLC12A3,I150Q,0.344
P55017,SLC12A3,I150N,0.37
P55017,SLC12A3,I150M,0.654
P55017,SLC12A3,I150L,0.675
P55017,SLC12A3,I150C,0.556
P55017,SLC12A3,I150D,0.282
P55017,SLC12A3,I150E,0.292
P55017,SLC12A3,I150A,0.517
P55017,SLC12A3,I150G,0.296
P55017,SLC12A3,I150H,0.407
P55017,SLC12A3,I150K,0.382
P55017,SLC12A3,I150F,0.55
P55017,SLC12A3,W151N,0.274
P55017,SLC12A3,W151Y,0.615
P55017,SLC12A3,W151V,0.466
P55017,SLC12A3,W151T,0.394
P55017,SLC12A3,W151S,0.381
P55017,SLC12A3,W151R,0.392
P55017,SLC12A3,W151Q,0.422
P55017,SLC12A3,W151P,0.252
P55017,SLC12A3,W151M,0.536
P55017,SLC12A3,W151L,0.556
P55017,SLC12A3,W151K,0.35
P55017,SLC12A3,W151C,0.546
P55017,SLC12A3,W151D,0.258
P55017,SLC12A3,W151E,0.337
P55017,SLC12A3,W151A,0.409
P55017,SLC12A3,W151G,0.438
P55017,SLC12A3,W151H,0.414
P55017,SLC12A3,W151I,0.444
P55017,SLC12A3,W151F,0.628
P55017,SLC12A3,G152P,0.534
P55017,SLC12A3,G152Y,0.526
P55017,SLC12A3,G152W,0.599
P55017,SLC12A3,G152V,0.63
P55017,SLC12A3,G152T,0.592
P55017,SLC12A3,G152S,0.699
P55017,SLC12A3,G152R,0.602
P55017,SLC12A3,G152Q,0.564
P55017,SLC12A3,G152N,0.672
P55017,SLC12A3,G152I,0.577
P55017,SLC12A3,G152L,0.546
P55017,SLC12A3,G152C,0.621
P55017,SLC12A3,G152D,0.642
P55017,SLC12A3,G152E,0.6
P55017,SLC12A3,G152A,0.696
P55017,SLC12A3,G152H,0.559
P55017,SLC12A3,G152M,0.562
P55017,SLC12A3,G152K,0.554
P55017,SLC12A3,G152F,0.596
P55017,SLC12A3,V153N,0.506
P55017,SLC12A3,V153Y,0.573
P55017,SLC12A3,V153W,0.512
P55017,SLC12A3,V153T,0.657
P55017,SLC12A3,V153S,0.544
P55017,SLC12A3,V153R,0.502
P55017,SLC12A3,V153Q,0.53
P55017,SLC12A3,V153P,0.547
P55017,SLC12A3,V153M,0.736
P55017,SLC12A3,V153L,0.744
P55017,SLC12A3,V153K,0.52
P55017,SLC12A3,V153C,0.587
P55017,SLC12A3,V153D,0.514
P55017,SLC12A3,V153E,0.566
P55017,SLC12A3,V153A,0.653
P55017,SLC12A3,V153G,0.551
P55017,SLC12A3,V153H,0.501
P55017,SLC12A3,V153I,0.815
P55017,SLC12A3,V153F,0.67
P55017,SLC12A3,I154P,0.542
P55017,SLC12A3,I154Y,0.654
P55017,SLC12A3,I154W,0.552
P55017,SLC12A3,I154V,0.862
P55017,SLC12A3,I154T,0.684
P55017,SLC12A3,I154S,0.6
P55017,SLC12A3,I154R,0.552
P55017,SLC12A3,I154Q,0.534
P55017,SLC12A3,I154N,0.584
P55017,SLC12A3,I154M,0.778
P55017,SLC12A3,I154L,0.814
P55017,SLC12A3,I154C,0.646
P55017,SLC12A3,I154D,0.524
P55017,SLC12A3,I154E,0.538
P55017,SLC12A3,I154A,0.643
P55017,SLC12A3,I154G,0.508
P55017,SLC12A3,I154H,0.543
P55017,SLC12A3,I154K,0.542
P55017,SLC12A3,I154F,0.726
P55017,SLC12A3,L155P,0.481
P55017,SLC12A3,L155Y,0.524
P55017,SLC12A3,L155W,0.505
P55017,SLC12A3,L155V,0.662
P55017,SLC12A3,L155T,0.499
P55017,SLC12A3,L155S,0.468
P55017,SLC12A3,L155R,0.459
P55017,SLC12A3,L155Q,0.484
P55017,SLC12A3,L155N,0.388
P55017,SLC12A3,L155M,0.713
P55017,SLC12A3,L155K,0.409
P55017,SLC12A3,L155C,0.506
P55017,SLC12A3,L155D,0.346
P55017,SLC12A3,L155E,0.39
P55017,SLC12A3,L155A,0.508
P55017,SLC12A3,L155G,0.358
P55017,SLC12A3,L155H,0.47
P55017,SLC12A3,L155I,0.705
P55017,SLC12A3,L155F,0.656
P55017,SLC12A3,Y156N,0.536
P55017,SLC12A3,Y156V,0.654
P55017,SLC12A3,Y156T,0.52
P55017,SLC12A3,Y156S,0.52
P55017,SLC12A3,Y156R,0.535
P55017,SLC12A3,Y156Q,0.57
P55017,SLC12A3,Y156P,0.42
P55017,SLC12A3,Y156W,0.756
P55017,SLC12A3,Y156M,0.649
P55017,SLC12A3,Y156H,0.734
P55017,SLC12A3,Y156K,0.464
P55017,SLC12A3,Y156A,0.536
P55017,SLC12A3,Y156C,0.664
P55017,SLC12A3,Y156D,0.444
P55017,SLC12A3,Y156L,0.708
P55017,SLC12A3,Y156F,0.884
P55017,SLC12A3,Y156G,0.497
P55017,SLC12A3,Y156I,0.659
P55017,SLC12A3,Y156E,0.45
P55017,SLC12A3,L157P,0.631
P55017,SLC12A3,L157Y,0.663
P55017,SLC12A3,L157W,0.636
P55017,SLC12A3,L157V,0.788
P55017,SLC12A3,L157T,0.655
P55017,SLC12A3,L157S,0.626
P55017,SLC12A3,L157R,0.62
P55017,SLC12A3,L157Q,0.64
P55017,SLC12A3,L157N,0.55
P55017,SLC12A3,L157M,0.837
P55017,SLC12A3,L157K,0.578
P55017,SLC12A3,L157C,0.638
P55017,SLC12A3,L157D,0.506
P55017,SLC12A3,L157E,0.55
P55017,SLC12A3,L157A,0.651
P55017,SLC12A3,L157G,0.508
P55017,SLC12A3,L157H,0.618
P55017,SLC12A3,L157I,0.825
P55017,SLC12A3,L157F,0.772
P55017,SLC12A3,R158N,0.532
P55017,SLC12A3,R158W,0.565
P55017,SLC12A3,R158V,0.54
P55017,SLC12A3,R158T,0.538
P55017,SLC12A3,R158S,0.515
P55017,SLC12A3,R158Q,0.625
P55017,SLC12A3,R158P,0.402
P55017,SLC12A3,R158Y,0.498
P55017,SLC12A3,R158M,0.655
P55017,SLC12A3,R158H,0.643
P55017,SLC12A3,R158K,0.65
P55017,SLC12A3,R158I,0.544
P55017,SLC12A3,R158G,0.495
P55017,SLC12A3,R158F,0.499
P55017,SLC12A3,R158E,0.467
P55017,SLC12A3,R158D,0.392
P55017,SLC12A3,R158C,0.556
P55017,SLC12A3,R158A,0.534
P55017,SLC12A3,R158L,0.626
P55017,SLC12A3,L159Q,0.403
P55017,SLC12A3,L159R,0.39
P55017,SLC12A3,L159S,0.394
P55017,SLC12A3,L159Y,0.482
P55017,SLC12A3,L159V,0.655
P55017,SLC12A3,L159W,0.491
P55017,SLC12A3,L159P,0.358
P55017,SLC12A3,L159T,0.455
P55017,SLC12A3,L159N,0.341
P55017,SLC12A3,L159H,0.362
P55017,SLC12A3,L159K,0.358
P55017,SLC12A3,L159I,0.701
P55017,SLC12A3,L159G,0.296
P55017,SLC12A3,L159F,0.638
P55017,SLC12A3,L159E,0.288
P55017,SLC12A3,L159D,0.236
P55017,SLC12A3,L159C,0.532
P55017,SLC12A3,L159A,0.474
P55017,SLC12A3,L159M,0.702
P55017,SLC12A3,P160S,0.634
P55017,SLC12A3,P160R,0.506
P55017,SLC12A3,P160T,0.646
P55017,SLC12A3,P160Q,0.598
P55017,SLC12A3,P160W,0.432
P55017,SLC12A3,P160Y,0.568
P55017,SLC12A3,P160N,0.47
P55017,SLC12A3,P160V,0.64
P55017,SLC12A3,P160M,0.661
P55017,SLC12A3,P160L,0.661
P55017,SLC12A3,P160K,0.494
P55017,SLC12A3,P160C,0.657
P55017,SLC12A3,P160D,0.488
P55017,SLC12A3,P160E,0.518
P55017,SLC12A3,P160A,0.696
P55017,SLC12A3,P160G,0.516
P55017,SLC12A3,P160H,0.592
P55017,SLC12A3,P160I,0.586
P55017,SLC12A3,P160F,0.615
P55017,SLC12A3,W161N,0.344
P55017,SLC12A3,W161Y,0.678
P55017,SLC12A3,W161V,0.511
P55017,SLC12A3,W161T,0.461
P55017,SLC12A3,W161S,0.442
P55017,SLC12A3,W161R,0.453
P55017,SLC12A3,W161Q,0.472
P55017,SLC12A3,W161P,0.284
P55017,SLC12A3,W161M,0.585
P55017,SLC12A3,W161L,0.598
P55017,SLC12A3,W161K,0.41
P55017,SLC12A3,W161C,0.595
P55017,SLC12A3,W161D,0.342
P55017,SLC12A3,W161E,0.403
P55017,SLC12A3,W161A,0.465
P55017,SLC12A3,W161G,0.504
P55017,SLC12A3,W161H,0.482
P55017,SLC12A3,W161I,0.49
P55017,SLC12A3,W161F,0.673
P55017,SLC12A3,I162P,0.258
P55017,SLC12A3,I162Y,0.412
P55017,SLC12A3,I162W,0.388
P55017,SLC12A3,I162V,0.736
P55017,SLC12A3,I162T,0.484
P55017,SLC12A3,I162S,0.359
P55017,SLC12A3,I162R,0.314
P55017,SLC12A3,I162Q,0.301
P55017,SLC12A3,I162N,0.294
P55017,SLC12A3,I162M,0.658
P55017,SLC12A3,I162L,0.696
P55017,SLC12A3,I162C,0.542
P55017,SLC12A3,I162D,0.227
P55017,SLC12A3,I162E,0.23
P55017,SLC12A3,I162A,0.491
P55017,SLC12A3,I162G,0.242
P55017,SLC12A3,I162H,0.374
P55017,SLC12A3,I162K,0.318
P55017,SLC12A3,I162F,0.568
P55017,SLC12A3,T163N,0.528
P55017,SLC12A3,T163Y,0.52
P55017,SLC12A3,T163W,0.4
P55017,SLC12A3,T163V,0.694
P55017,SLC12A3,T163S,0.615
P55017,SLC12A3,T163R,0.453
P55017,SLC12A3,T163Q,0.464
P55017,SLC12A3,T163P,0.46
P55017,SLC12A3,T163M,0.675
P55017,SLC12A3,T163L,0.665
P55017,SLC12A3,T163K,0.456
P55017,SLC12A3,T163C,0.645
P55017,SLC12A3,T163D,0.412
P55017,SLC12A3,T163E,0.398
P55017,SLC12A3,T163A,0.654
P55017,SLC12A3,T163G,0.462
P55017,SLC12A3,T163H,0.427
P55017,SLC12A3,T163I,0.684
P55017,SLC12A3,T163F,0.574
P55017,SLC12A3,A164P,0.577
P55017,SLC12A3,A164Y,0.541
P55017,SLC12A3,A164W,0.422
P55017,SLC12A3,A164V,0.724
P55017,SLC12A3,A164T,0.688
P55017,SLC12A3,A164S,0.705
P55017,SLC12A3,A164R,0.51
P55017,SLC12A3,A164Q,0.53
P55017,SLC12A3,A164N,0.52
P55017,SLC12A3,A164M,0.657
P55017,SLC12A3,A164L,0.644
P55017,SLC12A3,A164D,0.509
P55017,SLC12A3,A164E,0.547
P55017,SLC12A3,A164F,0.575
P55017,SLC12A3,A164C,0.702
P55017,SLC12A3,A164H,0.512
P55017,SLC12A3,A164I,0.652
P55017,SLC12A3,A164K,0.5
P55017,SLC12A3,A164G,0.688
P55017,SLC12A3,Q165N,0.47
P55017,SLC12A3,Q165Y,0.533
P55017,SLC12A3,Q165W,0.555
P55017,SLC12A3,Q165V,0.516
P55017,SLC12A3,Q165T,0.472
P55017,SLC12A3,Q165S,0.494
P55017,SLC12A3,Q165R,0.587
P55017,SLC12A3,Q165P,0.504
P55017,SLC12A3,Q165M,0.658
P55017,SLC12A3,Q165L,0.577
P55017,SLC12A3,Q165K,0.554
P55017,SLC12A3,Q165C,0.523
P55017,SLC12A3,Q165D,0.431
P55017,SLC12A3,Q165E,0.594
P55017,SLC12A3,Q165A,0.5
P55017,SLC12A3,Q165G,0.448
P55017,SLC12A3,Q165H,0.598
P55017,SLC12A3,Q165I,0.487
P55017,SLC12A3,Q165F,0.474
P55017,SLC12A3,A166P,0.436
P55017,SLC12A3,A166Y,0.412
P55017,SLC12A3,A166W,0.333
P55017,SLC12A3,A166V,0.662
P55017,SLC12A3,A166T,0.578
P55017,SLC12A3,A166S,0.594
P55017,SLC12A3,A166R,0.36
P55017,SLC12A3,A166Q,0.391
P55017,SLC12A3,A166N,0.366
P55017,SLC12A3,A166M,0.574
P55017,SLC12A3,A166L,0.586
P55017,SLC12A3,A166D,0.336
P55017,SLC12A3,A166E,0.388
P55017,SLC12A3,A166F,0.488
P55017,SLC12A3,A166C,0.637
P55017,SLC12A3,A166H,0.37
P55017,SLC12A3,A166I,0.566
P55017,SLC12A3,A166K,0.356
P55017,SLC12A3,A166G,0.586
P55017,SLC12A3,G167P,0.345
P55017,SLC12A3,G167Y,0.271
P55017,SLC12A3,G167W,0.402
P55017,SLC12A3,G167V,0.471
P55017,SLC12A3,G167T,0.422
P55017,SLC12A3,G167S,0.566
P55017,SLC12A3,G167R,0.42
P55017,SLC12A3,G167Q,0.372
P55017,SLC12A3,G167N,0.47
P55017,SLC12A3,G167M,0.432
P55017,SLC12A3,G167L,0.386
P55017,SLC12A3,G167C,0.502
P55017,SLC12A3,G167D,0.421
P55017,SLC12A3,G167E,0.417
P55017,SLC12A3,G167A,0.63
P55017,SLC12A3,G167H,0.352
P55017,SLC12A3,G167I,0.403
P55017,SLC12A3,G167K,0.356
P55017,SLC12A3,G167F,0.384
P55017,SLC12A3,I168P,0.273
P55017,SLC12A3,I168Y,0.438
P55017,SLC12A3,I168W,0.412
P55017,SLC12A3,I168V,0.757
P55017,SLC12A3,I168T,0.509
P55017,SLC12A3,I168S,0.386
P55017,SLC12A3,I168R,0.35
P55017,SLC12A3,I168Q,0.326
P55017,SLC12A3,I168N,0.319
P55017,SLC12A3,I168M,0.682
P55017,SLC12A3,I168L,0.72
P55017,SLC12A3,I168C,0.567
P55017,SLC12A3,I168D,0.244
P55017,SLC12A3,I168E,0.254
P55017,SLC12A3,I168A,0.512
P55017,SLC12A3,I168G,0.266
P55017,SLC12A3,I168H,0.402
P55017,SLC12A3,I168K,0.351
P55017,SLC12A3,I168F,0.595
P55017,SLC12A3,V169N,0.74
P55017,SLC12A3,V169Y,0.78
P55017,SLC12A3,V169W,0.7
P55017,SLC12A3,V169T,0.878
P55017,SLC12A3,V169S,0.774
P55017,SLC12A3,V169R,0.734
P55017,SLC12A3,V169Q,0.762
P55017,SLC12A3,V169P,0.777
P55017,SLC12A3,V169M,0.909
P55017,SLC12A3,V169L,0.894
P55017,SLC12A3,V169K,0.77
P55017,SLC12A3,V169C,0.771
P55017,SLC12A3,V169D,0.752
P55017,SLC12A3,V169E,0.805
P55017,SLC12A3,V169A,0.865
P55017,SLC12A3,V169G,0.773
P55017,SLC12A3,V169H,0.719
P55017,SLC12A3,V169I,0.976
P55017,SLC12A3,V169F,0.82
P55017,SLC12A3,L170P,0.336
P55017,SLC12A3,L170Y,0.504
P55017,SLC12A3,L170W,0.492
P55017,SLC12A3,L170V,0.68
P55017,SLC12A3,L170T,0.498
P55017,SLC12A3,L170S,0.422
P55017,SLC12A3,L170R,0.403
P55017,SLC12A3,L170Q,0.415
P55017,SLC12A3,L170N,0.36
P55017,SLC12A3,L170M,0.726
P55017,SLC12A3,L170K,0.394
P55017,SLC12A3,L170C,0.563
P55017,SLC12A3,L170D,0.242
P55017,SLC12A3,L170E,0.302
P55017,SLC12A3,L170A,0.513
P55017,SLC12A3,L170G,0.318
P55017,SLC12A3,L170H,0.36
P55017,SLC12A3,L170I,0.718
P55017,SLC12A3,L170F,0.651
P55017,SLC12A3,T171N,0.536
P55017,SLC12A3,T171Y,0.484
P55017,SLC12A3,T171W,0.378
P55017,SLC12A3,T171V,0.68
P55017,SLC12A3,T171S,0.623
P55017,SLC12A3,T171R,0.448
P55017,SLC12A3,T171Q,0.47
P55017,SLC12A3,T171P,0.463
P55017,SLC12A3,T171M,0.643
P55017,SLC12A3,T171L,0.646
P55017,SLC12A3,T171K,0.462
P55017,SLC12A3,T171C,0.636
P55017,SLC12A3,T171D,0.424
P55017,SLC12A3,T171E,0.41
P55017,SLC12A3,T171A,0.656
P55017,SLC12A3,T171G,0.466
P55017,SLC12A3,T171H,0.408
P55017,SLC12A3,T171I,0.649
P55017,SLC12A3,T171F,0.548
P55017,SLC12A3,W172N,0.447
P55017,SLC12A3,W172Y,0.772
P55017,SLC12A3,W172V,0.612
P55017,SLC12A3,W172T,0.562
P55017,SLC12A3,W172S,0.551
P55017,SLC12A3,W172R,0.57
P55017,SLC12A3,W172Q,0.588
P55017,SLC12A3,W172P,0.409
P55017,SLC12A3,W172M,0.68
P55017,SLC12A3,W172L,0.692
P55017,SLC12A3,W172K,0.53
P55017,SLC12A3,W172C,0.696
P55017,SLC12A3,W172D,0.435
P55017,SLC12A3,W172E,0.51
P55017,SLC12A3,W172A,0.57
P55017,SLC12A3,W172G,0.604
P55017,SLC12A3,W172H,0.578
P55017,SLC12A3,W172I,0.587
P55017,SLC12A3,W172F,0.764
P55017,SLC12A3,I173P,0.666
P55017,SLC12A3,I173Y,0.755
P55017,SLC12A3,I173W,0.647
P55017,SLC12A3,I173V,0.98
P55017,SLC12A3,I173T,0.812
P55017,SLC12A3,I173S,0.724
P55017,SLC12A3,I173R,0.676
P55017,SLC12A3,I173Q,0.658
P55017,SLC12A3,I173N,0.708
P55017,SLC12A3,I173M,0.886
P55017,SLC12A3,I173L,0.9
P55017,SLC12A3,I173C,0.75
P55017,SLC12A3,I173D,0.644
P55017,SLC12A3,I173E,0.662
P55017,SLC12A3,I173A,0.763
P55017,SLC12A3,I173G,0.628
P55017,SLC12A3,I173H,0.658
P55017,SLC12A3,I173K,0.68
P55017,SLC12A3,I173F,0.81
P55017,SLC12A3,I174P,0.345
P55017,SLC12A3,I174Y,0.512
P55017,SLC12A3,I174W,0.49
P55017,SLC12A3,I174V,0.837
P55017,SLC12A3,I174T,0.585
P55017,SLC12A3,I174S,0.462
P55017,SLC12A3,I174R,0.426
P55017,SLC12A3,I174Q,0.403
P55017,SLC12A3,I174N,0.392
P55017,SLC12A3,I174M,0.762
P55017,SLC12A3,I174L,0.796
P55017,SLC12A3,I174C,0.644
P55017,SLC12A3,I174D,0.311
P55017,SLC12A3,I174E,0.326
P55017,SLC12A3,I174A,0.592
P55017,SLC12A3,I174G,0.339
P55017,SLC12A3,I174H,0.476
P55017,SLC12A3,I174K,0.429
P55017,SLC12A3,I174F,0.669
P55017,SLC12A3,I175P,0.278
P55017,SLC12A3,I175Y,0.463
P55017,SLC12A3,I175W,0.403
P55017,SLC12A3,I175V,0.785
P55017,SLC12A3,I175T,0.543
P55017,SLC12A3,I175S,0.424
P55017,SLC12A3,I175R,0.37
P55017,SLC12A3,I175Q,0.354
P55017,SLC12A3,I175N,0.314
P55017,SLC12A3,I175M,0.71
P55017,SLC12A3,I175L,0.739
P55017,SLC12A3,I175C,0.597
P55017,SLC12A3,I175D,0.275
P55017,SLC12A3,I175E,0.258
P55017,SLC12A3,I175A,0.554
P55017,SLC12A3,I175G,0.282
P55017,SLC12A3,I175H,0.421
P55017,SLC12A3,I175K,0.378
P55017,SLC12A3,I175F,0.613
P55017,SLC12A3,L176P,0.806
P55017,SLC12A3,L176Y,0.809
P55017,SLC12A3,L176W,0.776
P55017,SLC12A3,L176V,0.929
P55017,SLC12A3,L176T,0.822
P55017,SLC12A3,L176S,0.8
P55017,SLC12A3,L176R,0.789
P55017,SLC12A3,L176Q,0.816
P55017,SLC12A3,L176N,0.724
P55017,SLC12A3,L176M,0.974
P55017,SLC12A3,L176K,0.76
P55017,SLC12A3,L176C,0.785
P55017,SLC12A3,L176D,0.685
P55017,SLC12A3,L176E,0.733
P55017,SLC12A3,L176A,0.818
P55017,SLC12A3,L176G,0.68
P55017,SLC12A3,L176H,0.782
P55017,SLC12A3,L176I,0.954
P55017,SLC12A3,L176F,0.893
P55017,SLC12A3,L177P,0.562
P55017,SLC12A3,L177Y,0.664
P55017,SLC12A3,L177W,0.666
P55017,SLC12A3,L177V,0.827
P55017,SLC12A3,L177T,0.655
P55017,SLC12A3,L177S,0.6
P55017,SLC12A3,L177R,0.594
P55017,SLC12A3,L177Q,0.613
P55017,SLC12A3,L177N,0.548
P55017,SLC12A3,L177M,0.874
P55017,SLC12A3,L177K,0.572
P55017,SLC12A3,L177C,0.712
P55017,SLC12A3,L177D,0.445
P55017,SLC12A3,L177E,0.497
P55017,SLC12A3,L177A,0.668
P55017,SLC12A3,L177G,0.498
P55017,SLC12A3,L177H,0.566
P55017,SLC12A3,L177I,0.864
P55017,SLC12A3,L177F,0.794
P55017,SLC12A3,S178N,0.648
P55017,SLC12A3,S178Y,0.58
P55017,SLC12A3,S178W,0.541
P55017,SLC12A3,S178V,0.602
P55017,SLC12A3,S178T,0.712
P55017,SLC12A3,S178R,0.536
P55017,SLC12A3,S178Q,0.56
P55017,SLC12A3,S178P,0.551
P55017,SLC12A3,S178M,0.674
P55017,SLC12A3,S178L,0.637
P55017,SLC12A3,S178K,0.502
P55017,SLC12A3,S178C,0.725
P55017,SLC12A3,S178D,0.542
P55017,SLC12A3,S178E,0.503
P55017,SLC12A3,S178A,0.745
P55017,SLC12A3,S178G,0.656
P55017,SLC12A3,S178H,0.584
P55017,SLC12A3,S178I,0.618
P55017,SLC12A3,S178F,0.596
P55017,SLC12A3,V179N,0.428
P55017,SLC12A3,V179Y,0.55
P55017,SLC12A3,V179W,0.48
P55017,SLC12A3,V179T,0.621
P55017,SLC12A3,V179S,0.494
P55017,SLC12A3,V179R,0.404
P55017,SLC12A3,V179Q,0.48
P55017,SLC12A3,V179P,0.447
P55017,SLC12A3,V179M,0.755
P55017,SLC12A3,V179L,0.762
P55017,SLC12A3,V179K,0.43
P55017,SLC12A3,V179C,0.645
P55017,SLC12A3,V179D,0.409
P55017,SLC12A3,V179E,0.466
P55017,SLC12A3,V179A,0.672
P55017,SLC12A3,V179G,0.487
P55017,SLC12A3,V179H,0.436
P55017,SLC12A3,V179I,0.841
P55017,SLC12A3,V179F,0.649
P55017,SLC12A3,T180N,0.806
P55017,SLC12A3,T180Y,0.753
P55017,SLC12A3,T180W,0.647
P55017,SLC12A3,T180V,0.896
P55017,SLC12A3,T180S,0.884
P55017,SLC12A3,T180R,0.732
P55017,SLC12A3,T180Q,0.74
P55017,SLC12A3,T180P,0.725
P55017,SLC12A3,T180M,0.88
P55017,SLC12A3,T180L,0.845
P55017,SLC12A3,T180K,0.752
P55017,SLC12A3,T180C,0.86
P55017,SLC12A3,T180D,0.696
P55017,SLC12A3,T180E,0.686
P55017,SLC12A3,T180A,0.899
P55017,SLC12A3,T180G,0.717
P55017,SLC12A3,T180H,0.688
P55017,SLC12A3,T180I,0.879
P55017,SLC12A3,T180F,0.776
P55017,SLC12A3,V181N,0.378
P55017,SLC12A3,V181Y,0.522
P55017,SLC12A3,V181W,0.431
P55017,SLC12A3,V181T,0.58
P55017,SLC12A3,V181S,0.45
P55017,SLC12A3,V181R,0.351
P55017,SLC12A3,V181Q,0.44
P55017,SLC12A3,V181P,0.406
P55017,SLC12A3,V181M,0.73
P55017,SLC12A3,V181L,0.741
P55017,SLC12A3,V181K,0.385
P55017,SLC12A3,V181C,0.614
P55017,SLC12A3,V181D,0.352
P55017,SLC12A3,V181E,0.418
P55017,SLC12A3,V181A,0.634
P55017,SLC12A3,V181G,0.434
P55017,SLC12A3,V181H,0.389
P55017,SLC12A3,V181I,0.818
P55017,SLC12A3,V181F,0.63
P55017,SLC12A3,T182N,0.536
P55017,SLC12A3,T182Y,0.465
P55017,SLC12A3,T182W,0.367
P55017,SLC12A3,T182V,0.684
P55017,SLC12A3,T182S,0.635
P55017,SLC12A3,T182R,0.434
P55017,SLC12A3,T182Q,0.454
P55017,SLC12A3,T182P,0.466
P55017,SLC12A3,T182M,0.643
P55017,SLC12A3,T182L,0.63
P55017,SLC12A3,T182K,0.46
P55017,SLC12A3,T182C,0.626
P55017,SLC12A3,T182D,0.413
P55017,SLC12A3,T182E,0.398
P55017,SLC12A3,T182A,0.661
P55017,SLC12A3,T182G,0.46
P55017,SLC12A3,T182H,0.403
P55017,SLC12A3,T182I,0.638
P55017,SLC12A3,T182F,0.528
P55017,SLC12A3,S183N,0.777
P55017,SLC12A3,S183Y,0.707
P55017,SLC12A3,S183W,0.676
P55017,SLC12A3,S183V,0.712
P55017,SLC12A3,S183T,0.836
P55017,SLC12A3,S183R,0.668
P55017,SLC12A3,S183Q,0.686
P55017,SLC12A3,S183P,0.674
P55017,SLC12A3,S183M,0.78
P55017,SLC12A3,S183L,0.742
P55017,SLC12A3,S183K,0.634
P55017,SLC12A3,S183C,0.838
P55017,SLC12A3,S183D,0.672
P55017,SLC12A3,S183E,0.635
P55017,SLC12A3,S183A,0.863
P55017,SLC12A3,S183G,0.778
P55017,SLC12A3,S183H,0.706
P55017,SLC12A3,S183I,0.728
P55017,SLC12A3,S183F,0.712
P55017,SLC12A3,I184P,0.44
P55017,SLC12A3,I184Y,0.56
P55017,SLC12A3,I184W,0.464
P55017,SLC12A3,I184V,0.784
P55017,SLC12A3,I184T,0.582
P55017,SLC12A3,I184S,0.496
P55017,SLC12A3,I184R,0.444
P55017,SLC12A3,I184Q,0.428
P55017,SLC12A3,I184N,0.475
P55017,SLC12A3,I184M,0.7
P55017,SLC12A3,I184L,0.746
P55017,SLC12A3,I184C,0.562
P55017,SLC12A3,I184D,0.408
P55017,SLC12A3,I184E,0.421
P55017,SLC12A3,I184A,0.55
P55017,SLC12A3,I184G,0.408
P55017,SLC12A3,I184H,0.442
P55017,SLC12A3,I184K,0.432
P55017,SLC12A3,I184F,0.654
P55017,SLC12A3,T185N,0.416
P55017,SLC12A3,T185Y,0.349
P55017,SLC12A3,T185W,0.256
P55017,SLC12A3,T185V,0.584
P55017,SLC12A3,T185S,0.516
P55017,SLC12A3,T185R,0.313
P55017,SLC12A3,T185Q,0.337
P55017,SLC12A3,T185P,0.344
P55017,SLC12A3,T185M,0.534
P55017,SLC12A3,T185L,0.531
P55017,SLC12A3,T185K,0.341
P55017,SLC12A3,T185C,0.525
P55017,SLC12A3,T185D,0.298
P55017,SLC12A3,T185E,0.282
P55017,SLC12A3,T185A,0.541
P55017,SLC12A3,T185G,0.342
P55017,SLC12A3,T185H,0.289
P55017,SLC12A3,T185I,0.53
P55017,SLC12A3,T185F,0.422
P55017,SLC12A3,G186P,0.418
P55017,SLC12A3,G186Y,0.397
P55017,SLC12A3,G186W,0.502
P55017,SLC12A3,G186V,0.576
P55017,SLC12A3,G186T,0.506
P55017,SLC12A3,G186S,0.615
P55017,SLC12A3,G186R,0.466
P55017,SLC12A3,G186Q,0.428
P55017,SLC12A3,G186N,0.524
P55017,SLC12A3,G186M,0.556
P55017,SLC12A3,G186L,0.517
P55017,SLC12A3,G186C,0.603
P55017,SLC12A3,G186D,0.475
P55017,SLC12A3,G186E,0.464
P55017,SLC12A3,G186A,0.7
P55017,SLC12A3,G186H,0.412
P55017,SLC12A3,G186I,0.524
P55017,SLC12A3,G186K,0.406
P55017,SLC12A3,G186F,0.513
P55017,SLC12A3,L187P,0.366
P55017,SLC12A3,L187Y,0.482
P55017,SLC12A3,L187W,0.486
P55017,SLC12A3,L187V,0.652
P55017,SLC12A3,L187T,0.47
P55017,SLC12A3,L187S,0.414
P55017,SLC12A3,L187R,0.403
P55017,SLC12A3,L187Q,0.414
P55017,SLC12A3,L187N,0.36
P55017,SLC12A3,L187M,0.696
P55017,SLC12A3,L187K,0.38
P55017,SLC12A3,L187C,0.534
P55017,SLC12A3,L187D,0.246
P55017,SLC12A3,L187E,0.304
P55017,SLC12A3,L187A,0.485
P55017,SLC12A3,L187G,0.314
P55017,SLC12A3,L187H,0.361
P55017,SLC12A3,L187I,0.689
P55017,SLC12A3,L187F,0.622
P55017,SLC12A3,S188N,0.546
P55017,SLC12A3,S188Y,0.479
P55017,SLC12A3,S188W,0.438
P55017,SLC12A3,S188V,0.526
P55017,SLC12A3,S188T,0.617
P55017,SLC12A3,S188R,0.43
P55017,SLC12A3,S188Q,0.458
P55017,SLC12A3,S188P,0.45
P55017,SLC12A3,S188M,0.595
P55017,SLC12A3,S188L,0.569
P55017,SLC12A3,S188K,0.392
P55017,SLC12A3,S188C,0.649
P55017,SLC12A3,S188D,0.442
P55017,SLC12A3,S188E,0.398
P55017,SLC12A3,S188A,0.651
P55017,SLC12A3,S188G,0.562
P55017,SLC12A3,S188H,0.488
P55017,SLC12A3,S188I,0.534
P55017,SLC12A3,S188F,0.528
P55017,SLC12A3,I189P,0.468
P55017,SLC12A3,I189Y,0.606
P55017,SLC12A3,I189W,0.514
P55017,SLC12A3,I189V,0.849
P55017,SLC12A3,I189T,0.635
P55017,SLC12A3,I189S,0.524
P55017,SLC12A3,I189R,0.479
P55017,SLC12A3,I189Q,0.454
P55017,SLC12A3,I189N,0.511
P55017,SLC12A3,I189M,0.756
P55017,SLC12A3,I189L,0.816
P55017,SLC12A3,I189C,0.612
P55017,SLC12A3,I189D,0.429
P55017,SLC12A3,I189E,0.444
P55017,SLC12A3,I189A,0.59
P55017,SLC12A3,I189G,0.437
P55017,SLC12A3,I189H,0.475
P55017,SLC12A3,I189K,0.473
P55017,SLC12A3,I189F,0.72
P55017,SLC12A3,S190N,0.495
P55017,SLC12A3,S190Y,0.402
P55017,SLC12A3,S190W,0.365
P55017,SLC12A3,S190V,0.462
P55017,SLC12A3,S190T,0.566
P55017,SLC12A3,S190R,0.357
P55017,SLC12A3,S190Q,0.403
P55017,SLC12A3,S190P,0.389
P55017,SLC12A3,S190M,0.528
P55017,SLC12A3,S190L,0.49
P55017,SLC12A3,S190K,0.342
P55017,SLC12A3,S190C,0.581
P55017,SLC12A3,S190D,0.386
P55017,SLC12A3,S190E,0.347
P55017,SLC12A3,S190A,0.599
P55017,SLC12A3,S190G,0.51
P55017,SLC12A3,S190H,0.414
P55017,SLC12A3,S190I,0.452
P55017,SLC12A3,S190F,0.458
P55017,SLC12A3,A191P,0.388
P55017,SLC12A3,A191Y,0.364
P55017,SLC12A3,A191W,0.256
P55017,SLC12A3,A191V,0.6
P55017,SLC12A3,A191T,0.526
P55017,SLC12A3,A191S,0.543
P55017,SLC12A3,A191R,0.326
P55017,SLC12A3,A191Q,0.356
P55017,SLC12A3,A191N,0.334
P55017,SLC12A3,A191M,0.533
P55017,SLC12A3,A191L,0.536
P55017,SLC12A3,A191D,0.304
P55017,SLC12A3,A191E,0.354
P55017,SLC12A3,A191F,0.445
P55017,SLC12A3,A191C,0.582
P55017,SLC12A3,A191H,0.337
P55017,SLC12A3,A191I,0.522
P55017,SLC12A3,A191K,0.322
P55017,SLC12A3,A191G,0.534
P55017,SLC12A3,I192N,0.344
P55017,SLC12A3,I192W,0.418
P55017,SLC12A3,I192V,0.761
P55017,SLC12A3,I192T,0.52
P55017,SLC12A3,I192S,0.396
P55017,SLC12A3,I192R,0.366
P55017,SLC12A3,I192Q,0.34
P55017,SLC12A3,I192P,0.282
P55017,SLC12A3,I192Y,0.441
P55017,SLC12A3,I192M,0.682
P55017,SLC12A3,I192K,0.368
P55017,SLC12A3,I192A,0.524
P55017,SLC12A3,I192C,0.575
P55017,SLC12A3,I192D,0.254
P55017,SLC12A3,I192L,0.715
P55017,SLC12A3,I192F,0.588
P55017,SLC12A3,I192G,0.273
P55017,SLC12A3,I192H,0.408
P55017,SLC12A3,I192E,0.268
P55017,SLC12A3,S193Y,0.639
P55017,SLC12A3,S193W,0.594
P55017,SLC12A3,S193V,0.653
P55017,SLC12A3,S193T,0.756
P55017,SLC12A3,S193R,0.581
P55017,SLC12A3,S193Q,0.6
P55017,SLC12A3,S193P,0.598
P55017,SLC12A3,S193M,0.719
P55017,SLC12A3,S193L,0.692
P55017,SLC12A3,S193N,0.688
P55017,SLC12A3,S193I,0.674
P55017,SLC12A3,S193K,0.544
P55017,SLC12A3,S193C,0.772
P55017,SLC12A3,S193D,0.581
P55017,SLC12A3,S193E,0.544
P55017,SLC12A3,S193A,0.787
P55017,SLC12A3,S193G,0.696
P55017,SLC12A3,S193H,0.626
P55017,SLC12A3,S193F,0.677
P55017,SLC12A3,T194M,0.633
P55017,SLC12A3,T194Y,0.474
P55017,SLC12A3,T194W,0.374
P55017,SLC12A3,T194V,0.648
P55017,SLC12A3,T194S,0.599
P55017,SLC12A3,T194R,0.442
P55017,SLC12A3,T194Q,0.452
P55017,SLC12A3,T194P,0.441
P55017,SLC12A3,T194L,0.602
P55017,SLC12A3,T194N,0.518
P55017,SLC12A3,T194I,0.636
P55017,SLC12A3,T194C,0.606
P55017,SLC12A3,T194D,0.405
P55017,SLC12A3,T194E,0.389
P55017,SLC12A3,T194A,0.624
P55017,SLC12A3,T194G,0.44
P55017,SLC12A3,T194H,0.404
P55017,SLC12A3,T194F,0.521
P55017,SLC12A3,T194K,0.449
P55017,SLC12A3,N195Y,0.564
P55017,SLC12A3,N195M,0.589
P55017,SLC12A3,N195W,0.452
P55017,SLC12A3,N195V,0.536
P55017,SLC12A3,N195T,0.609
P55017,SLC12A3,N195S,0.662
P55017,SLC12A3,N195R,0.559
P55017,SLC12A3,N195Q,0.548
P55017,SLC12A3,N195P,0.446
P55017,SLC12A3,N195L,0.525
P55017,SLC12A3,N195I,0.574
P55017,SLC12A3,N195H,0.67
P55017,SLC12A3,N195G,0.554
P55017,SLC12A3,N195F,0.511
P55017,SLC12A3,N195E,0.523
P55017,SLC12A3,N195D,0.614
P55017,SLC12A3,N195C,0.573
P55017,SLC12A3,N195A,0.522
P55017,SLC12A3,N195K,0.579
P55017,SLC12A3,G196Q,0.647
P55017,SLC12A3,G196R,0.697
P55017,SLC12A3,G196S,0.783
P55017,SLC12A3,G196N,0.752
P55017,SLC12A3,G196V,0.654
P55017,SLC12A3,G196W,0.641
P55017,SLC12A3,G196Y,0.571
P55017,SLC12A3,G196T,0.66
P55017,SLC12A3,G196M,0.581
P55017,SLC12A3,G196P,0.6
P55017,SLC12A3,G196K,0.646
P55017,SLC12A3,G196A,0.76
P55017,SLC12A3,G196C,0.653
P55017,SLC12A3,G196D,0.728
P55017,SLC12A3,G196E,0.696
P55017,SLC12A3,G196L,0.545
P55017,SLC12A3,G196H,0.631
P55017,SLC12A3,G196I,0.586
P55017,SLC12A3,G196F,0.602
P55017,SLC12A3,K197Y,0.81
P55017,SLC12A3,K197W,0.81
P55017,SLC12A3,K197V,0.856
P55017,SLC12A3,K197T,0.914
P55017,SLC12A3,K197S,0.888
P55017,SLC12A3,K197R,1.019
P55017,SLC12A3,K197P,0.824
P55017,SLC12A3,K197N,0.952
P55017,SLC12A3,K197Q,0.978
P55017,SLC12A3,K197M,0.922
P55017,SLC12A3,K197I,0.846
P55017,SLC12A3,K197H,0.896
P55017,SLC12A3,K197G,0.81
P55017,SLC12A3,K197F,0.778
P55017,SLC12A3,K197E,0.96
P55017,SLC12A3,K197D,0.837
P55017,SLC12A3,K197C,0.774
P55017,SLC12A3,K197A,0.866
P55017,SLC12A3,K197L,0.846
P55017,SLC12A3,V198N,0.576
P55017,SLC12A3,V198P,0.58
P55017,SLC12A3,V198Q,0.597
P55017,SLC12A3,V198M,0.816
P55017,SLC12A3,V198S,0.606
P55017,SLC12A3,V198T,0.724
P55017,SLC12A3,V198W,0.59
P55017,SLC12A3,V198R,0.568
P55017,SLC12A3,V198Y,0.638
P55017,SLC12A3,V198L,0.802
P55017,SLC12A3,V198I,0.878
P55017,SLC12A3,V198A,0.742
P55017,SLC12A3,V198C,0.69
P55017,SLC12A3,V198D,0.58
P55017,SLC12A3,V198K,0.572
P55017,SLC12A3,V198F,0.732
P55017,SLC12A3,V198G,0.625
P55017,SLC12A3,V198H,0.566
P55017,SLC12A3,V198E,0.633
P55017,SLC12A3,K199N,0.844
P55017,SLC12A3,K199W,0.738
P55017,SLC12A3,K199V,0.75
P55017,SLC12A3,K199T,0.808
P55017,SLC12A3,K199S,0.783
P55017,SLC12A3,K199R,0.918
P55017,SLC12A3,K199Q,0.87
P55017,SLC12A3,K199P,0.725
P55017,SLC12A3,K199Y,0.712
P55017,SLC12A3,K199M,0.821
P55017,SLC12A3,K199I,0.752
P55017,SLC12A3,K199H,0.786
P55017,SLC12A3,K199G,0.708
P55017,SLC12A3,K199F,0.68
P55017,SLC12A3,K199E,0.849
P55017,SLC12A3,K199D,0.737
P55017,SLC12A3,K199C,0.696
P55017,SLC12A3,K199A,0.76
P55017,SLC12A3,K199L,0.742
P55017,SLC12A3,S200Y,0.786
P55017,SLC12A3,S200P,0.814
P55017,SLC12A3,S200Q,0.79
P55017,SLC12A3,S200M,0.796
P55017,SLC12A3,S200T,0.892
P55017,SLC12A3,S200V,0.758
P55017,SLC12A3,S200W,0.724
P55017,SLC12A3,S200R,0.796
P55017,SLC12A3,S200L,0.774
P55017,SLC12A3,S200N,0.903
P55017,SLC12A3,S200I,0.772
P55017,SLC12A3,S200A,0.89
P55017,SLC12A3,S200C,0.849
P55017,SLC12A3,S200D,0.788
P55017,SLC12A3,S200K,0.792
P55017,SLC12A3,S200F,0.791
P55017,SLC12A3,S200G,0.848
P55017,SLC12A3,S200H,0.782
P55017,SLC12A3,S200E,0.764
P55017,SLC12A3,G201Y,0.56
P55017,SLC12A3,G201W,0.625
P55017,SLC12A3,G201V,0.613
P55017,SLC12A3,G201T,0.629
P55017,SLC12A3,G201S,0.752
P55017,SLC12A3,G201R,0.659
P55017,SLC12A3,G201Q,0.624
P55017,SLC12A3,G201N,0.718
P55017,SLC12A3,G201M,0.572
P55017,SLC12A3,G201P,0.593
P55017,SLC12A3,G201K,0.621
P55017,SLC12A3,G201I,0.546
P55017,SLC12A3,G201H,0.614
P55017,SLC12A3,G201F,0.575
P55017,SLC12A3,G201E,0.655
P55017,SLC12A3,G201D,0.689
P55017,SLC12A3,G201C,0.63
P55017,SLC12A3,G201A,0.755
P55017,SLC12A3,G201L,0.518
P55017,SLC12A3,G202Q,0.5
P55017,SLC12A3,G202R,0.558
P55017,SLC12A3,G202S,0.651
P55017,SLC12A3,G202Y,0.435
P55017,SLC12A3,G202V,0.587
P55017,SLC12A3,G202W,0.529
P55017,SLC12A3,G202T,0.534
P55017,SLC12A3,G202N,0.585
P55017,SLC12A3,G202P,0.459
P55017,SLC12A3,G202M,0.522
P55017,SLC12A3,G202A,0.699
P55017,SLC12A3,G202C,0.614
P55017,SLC12A3,G202D,0.549
P55017,SLC12A3,G202E,0.544
P55017,SLC12A3,G202L,0.484
P55017,SLC12A3,G202H,0.487
P55017,SLC12A3,G202I,0.512
P55017,SLC12A3,G202K,0.488
P55017,SLC12A3,G202F,0.503
P55017,SLC12A3,T203M,0.748
P55017,SLC12A3,T203W,0.484
P55017,SLC12A3,T203V,0.752
P55017,SLC12A3,T203S,0.696
P55017,SLC12A3,T203R,0.556
P55017,SLC12A3,T203Q,0.557
P55017,SLC12A3,T203P,0.548
P55017,SLC12A3,T203N,0.611
P55017,SLC12A3,T203Y,0.58
P55017,SLC12A3,T203K,0.548
P55017,SLC12A3,T203I,0.757
P55017,SLC12A3,T203H,0.537
P55017,SLC12A3,T203G,0.536
P55017,SLC12A3,T203F,0.637
P55017,SLC12A3,T203E,0.498
P55017,SLC12A3,T203D,0.491
P55017,SLC12A3,T203C,0.692
P55017,SLC12A3,T203A,0.732
P55017,SLC12A3,T203L,0.701
P55017,SLC12A3,Y204N,0.434
P55017,SLC12A3,Y204P,0.288
P55017,SLC12A3,Y204Q,0.458
P55017,SLC12A3,Y204W,0.611
P55017,SLC12A3,Y204S,0.416
P55017,SLC12A3,Y204T,0.413
P55017,SLC12A3,Y204V,0.533
P55017,SLC12A3,Y204R,0.428
P55017,SLC12A3,Y204M,0.526
P55017,SLC12A3,Y204K,0.36
P55017,SLC12A3,Y204I,0.534
P55017,SLC12A3,Y204A,0.424
P55017,SLC12A3,Y204C,0.554
P55017,SLC12A3,Y204D,0.314
P55017,SLC12A3,Y204L,0.582
P55017,SLC12A3,Y204F,0.758
P55017,SLC12A3,Y204G,0.396
P55017,SLC12A3,Y204H,0.623
P55017,SLC12A3,Y204E,0.337
P55017,SLC12A3,F205Y,0.802
P55017,SLC12A3,F205W,0.682
P55017,SLC12A3,F205V,0.664
P55017,SLC12A3,F205T,0.558
P55017,SLC12A3,F205S,0.595
P55017,SLC12A3,F205R,0.481
P55017,SLC12A3,F205Q,0.475
P55017,SLC12A3,F205N,0.508
P55017,SLC12A3,F205P,0.411
P55017,SLC12A3,F205M,0.681
P55017,SLC12A3,F205K,0.452
P55017,SLC12A3,F205I,0.69
P55017,SLC12A3,F205H,0.629
P55017,SLC12A3,F205G,0.481
P55017,SLC12A3,F205E,0.408
P55017,SLC12A3,F205D,0.46
P55017,SLC12A3,F205C,0.648
P55017,SLC12A3,F205A,0.556
P55017,SLC12A3,F205L,0.718
P55017,SLC12A3,L206P,0.399
P55017,SLC12A3,L206Q,0.429
P55017,SLC12A3,L206R,0.408
P55017,SLC12A3,L206N,0.362
P55017,SLC12A3,L206T,0.478
P55017,SLC12A3,L206V,0.681
P55017,SLC12A3,L206W,0.515
P55017,SLC12A3,L206S,0.416
P55017,SLC12A3,L206Y,0.506
P55017,SLC12A3,L206K,0.374
P55017,SLC12A3,L206I,0.728
P55017,SLC12A3,L206A,0.496
P55017,SLC12A3,L206C,0.558
P55017,SLC12A3,L206D,0.273
P55017,SLC12A3,L206M,0.723
P55017,SLC12A3,L206F,0.668
P55017,SLC12A3,L206G,0.32
P55017,SLC12A3,L206H,0.402
P55017,SLC12A3,L206E,0.318
P55017,SLC12A3,I207N,0.476
P55017,SLC12A3,I207W,0.47
P55017,SLC12A3,I207V,0.798
P55017,SLC12A3,I207T,0.588
P55017,SLC12A3,I207S,0.498
P55017,SLC12A3,I207R,0.45
P55017,SLC12A3,I207Q,0.433
P55017,SLC12A3,I207P,0.444
P55017,SLC12A3,I207Y,0.57
P55017,SLC12A3,I207L,0.762
P55017,SLC12A3,I207K,0.436
P55017,SLC12A3,I207H,0.446
P55017,SLC12A3,I207G,0.41
P55017,SLC12A3,I207F,0.664
P55017,SLC12A3,I207E,0.426
P55017,SLC12A3,I207D,0.409
P55017,SLC12A3,I207C,0.574
P55017,SLC12A3,I207A,0.561
P55017,SLC12A3,I207M,0.712
P55017,SLC12A3,S208P,0.458
P55017,SLC12A3,S208Q,0.46
P55017,SLC12A3,S208R,0.457
P55017,SLC12A3,S208Y,0.488
P55017,SLC12A3,S208V,0.498
P55017,SLC12A3,S208W,0.43
P55017,SLC12A3,S208T,0.621
P55017,SLC12A3,S208M,0.55
P55017,SLC12A3,S208N,0.561
P55017,SLC12A3,S208L,0.529
P55017,SLC12A3,S208A,0.648
P55017,SLC12A3,S208C,0.625
P55017,SLC12A3,S208D,0.454
P55017,SLC12A3,S208E,0.408
P55017,SLC12A3,S208K,0.418
P55017,SLC12A3,S208G,0.567
P55017,SLC12A3,S208H,0.473
P55017,SLC12A3,S208I,0.505
P55017,SLC12A3,S208F,0.518
P55017,SLC12A3,R209Y,0.518
P55017,SLC12A3,R209W,0.567
P55017,SLC12A3,R209V,0.51
P55017,SLC12A3,R209T,0.56
P55017,SLC12A3,R209S,0.55
P55017,SLC12A3,R209Q,0.659
P55017,SLC12A3,R209P,0.451
P55017,SLC12A3,R209M,0.624
P55017,SLC12A3,R209L,0.57
P55017,SLC12A3,R209N,0.57
P55017,SLC12A3,R209I,0.529
P55017,SLC12A3,R209K,0.696
P55017,SLC12A3,R209C,0.571
P55017,SLC12A3,R209D,0.441
P55017,SLC12A3,R209E,0.507
P55017,SLC12A3,R209A,0.545
P55017,SLC12A3,R209G,0.522
P55017,SLC12A3,R209H,0.663
P55017,SLC12A3,R209F,0.471
P55017,SLC12A3,S210M,0.637
P55017,SLC12A3,S210Y,0.605
P55017,SLC12A3,S210W,0.539
P55017,SLC12A3,S210V,0.609
P55017,SLC12A3,S210T,0.736
P55017,SLC12A3,S210R,0.591
P55017,SLC12A3,S210Q,0.594
P55017,SLC12A3,S210P,0.65
P55017,SLC12A3,S210L,0.644
P55017,SLC12A3,S210N,0.74
P55017,SLC12A3,S210I,0.622
P55017,SLC12A3,S210C,0.679
P55017,SLC12A3,S210D,0.593
P55017,SLC12A3,S210E,0.56
P55017,SLC12A3,S210A,0.741
P55017,SLC12A3,S210G,0.696
P55017,SLC12A3,S210H,0.581
P55017,SLC12A3,S210F,0.655
P55017,SLC12A3,S210K,0.597
P55017,SLC12A3,L211Y,0.513
P55017,SLC12A3,L211N,0.402
P55017,SLC12A3,L211W,0.515
P55017,SLC12A3,L211V,0.68
P55017,SLC12A3,L211T,0.516
P55017,SLC12A3,L211S,0.484
P55017,SLC12A3,L211R,0.472
P55017,SLC12A3,L211Q,0.498
P55017,SLC12A3,L211P,0.495
P55017,SLC12A3,L211M,0.728
P55017,SLC12A3,L211I,0.706
P55017,SLC12A3,L211H,0.486
P55017,SLC12A3,L211G,0.364
P55017,SLC12A3,L211F,0.659
P55017,SLC12A3,L211E,0.394
P55017,SLC12A3,L211D,0.347
P55017,SLC12A3,L211C,0.528
P55017,SLC12A3,L211A,0.52
P55017,SLC12A3,L211K,0.421
P55017,SLC12A3,G212Y,0.438
P55017,SLC12A3,G212Q,0.498
P55017,SLC12A3,G212R,0.552
P55017,SLC12A3,G212N,0.571
P55017,SLC12A3,G212T,0.536
P55017,SLC12A3,G212V,0.592
P55017,SLC12A3,G212W,0.538
P55017,SLC12A3,G212S,0.64
P55017,SLC12A3,G212M,0.528
P55017,SLC12A3,G212P,0.458
P55017,SLC12A3,G212K,0.482
P55017,SLC12A3,G212A,0.702
P55017,SLC12A3,G212C,0.616
P55017,SLC12A3,G212D,0.53
P55017,SLC12A3,G212L,0.497
P55017,SLC12A3,G212F,0.511
P55017,SLC12A3,G212H,0.485
P55017,SLC12A3,G212I,0.526
P55017,SLC12A3,G212E,0.527
P55017,SLC12A3,P213Y,0.504
P55017,SLC12A3,P213W,0.359
P55017,SLC12A3,P213V,0.55
P55017,SLC12A3,P213T,0.571
P55017,SLC12A3,P213S,0.563
P55017,SLC12A3,P213R,0.468
P55017,SLC12A3,P213Q,0.538
P55017,SLC12A3,P213M,0.57
P55017,SLC12A3,P213L,0.562
P55017,SLC12A3,P213N,0.428
P55017,SLC12A3,P213I,0.514
P55017,SLC12A3,P213H,0.528
P55017,SLC12A3,P213G,0.446
P55017,SLC12A3,P213F,0.521
P55017,SLC12A3,P213E,0.465
P55017,SLC12A3,P213D,0.436
P55017,SLC12A3,P213C,0.552
P55017,SLC12A3,P213A,0.616
P55017,SLC12A3,P213K,0.448
P55017,SLC12A3,E214Q,0.775
P55017,SLC12A3,E214R,0.636
P55017,SLC12A3,E214S,0.636
P55017,SLC12A3,E214Y,0.58
P55017,SLC12A3,E214V,0.682
P55017,SLC12A3,E214W,0.525
P55017,SLC12A3,E214T,0.641
P55017,SLC12A3,E214N,0.655
P55017,SLC12A3,E214P,0.604
P55017,SLC12A3,E214M,0.645
P55017,SLC12A3,E214A,0.688
P55017,SLC12A3,E214C,0.538
P55017,SLC12A3,E214D,0.779
P55017,SLC12A3,E214F,0.558
P55017,SLC12A3,E214L,0.613
P55017,SLC12A3,E214H,0.651
P55017,SLC12A3,E214I,0.633
P55017,SLC12A3,E214K,0.722
P55017,SLC12A3,E214G,0.642
P55017,SLC12A3,L215N,0.537
P55017,SLC12A3,L215W,0.634
P55017,SLC12A3,L215V,0.786
P55017,SLC12A3,L215T,0.645
P55017,SLC12A3,L215S,0.615
P55017,SLC12A3,L215R,0.604
P55017,SLC12A3,L215Q,0.626
P55017,SLC12A3,L215P,0.619
P55017,SLC12A3,L215Y,0.653
P55017,SLC12A3,L215K,0.556
P55017,SLC12A3,L215I,0.825
P55017,SLC12A3,L215H,0.612
P55017,SLC12A3,L215G,0.5
P55017,SLC12A3,L215F,0.778
P55017,SLC12A3,L215E,0.542
P55017,SLC12A3,L215D,0.499
P55017,SLC12A3,L215C,0.637
P55017,SLC12A3,L215A,0.643
P55017,SLC12A3,L215M,0.834
P55017,SLC12A3,G216P,0.398
P55017,SLC12A3,G216Q,0.41
P55017,SLC12A3,G216R,0.446
P55017,SLC12A3,G216Y,0.35
P55017,SLC12A3,G216T,0.47
P55017,SLC12A3,G216V,0.552
P55017,SLC12A3,G216W,0.484
P55017,SLC12A3,G216S,0.581
P55017,SLC12A3,G216N,0.492
P55017,SLC12A3,G216L,0.474
P55017,SLC12A3,G216K,0.382
P55017,SLC12A3,G216A,0.664
P55017,SLC12A3,G216C,0.567
P55017,SLC12A3,G216D,0.453
P55017,SLC12A3,G216M,0.511
P55017,SLC12A3,G216F,0.468
P55017,SLC12A3,G216H,0.406
P55017,SLC12A3,G216I,0.473
P55017,SLC12A3,G216E,0.434
P55017,SLC12A3,G217Y,0.415
P55017,SLC12A3,G217W,0.542
P55017,SLC12A3,G217V,0.595
P55017,SLC12A3,G217T,0.515
P55017,SLC12A3,G217S,0.624
P55017,SLC12A3,G217R,0.514
P55017,SLC12A3,G217Q,0.475
P55017,SLC12A3,G217N,0.542
P55017,SLC12A3,G217M,0.551
P55017,SLC12A3,G217P,0.45
P55017,SLC12A3,G217K,0.452
P55017,SLC12A3,G217I,0.523
P55017,SLC12A3,G217H,0.465
P55017,SLC12A3,G217F,0.516
P55017,SLC12A3,G217E,0.5
P55017,SLC12A3,G217D,0.5
P55017,SLC12A3,G217C,0.61
P55017,SLC12A3,G217A,0.702
P55017,SLC12A3,G217L,0.518
P55017,SLC12A3,S218P,0.651
P55017,SLC12A3,S218Q,0.65
P55017,SLC12A3,S218R,0.631
P55017,SLC12A3,S218Y,0.702
P55017,SLC12A3,S218V,0.71
P55017,SLC12A3,S218W,0.664
P55017,SLC12A3,S218T,0.804
P55017,SLC12A3,S218M,0.776
P55017,SLC12A3,S218N,0.735
P55017,SLC12A3,S218L,0.76
P55017,SLC12A3,S218A,0.839
P55017,SLC12A3,S218C,0.824
P55017,SLC12A3,S218D,0.624
P55017,SLC12A3,S218E,0.59
P55017,SLC12A3,S218K,0.588
P55017,SLC12A3,S218G,0.742
P55017,SLC12A3,S218H,0.675
P55017,SLC12A3,S218I,0.746
P55017,SLC12A3,S218F,0.747
P55017,SLC12A3,I219N,0.46
P55017,SLC12A3,I219W,0.444
P55017,SLC12A3,I219V,0.766
P55017,SLC12A3,I219T,0.569
P55017,SLC12A3,I219S,0.482
P55017,SLC12A3,I219R,0.431
P55017,SLC12A3,I219Q,0.414
P55017,SLC12A3,I219P,0.426
P55017,SLC12A3,I219Y,0.542
P55017,SLC12A3,I219L,0.724
P55017,SLC12A3,I219K,0.422
P55017,SLC12A3,I219H,0.424
P55017,SLC12A3,I219G,0.393
P55017,SLC12A3,I219F,0.631
P55017,SLC12A3,I219E,0.41
P55017,SLC12A3,I219D,0.394
P55017,SLC12A3,I219C,0.546
P55017,SLC12A3,I219A,0.538
P55017,SLC12A3,I219M,0.679
P55017,SLC12A3,G220P,0.401
P55017,SLC12A3,G220Q,0.425
P55017,SLC12A3,G220R,0.471
P55017,SLC12A3,G220Y,0.39
P55017,SLC12A3,G220T,0.482
P55017,SLC12A3,G220V,0.562
P55017,SLC12A3,G220W,0.507
P55017,SLC12A3,G220S,0.595
P55017,SLC12A3,G220N,0.506
P55017,SLC12A3,G220M,0.53
P55017,SLC12A3,G220K,0.398
P55017,SLC12A3,G220A,0.676
P55017,SLC12A3,G220C,0.592
P55017,SLC12A3,G220D,0.452
P55017,SLC12A3,G220L,0.491
P55017,SLC12A3,G220F,0.496
P55017,SLC12A3,G220H,0.412
P55017,SLC12A3,G220I,0.5
P55017,SLC12A3,G220E,0.452
P55017,SLC12A3,L221Y,0.605
P55017,SLC12A3,L221W,0.58
P55017,SLC12A3,L221V,0.733
P55017,SLC12A3,L221T,0.595
P55017,SLC12A3,L221S,0.568
P55017,SLC12A3,L221R,0.56
P55017,SLC12A3,L221Q,0.587
P55017,SLC12A3,L221N,0.49
P55017,SLC12A3,L221P,0.577
P55017,SLC12A3,L221M,0.782
P55017,SLC12A3,L221I,0.77
P55017,SLC12A3,L221H,0.562
P55017,SLC12A3,L221G,0.451
P55017,SLC12A3,L221F,0.714
P55017,SLC12A3,L221E,0.496
P55017,SLC12A3,L221D,0.449
P55017,SLC12A3,L221C,0.58
P55017,SLC12A3,L221A,0.597
P55017,SLC12A3,L221K,0.52
P55017,SLC12A3,I222P,0.513
P55017,SLC12A3,I222Q,0.502
P55017,SLC12A3,I222R,0.518
P55017,SLC12A3,I222N,0.547
P55017,SLC12A3,I222T,0.653
P55017,SLC12A3,I222V,0.852
P55017,SLC12A3,I222W,0.536
P55017,SLC12A3,I222S,0.567
P55017,SLC12A3,I222Y,0.632
P55017,SLC12A3,I222M,0.768
P55017,SLC12A3,I222K,0.507
P55017,SLC12A3,I222A,0.622
P55017,SLC12A3,I222C,0.636
P55017,SLC12A3,I222D,0.478
P55017,SLC12A3,I222L,0.812
P55017,SLC12A3,I222F,0.722
P55017,SLC12A3,I222G,0.476
P55017,SLC12A3,I222H,0.516
P55017,SLC12A3,I222E,0.496
P55017,SLC12A3,F223N,0.29
P55017,SLC12A3,F223W,0.547
P55017,SLC12A3,F223V,0.523
P55017,SLC12A3,F223T,0.357
P55017,SLC12A3,F223S,0.382
P55017,SLC12A3,F223R,0.264
P55017,SLC12A3,F223Q,0.266
P55017,SLC12A3,F223P,0.207
P55017,SLC12A3,F223Y,0.638
P55017,SLC12A3,F223M,0.538
P55017,SLC12A3,F223K,0.232
P55017,SLC12A3,F223I,0.568
P55017,SLC12A3,F223H,0.432
P55017,SLC12A3,F223G,0.278
P55017,SLC12A3,F223E,0.173
P55017,SLC12A3,F223D,0.244
P55017,SLC12A3,F223C,0.493
P55017,SLC12A3,F223A,0.368
P55017,SLC12A3,F223L,0.612
P55017,SLC12A3,A224P,0.46
P55017,SLC12A3,A224Q,0.426
P55017,SLC12A3,A224R,0.406
P55017,SLC12A3,A224Y,0.465
P55017,SLC12A3,A224T,0.59
P55017,SLC12A3,A224V,0.667
P55017,SLC12A3,A224W,0.382
P55017,SLC12A3,A224S,0.604
P55017,SLC12A3,A224N,0.409
P55017,SLC12A3,A224M,0.6
P55017,SLC12A3,A224K,0.384
P55017,SLC12A3,A224C,0.641
P55017,SLC12A3,A224D,0.382
P55017,SLC12A3,A224E,0.418
P55017,SLC12A3,A224L,0.598
P55017,SLC12A3,A224G,0.594
P55017,SLC12A3,A224H,0.421
P55017,SLC12A3,A224I,0.601
P55017,SLC12A3,A224F,0.52
P55017,SLC12A3,F225Y,0.761
P55017,SLC12A3,F225W,0.626
P55017,SLC12A3,F225V,0.63
P55017,SLC12A3,F225T,0.558
P55017,SLC12A3,F225S,0.562
P55017,SLC12A3,F225R,0.498
P55017,SLC12A3,F225Q,0.518
P55017,SLC12A3,F225N,0.48
P55017,SLC12A3,F225M,0.635
P55017,SLC12A3,F225P,0.47
P55017,SLC12A3,F225K,0.479
P55017,SLC12A3,F225L,0.696
P55017,SLC12A3,F225C,0.588
P55017,SLC12A3,F225D,0.506
P55017,SLC12A3,F225E,0.467
P55017,SLC12A3,F225A,0.566
P55017,SLC12A3,F225H,0.58
P55017,SLC12A3,F225I,0.666
P55017,SLC12A3,F225G,0.476
P55017,SLC12A3,A226N,0.42
P55017,SLC12A3,A226Y,0.45
P55017,SLC12A3,A226W,0.34
P55017,SLC12A3,A226V,0.643
P55017,SLC12A3,A226T,0.593
P55017,SLC12A3,A226S,0.614
P55017,SLC12A3,A226R,0.418
P55017,SLC12A3,A226Q,0.438
P55017,SLC12A3,A226M,0.581
P55017,SLC12A3,A226P,0.458
P55017,SLC12A3,A226K,0.404
P55017,SLC12A3,A226D,0.393
P55017,SLC12A3,A226E,0.434
P55017,SLC12A3,A226F,0.502
P55017,SLC12A3,A226C,0.624
P55017,SLC12A3,A226H,0.426
P55017,SLC12A3,A226I,0.577
P55017,SLC12A3,A226G,0.596
P55017,SLC12A3,A226L,0.576
P55017,SLC12A3,N227Y,0.477
P55017,SLC12A3,N227M,0.548
P55017,SLC12A3,N227W,0.377
P55017,SLC12A3,N227V,0.502
P55017,SLC12A3,N227T,0.552
P55017,SLC12A3,N227S,0.599
P55017,SLC12A3,N227R,0.471
P55017,SLC12A3,N227Q,0.479
P55017,SLC12A3,N227P,0.383
P55017,SLC12A3,N227L,0.496
P55017,SLC12A3,N227I,0.529
P55017,SLC12A3,N227H,0.608
P55017,SLC12A3,N227G,0.497
P55017,SLC12A3,N227F,0.466
P55017,SLC12A3,N227E,0.444
P55017,SLC12A3,N227D,0.536
P55017,SLC12A3,N227C,0.531
P55017,SLC12A3,N227A,0.477
P55017,SLC12A3,N227K,0.498
P55017,SLC12A3,A228Y,0.474
P55017,SLC12A3,A228Q,0.452
P55017,SLC12A3,A228R,0.426
P55017,SLC12A3,A228N,0.431
P55017,SLC12A3,A228T,0.617
P55017,SLC12A3,A228V,0.7
P55017,SLC12A3,A228W,0.384
P55017,SLC12A3,A228S,0.631
P55017,SLC12A3,A228M,0.632
P55017,SLC12A3,A228P,0.476
P55017,SLC12A3,A228K,0.409
P55017,SLC12A3,A228C,0.672
P55017,SLC12A3,A228D,0.401
P55017,SLC12A3,A228E,0.442
P55017,SLC12A3,A228L,0.65
P55017,SLC12A3,A228G,0.62
P55017,SLC12A3,A228H,0.433
P55017,SLC12A3,A228I,0.637
P55017,SLC12A3,A228F,0.558
P55017,SLC12A3,V229Y,0.41
P55017,SLC12A3,V229W,0.318
P55017,SLC12A3,V229T,0.486
P55017,SLC12A3,V229S,0.358
P55017,SLC12A3,V229R,0.233
P55017,SLC12A3,V229Q,0.339
P55017,SLC12A3,V229P,0.316
P55017,SLC12A3,V229M,0.637
P55017,SLC12A3,V229N,0.277
P55017,SLC12A3,V229L,0.642
P55017,SLC12A3,V229I,0.718
P55017,SLC12A3,V229H,0.281
P55017,SLC12A3,V229G,0.344
P55017,SLC12A3,V229F,0.52
P55017,SLC12A3,V229E,0.322
P55017,SLC12A3,V229D,0.258
P55017,SLC12A3,V229C,0.52
P55017,SLC12A3,V229A,0.544
P55017,SLC12A3,V229K,0.294
P55017,SLC12A3,G230P,0.434
P55017,SLC12A3,G230Q,0.46
P55017,SLC12A3,G230R,0.501
P55017,SLC12A3,G230N,0.546
P55017,SLC12A3,G230T,0.516
P55017,SLC12A3,G230V,0.576
P55017,SLC12A3,G230W,0.514
P55017,SLC12A3,G230S,0.631
P55017,SLC12A3,G230Y,0.403
P55017,SLC12A3,G230L,0.49
P55017,SLC12A3,G230K,0.442
P55017,SLC12A3,G230A,0.704
P55017,SLC12A3,G230C,0.617
P55017,SLC12A3,G230D,0.514
P55017,SLC12A3,G230M,0.544
P55017,SLC12A3,G230F,0.494
P55017,SLC12A3,G230H,0.441
P55017,SLC12A3,G230I,0.506
P55017,SLC12A3,G230E,0.502
P55017,SLC12A3,V231M,0.61
P55017,SLC12A3,V231W,0.294
P55017,SLC12A3,V231T,0.454
P55017,SLC12A3,V231S,0.323
P55017,SLC12A3,V231R,0.194
P55017,SLC12A3,V231Q,0.304
P55017,SLC12A3,V231P,0.278
P55017,SLC12A3,V231N,0.236
P55017,SLC12A3,V231Y,0.385
P55017,SLC12A3,V231K,0.248
P55017,SLC12A3,V231I,0.705
P55017,SLC12A3,V231H,0.25
P55017,SLC12A3,V231G,0.306
P55017,SLC12A3,V231F,0.51
P55017,SLC12A3,V231E,0.274
P55017,SLC12A3,V231D,0.218
P55017,SLC12A3,V231C,0.502
P55017,SLC12A3,V231A,0.513
P55017,SLC12A3,V231L,0.631
P55017,SLC12A3,A232Q,0.41
P55017,SLC12A3,A232R,0.38
P55017,SLC12A3,A232S,0.595
P55017,SLC12A3,A232Y,0.432
P55017,SLC12A3,A232V,0.678
P55017,SLC12A3,A232W,0.34
P55017,SLC12A3,A232T,0.584
P55017,SLC12A3,A232N,0.385
P55017,SLC12A3,A232P,0.442
P55017,SLC12A3,A232M,0.603
P55017,SLC12A3,A232C,0.647
P55017,SLC12A3,A232D,0.353
P55017,SLC12A3,A232E,0.402
P55017,SLC12A3,A232F,0.524
P55017,SLC12A3,A232L,0.624
P55017,SLC12A3,A232H,0.39
P55017,SLC12A3,A232I,0.602
P55017,SLC12A3,A232K,0.37
P55017,SLC12A3,A232G,0.588
P55017,SLC12A3,M233Y,0.505
P55017,SLC12A3,M233W,0.516
P55017,SLC12A3,M233V,0.689
P55017,SLC12A3,M233T,0.514
P55017,SLC12A3,M233S,0.38
P55017,SLC12A3,M233R,0.398
P55017,SLC12A3,M233Q,0.462
P55017,SLC12A3,M233N,0.371
P55017,SLC12A3,M233L,0.75
P55017,SLC12A3,M233P,0.307
P55017,SLC12A3,M233I,0.7
P55017,SLC12A3,M233K,0.414
P55017,SLC12A3,M233C,0.518
P55017,SLC12A3,M233D,0.262
P55017,SLC12A3,M233E,0.346
P55017,SLC12A3,M233A,0.512
P55017,SLC12A3,M233G,0.39
P55017,SLC12A3,M233H,0.436
P55017,SLC12A3,M233F,0.614
P55017,SLC12A3,H234N,0.653
P55017,SLC12A3,H234W,0.552
P55017,SLC12A3,H234V,0.536
P55017,SLC12A3,H234T,0.513
P55017,SLC12A3,H234S,0.537
P55017,SLC12A3,H234R,0.595
P55017,SLC12A3,H234Q,0.599
P55017,SLC12A3,H234Y,0.764
P55017,SLC12A3,H234M,0.566
P55017,SLC12A3,H234P,0.512
P55017,SLC12A3,H234K,0.497
P55017,SLC12A3,H234A,0.504
P55017,SLC12A3,H234C,0.559
P55017,SLC12A3,H234D,0.534
P55017,SLC12A3,H234L,0.608
P55017,SLC12A3,H234F,0.676
P55017,SLC12A3,H234G,0.478
P55017,SLC12A3,H234I,0.564
P55017,SLC12A3,H234E,0.548
P55017,SLC12A3,T235Y,0.497
P55017,SLC12A3,T235W,0.375
P55017,SLC12A3,T235V,0.68
P55017,SLC12A3,T235S,0.591
P55017,SLC12A3,T235R,0.432
P55017,SLC12A3,T235Q,0.441
P55017,SLC12A3,T235P,0.462
P55017,SLC12A3,T235M,0.657
P55017,SLC12A3,T235N,0.514
P55017,SLC12A3,T235L,0.639
P55017,SLC12A3,T235I,0.676
P55017,SLC12A3,T235H,0.412
P55017,SLC12A3,T235G,0.44
P55017,SLC12A3,T235F,0.552
P55017,SLC12A3,T235E,0.386
P55017,SLC12A3,T235D,0.386
P55017,SLC12A3,T235C,0.619
P55017,SLC12A3,T235A,0.635
P55017,SLC12A3,T235K,0.446
P55017,SLC12A3,V236N,0.194
P55017,SLC12A3,V236P,0.236
P55017,SLC12A3,V236Q,0.25
P55017,SLC12A3,V236M,0.577
P55017,SLC12A3,V236S,0.274
P55017,SLC12A3,V236T,0.414
P55017,SLC12A3,V236W,0.246
P55017,SLC12A3,V236R,0.148
P55017,SLC12A3,V236Y,0.337
P55017,SLC12A3,V236K,0.2
P55017,SLC12A3,V236I,0.671
P55017,SLC12A3,V236A,0.476
P55017,SLC12A3,V236C,0.461
P55017,SLC12A3,V236D,0.172
P55017,SLC12A3,V236L,0.597
P55017,SLC12A3,V236F,0.461
P55017,SLC12A3,V236G,0.252
P55017,SLC12A3,V236H,0.196
P55017,SLC12A3,V236E,0.236
P55017,SLC12A3,G237Y,0.341
P55017,SLC12A3,G237W,0.458
P55017,SLC12A3,G237V,0.527
P55017,SLC12A3,G237T,0.471
P55017,SLC12A3,G237S,0.584
P55017,SLC12A3,G237R,0.44
P55017,SLC12A3,G237Q,0.399
P55017,SLC12A3,G237N,0.496
P55017,SLC12A3,G237P,0.386
P55017,SLC12A3,G237M,0.508
P55017,SLC12A3,G237K,0.387
P55017,SLC12A3,G237I,0.466
P55017,SLC12A3,G237H,0.382
P55017,SLC12A3,G237F,0.448
P55017,SLC12A3,G237E,0.433
P55017,SLC12A3,G237D,0.44
P55017,SLC12A3,G237C,0.557
P55017,SLC12A3,G237A,0.659
P55017,SLC12A3,G237L,0.451
P55017,SLC12A3,F238P,0.222
P55017,SLC12A3,F238Q,0.279
P55017,SLC12A3,F238R,0.276
P55017,SLC12A3,F238N,0.306
P55017,SLC12A3,F238T,0.368
P55017,SLC12A3,F238V,0.511
P55017,SLC12A3,F238W,0.531
P55017,SLC12A3,F238S,0.399
P55017,SLC12A3,F238Y,0.629
P55017,SLC12A3,F238M,0.527
P55017,SLC12A3,F238K,0.257
P55017,SLC12A3,F238A,0.378
P55017,SLC12A3,F238C,0.486
P55017,SLC12A3,F238D,0.256
P55017,SLC12A3,F238L,0.58
P55017,SLC12A3,F238G,0.29
P55017,SLC12A3,F238H,0.441
P55017,SLC12A3,F238I,0.545
P55017,SLC12A3,F238E,0.202
P55017,SLC12A3,A239N,0.347
P55017,SLC12A3,A239W,0.27
P55017,SLC12A3,A239V,0.623
P55017,SLC12A3,A239T,0.542
P55017,SLC12A3,A239S,0.554
P55017,SLC12A3,A239R,0.341
P55017,SLC12A3,A239Q,0.372
P55017,SLC12A3,A239P,0.402
P55017,SLC12A3,A239Y,0.384
P55017,SLC12A3,A239M,0.551
P55017,SLC12A3,A239K,0.332
P55017,SLC12A3,A239I,0.548
P55017,SLC12A3,A239H,0.348
P55017,SLC12A3,A239G,0.548
P55017,SLC12A3,A239F,0.468
P55017,SLC12A3,A239E,0.366
P55017,SLC12A3,A239D,0.317
P55017,SLC12A3,A239C,0.596
P55017,SLC12A3,A239L,0.562
P55017,SLC12A3,E240P,0.384
P55017,SLC12A3,E240Q,0.683
P55017,SLC12A3,E240R,0.551
P55017,SLC12A3,E240Y,0.562
P55017,SLC12A3,E240T,0.499
P55017,SLC12A3,E240V,0.591
P55017,SLC12A3,E240W,0.476
P55017,SLC12A3,E240S,0.506
P55017,SLC12A3,E240N,0.509
P55017,SLC12A3,E240M,0.614
P55017,SLC12A3,E240K,0.567
P55017,SLC12A3,E240A,0.581
P55017,SLC12A3,E240C,0.498
P55017,SLC12A3,E240D,0.655
P55017,SLC12A3,E240L,0.558
P55017,SLC12A3,E240G,0.508
P55017,SLC12A3,E240H,0.555
P55017,SLC12A3,E240I,0.554
P55017,SLC12A3,E240F,0.523
P55017,SLC12A3,T241Y,0.484
P55017,SLC12A3,T241W,0.376
P55017,SLC12A3,T241V,0.657
P55017,SLC12A3,T241S,0.601
P55017,SLC12A3,T241R,0.451
P55017,SLC12A3,T241Q,0.456
P55017,SLC12A3,T241P,0.446
P55017,SLC12A3,T241M,0.642
P55017,SLC12A3,T241L,0.619
P55017,SLC12A3,T241N,0.521
P55017,SLC12A3,T241I,0.65
P55017,SLC12A3,T241K,0.458
P55017,SLC12A3,T241C,0.611
P55017,SLC12A3,T241D,0.401
P55017,SLC12A3,T241E,0.392
P55017,SLC12A3,T241A,0.631
P55017,SLC12A3,T241G,0.439
P55017,SLC12A3,T241H,0.414
P55017,SLC12A3,T241F,0.536
P55017,SLC12A3,V242M,0.588
P55017,SLC12A3,V242W,0.264
P55017,SLC12A3,V242T,0.439
P55017,SLC12A3,V242S,0.31
P55017,SLC12A3,V242R,0.178
P55017,SLC12A3,V242Q,0.287
P55017,SLC12A3,V242P,0.268
P55017,SLC12A3,V242Y,0.359
P55017,SLC12A3,V242L,0.595
P55017,SLC12A3,V242N,0.221
P55017,SLC12A3,V242I,0.672
P55017,SLC12A3,V242A,0.496
P55017,SLC12A3,V242C,0.472
P55017,SLC12A3,V242D,0.207
P55017,SLC12A3,V242K,0.244
P55017,SLC12A3,V242F,0.468
P55017,SLC12A3,V242G,0.284
P55017,SLC12A3,V242H,0.228
P55017,SLC12A3,V242E,0.264
P55017,SLC12A3,R243M,0.741
P55017,SLC12A3,R243W,0.671
P55017,SLC12A3,R243V,0.626
P55017,SLC12A3,R243T,0.66
P55017,SLC12A3,R243S,0.643
P55017,SLC12A3,R243Q,0.752
P55017,SLC12A3,R243P,0.56
P55017,SLC12A3,R243N,0.664
P55017,SLC12A3,R243Y,0.612
P55017,SLC12A3,R243K,0.785
P55017,SLC12A3,R243I,0.639
P55017,SLC12A3,R243H,0.76
P55017,SLC12A3,R243G,0.631
P55017,SLC12A3,R243F,0.582
P55017,SLC12A3,R243E,0.598
P55017,SLC12A3,R243D,0.525
P55017,SLC12A3,R243C,0.68
P55017,SLC12A3,R243A,0.645
P55017,SLC12A3,R243L,0.696
P55017,SLC12A3,D244Q,0.686
P55017,SLC12A3,D244R,0.559
P55017,SLC12A3,D244S,0.668
P55017,SLC12A3,D244Y,0.648
P55017,SLC12A3,D244V,0.653
P55017,SLC12A3,D244W,0.542
P55017,SLC12A3,D244T,0.644
P55017,SLC12A3,D244N,0.782
P55017,SLC12A3,D244P,0.49
P55017,SLC12A3,D244M,0.581
P55017,SLC12A3,D244A,0.649
P55017,SLC12A3,D244C,0.67
P55017,SLC12A3,D244E,0.786
P55017,SLC12A3,D244F,0.644
P55017,SLC12A3,D244L,0.583
P55017,SLC12A3,D244H,0.722
P55017,SLC12A3,D244I,0.645
P55017,SLC12A3,D244K,0.594
P55017,SLC12A3,D244G,0.639
P55017,SLC12A3,L245Y,0.534
P55017,SLC12A3,L245W,0.524
P55017,SLC12A3,L245V,0.697
P55017,SLC12A3,L245T,0.526
P55017,SLC12A3,L245S,0.472
P55017,SLC12A3,L245R,0.464
P55017,SLC12A3,L245Q,0.467
P55017,SLC12A3,L245N,0.418
P55017,SLC12A3,L245M,0.744
P55017,SLC12A3,L245P,0.385
P55017,SLC12A3,L245I,0.736
P55017,SLC12A3,L245A,0.534
P55017,SLC12A3,L245C,0.581
P55017,SLC12A3,L245D,0.299
P55017,SLC12A3,L245K,0.446
P55017,SLC12A3,L245F,0.668
P55017,SLC12A3,L245G,0.368
P55017,SLC12A3,L245H,0.414
P55017,SLC12A3,L245E,0.359
P55017,SLC12A3,L246N,0.504
P55017,SLC12A3,L246W,0.608
P55017,SLC12A3,L246V,0.782
P55017,SLC12A3,L246T,0.618
P55017,SLC12A3,L246S,0.564
P55017,SLC12A3,L246R,0.544
P55017,SLC12A3,L246Q,0.554
P55017,SLC12A3,L246P,0.477
P55017,SLC12A3,L246Y,0.616
P55017,SLC12A3,L246K,0.538
P55017,SLC12A3,L246I,0.814
P55017,SLC12A3,L246A,0.631
P55017,SLC12A3,L246C,0.669
P55017,SLC12A3,L246D,0.387
P55017,SLC12A3,L246M,0.824
P55017,SLC12A3,L246F,0.74
P55017,SLC12A3,L246G,0.458
P55017,SLC12A3,L246H,0.492
P55017,SLC12A3,L246E,0.448
P55017,SLC12A3,Q247M,0.88
P55017,SLC12A3,Q247W,0.729
P55017,SLC12A3,Q247V,0.796
P55017,SLC12A3,Q247T,0.818
P55017,SLC12A3,Q247S,0.826
P55017,SLC12A3,Q247R,0.902
P55017,SLC12A3,Q247P,0.826
P55017,SLC12A3,Q247N,0.838
P55017,SLC12A3,Q247Y,0.799
P55017,SLC12A3,Q247L,0.836
P55017,SLC12A3,Q247I,0.76
P55017,SLC12A3,Q247H,0.883
P55017,SLC12A3,Q247G,0.758
P55017,SLC12A3,Q247F,0.75
P55017,SLC12A3,Q247E,0.921
P55017,SLC12A3,Q247D,0.813
P55017,SLC12A3,Q247C,0.741
P55017,SLC12A3,Q247A,0.812
P55017,SLC12A3,Q247K,0.882
P55017,SLC12A3,E248P,0.7
P55017,SLC12A3,E248Q,0.86
P55017,SLC12A3,E248R,0.736
P55017,SLC12A3,E248Y,0.657
P55017,SLC12A3,E248T,0.717
P55017,SLC12A3,E248V,0.724
P55017,SLC12A3,E248W,0.608
P55017,SLC12A3,E248S,0.734
P55017,SLC12A3,E248N,0.748
P55017,SLC12A3,E248M,0.691
P55017,SLC12A3,E248K,0.814
P55017,SLC12A3,E248A,0.752
P55017,SLC12A3,E248C,0.588
P55017,SLC12A3,E248D,0.869
P55017,SLC12A3,E248L,0.656
P55017,SLC12A3,E248G,0.712
P55017,SLC12A3,E248H,0.744
P55017,SLC12A3,E248I,0.673
P55017,SLC12A3,E248F,0.626
P55017,SLC12A3,Y249W,0.928
P55017,SLC12A3,Y249V,0.865
P55017,SLC12A3,Y249T,0.859
P55017,SLC12A3,Y249S,0.876
P55017,SLC12A3,Y249R,0.832
P55017,SLC12A3,Y249Q,0.906
P55017,SLC12A3,Y249P,0.827
P55017,SLC12A3,Y249M,0.889
P55017,SLC12A3,Y249L,0.89
P55017,SLC12A3,Y249N,0.869
P55017,SLC12A3,Y249I,0.869
P55017,SLC12A3,Y249H,1.036
P55017,SLC12A3,Y249G,0.776
P55017,SLC12A3,Y249F,1.068
P55017,SLC12A3,Y249E,0.842
P55017,SLC12A3,Y249D,0.835
P55017,SLC12A3,Y249C,0.902
P55017,SLC12A3,Y249A,0.854
P55017,SLC12A3,Y249K,0.832
P55017,SLC12A3,G250Q,0.865
P55017,SLC12A3,G250R,0.897
P55017,SLC12A3,G250S,0.986
P55017,SLC12A3,G250Y,0.814
P55017,SLC12A3,G250V,0.867
P55017,SLC12A3,G250W,0.868
P55017,SLC12A3,G250T,0.873
P55017,SLC12A3,G250N,0.966
P55017,SLC12A3,G250P,0.843
P55017,SLC12A3,G250M,0.78
P55017,SLC12A3,G250A,0.968
P55017,SLC12A3,G250C,0.863
P55017,SLC12A3,G250D,0.935
P55017,SLC12A3,G250E,0.896
P55017,SLC12A3,G250L,0.765
P55017,SLC12A3,G250H,0.862
P55017,SLC12A3,G250I,0.787
P55017,SLC12A3,G250K,0.863
P55017,SLC12A3,G250F,0.837
P55017,SLC12A3,A251N,0.928
P55017,SLC12A3,A251W,0.847
P55017,SLC12A3,A251V,1.059
P55017,SLC12A3,A251T,1.068
P55017,SLC12A3,A251S,1.073
P55017,SLC12A3,A251R,0.918
P55017,SLC12A3,A251Q,0.948
P55017,SLC12A3,A251P,0.995
P55017,SLC12A3,A251Y,0.903
P55017,SLC12A3,A251L,0.952
P55017,SLC12A3,A251K,0.94
P55017,SLC12A3,A251I,0.962
P55017,SLC12A3,A251H,0.89
P55017,SLC12A3,A251G,1.026
P55017,SLC12A3,A251F,0.903
P55017,SLC12A3,A251E,0.972
P55017,SLC12A3,A251D,0.928
P55017,SLC12A3,A251C,0.989
P55017,SLC12A3,A251M,0.98
P55017,SLC12A3,P252N,0.876
P55017,SLC12A3,P252Q,0.962
P55017,SLC12A3,P252R,0.896
P55017,SLC12A3,P252Y,0.851
P55017,SLC12A3,P252T,0.959
P55017,SLC12A3,P252V,0.906
P55017,SLC12A3,P252W,0.771
P55017,SLC12A3,P252S,0.964
P55017,SLC12A3,P252M,0.907
P55017,SLC12A3,P252L,0.929
P55017,SLC12A3,P252I,0.872
P55017,SLC12A3,P252A,0.972
P55017,SLC12A3,P252C,0.816
P55017,SLC12A3,P252D,0.88
P55017,SLC12A3,P252K,0.899
P55017,SLC12A3,P252F,0.82
P55017,SLC12A3,P252G,0.863
P55017,SLC12A3,P252H,0.909
P55017,SLC12A3,P252E,0.907
P55017,SLC12A3,I253Y,0.738
P55017,SLC12A3,I253W,0.636
P55017,SLC12A3,I253V,0.946
P55017,SLC12A3,I253T,0.769
P55017,SLC12A3,I253S,0.68
P55017,SLC12A3,I253R,0.647
P55017,SLC12A3,I253Q,0.62
P55017,SLC12A3,I253N,0.667
P55017,SLC12A3,I253P,0.621
P55017,SLC12A3,I253M,0.858
P55017,SLC12A3,I253K,0.637
P55017,SLC12A3,I253H,0.629
P55017,SLC12A3,I253G,0.581
P55017,SLC12A3,I253F,0.803
P55017,SLC12A3,I253E,0.617
P55017,SLC12A3,I253D,0.599
P55017,SLC12A3,I253C,0.72
P55017,SLC12A3,I253A,0.724
P55017,SLC12A3,I253L,0.888
P55017,SLC12A3,V254N,0.67
P55017,SLC12A3,V254P,0.698
P55017,SLC12A3,V254Q,0.692
P55017,SLC12A3,V254M,0.853
P55017,SLC12A3,V254S,0.7
P55017,SLC12A3,V254T,0.808
P55017,SLC12A3,V254W,0.652
P55017,SLC12A3,V254R,0.673
P55017,SLC12A3,V254Y,0.728
P55017,SLC12A3,V254L,0.845
P55017,SLC12A3,V254I,0.93
P55017,SLC12A3,V254A,0.792
P55017,SLC12A3,V254C,0.706
P55017,SLC12A3,V254D,0.68
P55017,SLC12A3,V254K,0.698
P55017,SLC12A3,V254F,0.774
P55017,SLC12A3,V254G,0.696
P55017,SLC12A3,V254H,0.658
P55017,SLC12A3,V254E,0.732
P55017,SLC12A3,D255N,0.716
P55017,SLC12A3,D255W,0.434
P55017,SLC12A3,D255V,0.561
P55017,SLC12A3,D255T,0.603
P55017,SLC12A3,D255S,0.645
P55017,SLC12A3,D255R,0.529
P55017,SLC12A3,D255Q,0.624
P55017,SLC12A3,D255P,0.564
P55017,SLC12A3,D255Y,0.565
P55017,SLC12A3,D255M,0.544
P55017,SLC12A3,D255K,0.588
P55017,SLC12A3,D255I,0.541
P55017,SLC12A3,D255H,0.613
P55017,SLC12A3,D255G,0.647
P55017,SLC12A3,D255F,0.556
P55017,SLC12A3,D255E,0.748
P55017,SLC12A3,D255C,0.521
P55017,SLC12A3,D255A,0.6
P55017,SLC12A3,D255L,0.508
P55017,SLC12A3,P256Q,0.799
P55017,SLC12A3,P256R,0.732
P55017,SLC12A3,P256S,0.806
P55017,SLC12A3,P256N,0.714
P55017,SLC12A3,P256V,0.754
P55017,SLC12A3,P256W,0.598
P55017,SLC12A3,P256Y,0.691
P55017,SLC12A3,P256T,0.802
P55017,SLC12A3,P256M,0.752
P55017,SLC12A3,P256F,0.67
P55017,SLC12A3,P256K,0.734
P55017,SLC12A3,P256C,0.662
P55017,SLC12A3,P256D,0.72
P55017,SLC12A3,P256E,0.747
P55017,SLC12A3,P256A,0.815
P55017,SLC12A3,P256G,0.707
P55017,SLC12A3,P256H,0.748
P55017,SLC12A3,P256I,0.717
P55017,SLC12A3,P256L,0.779
P55017,SLC12A3,I257N,0.721
P55017,SLC12A3,I257W,0.676
P55017,SLC12A3,I257V,0.99
P55017,SLC12A3,I257T,0.818
P55017,SLC12A3,I257S,0.735
P55017,SLC12A3,I257R,0.692
P55017,SLC12A3,I257Q,0.67
P55017,SLC12A3,I257P,0.674
P55017,SLC12A3,I257M,0.9
P55017,SLC12A3,I257Y,0.782
P55017,SLC12A3,I257K,0.686
P55017,SLC12A3,I257A,0.774
P55017,SLC12A3,I257C,0.768
P55017,SLC12A3,I257D,0.658
P55017,SLC12A3,I257L,0.932
P55017,SLC12A3,I257F,0.844
P55017,SLC12A3,I257G,0.639
P55017,SLC12A3,I257H,0.676
P55017,SLC12A3,I257E,0.673
P55017,SLC12A3,N258M,0.599
P55017,SLC12A3,N258W,0.433
P55017,SLC12A3,N258V,0.55
P55017,SLC12A3,N258T,0.634
P55017,SLC12A3,N258S,0.688
P55017,SLC12A3,N258R,0.586
P55017,SLC12A3,N258Q,0.574
P55017,SLC12A3,N258P,0.466
P55017,SLC12A3,N258Y,0.575
P55017,SLC12A3,N258L,0.538
P55017,SLC12A3,N258I,0.575
P55017,SLC12A3,N258H,0.691
P55017,SLC12A3,N258G,0.573
P55017,SLC12A3,N258F,0.49
P55017,SLC12A3,N258E,0.552
P55017,SLC12A3,N258D,0.642
P55017,SLC12A3,N258C,0.586
P55017,SLC12A3,N258A,0.542
P55017,SLC12A3,N258K,0.608
P55017,SLC12A3,D259P,0.363
P55017,SLC12A3,D259Q,0.547
P55017,SLC12A3,D259R,0.404
P55017,SLC12A3,D259N,0.655
P55017,SLC12A3,D259T,0.519
P55017,SLC12A3,D259V,0.542
P55017,SLC12A3,D259W,0.416
P55017,SLC12A3,D259S,0.552
P55017,SLC12A3,D259M,0.478
P55017,SLC12A3,D259Y,0.534
P55017,SLC12A3,D259K,0.444
P55017,SLC12A3,D259A,0.53
P55017,SLC12A3,D259C,0.538
P55017,SLC12A3,D259E,0.667
P55017,SLC12A3,D259L,0.488
P55017,SLC12A3,D259G,0.527
P55017,SLC12A3,D259H,0.567
P55017,SLC12A3,D259I,0.525
P55017,SLC12A3,D259F,0.533
P55017,SLC12A3,I260Y,0.472
P55017,SLC12A3,I260W,0.446
P55017,SLC12A3,I260V,0.785
P55017,SLC12A3,I260T,0.556
P55017,SLC12A3,I260S,0.434
P55017,SLC12A3,I260R,0.399
P55017,SLC12A3,I260Q,0.374
P55017,SLC12A3,I260N,0.372
P55017,SLC12A3,I260P,0.32
P55017,SLC12A3,I260M,0.705
P55017,SLC12A3,I260K,0.408
P55017,SLC12A3,I260H,0.441
P55017,SLC12A3,I260G,0.313
P55017,SLC12A3,I260F,0.61
P55017,SLC12A3,I260E,0.31
P55017,SLC12A3,I260D,0.298
P55017,SLC12A3,I260C,0.595
P55017,SLC12A3,I260A,0.552
P55017,SLC12A3,I260L,0.738
P55017,SLC12A3,R261N,0.537
P55017,SLC12A3,R261P,0.416
P55017,SLC12A3,R261Q,0.629
P55017,SLC12A3,R261M,0.621
P55017,SLC12A3,R261T,0.537
P55017,SLC12A3,R261V,0.51
P55017,SLC12A3,R261W,0.522
P55017,SLC12A3,R261S,0.52
P55017,SLC12A3,R261Y,0.489
P55017,SLC12A3,R261L,0.581
P55017,SLC12A3,R261I,0.516
P55017,SLC12A3,R261A,0.528
P55017,SLC12A3,R261C,0.53
P55017,SLC12A3,R261D,0.403
P55017,SLC12A3,R261K,0.656
P55017,SLC12A3,R261F,0.465
P55017,SLC12A3,R261G,0.496
P55017,SLC12A3,R261H,0.635
P55017,SLC12A3,R261E,0.476
P55017,SLC12A3,I262N,0.523
P55017,SLC12A3,I262W,0.484
P55017,SLC12A3,I262V,0.796
P55017,SLC12A3,I262T,0.621
P55017,SLC12A3,I262S,0.539
P55017,SLC12A3,I262R,0.498
P55017,SLC12A3,I262Q,0.474
P55017,SLC12A3,I262P,0.481
P55017,SLC12A3,I262Y,0.587
P55017,SLC12A3,I262M,0.711
P55017,SLC12A3,I262K,0.493
P55017,SLC12A3,I262H,0.482
P55017,SLC12A3,I262G,0.444
P55017,SLC12A3,I262F,0.656
P55017,SLC12A3,I262E,0.473
P55017,SLC12A3,I262D,0.454
P55017,SLC12A3,I262C,0.58
P55017,SLC12A3,I262A,0.584
P55017,SLC12A3,I262L,0.746
P55017,SLC12A3,I263P,0.483
P55017,SLC12A3,I263Q,0.471
P55017,SLC12A3,I263R,0.488
P55017,SLC12A3,I263N,0.522
P55017,SLC12A3,I263T,0.622
P55017,SLC12A3,I263V,0.798
P55017,SLC12A3,I263W,0.478
P55017,SLC12A3,I263S,0.541
P55017,SLC12A3,I263M,0.71
P55017,SLC12A3,I263Y,0.581
P55017,SLC12A3,I263K,0.488
P55017,SLC12A3,I263A,0.586
P55017,SLC12A3,I263C,0.582
P55017,SLC12A3,I263D,0.456
P55017,SLC12A3,I263L,0.745
P55017,SLC12A3,I263F,0.653
P55017,SLC12A3,I263G,0.45
P55017,SLC12A3,I263H,0.477
P55017,SLC12A3,I263E,0.473
P55017,SLC12A3,A264Y,0.56
P55017,SLC12A3,A264W,0.438
P55017,SLC12A3,A264V,0.762
P55017,SLC12A3,A264T,0.708
P55017,SLC12A3,A264S,0.708
P55017,SLC12A3,A264R,0.508
P55017,SLC12A3,A264Q,0.528
P55017,SLC12A3,A264N,0.512
P55017,SLC12A3,A264M,0.692
P55017,SLC12A3,A264P,0.58
P55017,SLC12A3,A264K,0.49
P55017,SLC12A3,A264I,0.698
P55017,SLC12A3,A264H,0.519
P55017,SLC12A3,A264G,0.698
P55017,SLC12A3,A264F,0.619
P55017,SLC12A3,A264E,0.53
P55017,SLC12A3,A264D,0.492
P55017,SLC12A3,A264C,0.738
P55017,SLC12A3,A264L,0.702
P55017,SLC12A3,V265P,0.475
P55017,SLC12A3,V265Q,0.51
P55017,SLC12A3,V265R,0.436
P55017,SLC12A3,V265Y,0.568
P55017,SLC12A3,V265T,0.645
P55017,SLC12A3,V265W,0.498
P55017,SLC12A3,V265S,0.52
P55017,SLC12A3,V265M,0.766
P55017,SLC12A3,V265N,0.456
P55017,SLC12A3,V265L,0.764
P55017,SLC12A3,V265A,0.694
P55017,SLC12A3,V265C,0.659
P55017,SLC12A3,V265D,0.443
P55017,SLC12A3,V265E,0.501
P55017,SLC12A3,V265K,0.466
P55017,SLC12A3,V265G,0.51
P55017,SLC12A3,V265H,0.46
P55017,SLC12A3,V265I,0.849
P55017,SLC12A3,V265F,0.653
P55017,SLC12A3,V266M,0.82
P55017,SLC12A3,V266W,0.606
P55017,SLC12A3,V266T,0.794
P55017,SLC12A3,V266S,0.692
P55017,SLC12A3,V266R,0.647
P55017,SLC12A3,V266Q,0.675
P55017,SLC12A3,V266P,0.693
P55017,SLC12A3,V266N,0.657
P55017,SLC12A3,V266Y,0.689
P55017,SLC12A3,V266K,0.686
P55017,SLC12A3,V266I,0.885
P55017,SLC12A3,V266H,0.632
P55017,SLC12A3,V266G,0.692
P55017,SLC12A3,V266F,0.728
P55017,SLC12A3,V266E,0.72
P55017,SLC12A3,V266D,0.669
P55017,SLC12A3,V266C,0.684
P55017,SLC12A3,V266A,0.78
P55017,SLC12A3,V266L,0.804
P55017,SLC12A3,S267N,0.732
P55017,SLC12A3,S267P,0.624
P55017,SLC12A3,S267Q,0.627
P55017,SLC12A3,S267Y,0.684
P55017,SLC12A3,S267T,0.785
P55017,SLC12A3,S267V,0.708
P55017,SLC12A3,S267W,0.643
P55017,SLC12A3,S267R,0.606
P55017,SLC12A3,S267M,0.768
P55017,SLC12A3,S267L,0.754
P55017,SLC12A3,S267I,0.732
P55017,SLC12A3,S267A,0.826
P55017,SLC12A3,S267C,0.82
P55017,SLC12A3,S267D,0.6
P55017,SLC12A3,S267K,0.559
P55017,SLC12A3,S267F,0.728
P55017,SLC12A3,S267G,0.726
P55017,SLC12A3,S267H,0.66
P55017,SLC12A3,S267E,0.564
P55017,SLC12A3,V268Y,0.428
P55017,SLC12A3,V268W,0.338
P55017,SLC12A3,V268T,0.5
P55017,SLC12A3,V268S,0.36
P55017,SLC12A3,V268R,0.248
P55017,SLC12A3,V268Q,0.344
P55017,SLC12A3,V268P,0.326
P55017,SLC12A3,V268M,0.664
P55017,SLC12A3,V268N,0.271
P55017,SLC12A3,V268L,0.685
P55017,SLC12A3,V268I,0.759
P55017,SLC12A3,V268H,0.288
P55017,SLC12A3,V268G,0.337
P55017,SLC12A3,V268F,0.553
P55017,SLC12A3,V268E,0.312
P55017,SLC12A3,V268D,0.242
P55017,SLC12A3,V268C,0.546
P55017,SLC12A3,V268A,0.561
P55017,SLC12A3,V268K,0.29
P55017,SLC12A3,T269N,0.671
P55017,SLC12A3,T269P,0.595
P55017,SLC12A3,T269Q,0.607
P55017,SLC12A3,T269M,0.762
P55017,SLC12A3,T269S,0.75
P55017,SLC12A3,T269V,0.778
P55017,SLC12A3,T269W,0.526
P55017,SLC12A3,T269R,0.6
P55017,SLC12A3,T269Y,0.628
P55017,SLC12A3,T269L,0.734
P55017,SLC12A3,T269I,0.764
P55017,SLC12A3,T269A,0.772
P55017,SLC12A3,T269C,0.737
P55017,SLC12A3,T269D,0.556
P55017,SLC12A3,T269K,0.616
P55017,SLC12A3,T269F,0.663
P55017,SLC12A3,T269G,0.586
P55017,SLC12A3,T269H,0.557
P55017,SLC12A3,T269E,0.55
P55017,SLC12A3,V270M,0.84
P55017,SLC12A3,V270W,0.626
P55017,SLC12A3,V270T,0.794
P55017,SLC12A3,V270S,0.688
P55017,SLC12A3,V270R,0.643
P55017,SLC12A3,V270Q,0.671
P55017,SLC12A3,V270P,0.69
P55017,SLC12A3,V270N,0.65
P55017,SLC12A3,V270Y,0.704
P55017,SLC12A3,V270L,0.836
P55017,SLC12A3,V270I,0.912
P55017,SLC12A3,V270H,0.634
P55017,SLC12A3,V270G,0.69
P55017,SLC12A3,V270F,0.759
P55017,SLC12A3,V270E,0.712
P55017,SLC12A3,V270D,0.662
P55017,SLC12A3,V270C,0.7
P55017,SLC12A3,V270A,0.785
P55017,SLC12A3,V270K,0.675
P55017,SLC12A3,L271P,0.31
P55017,SLC12A3,L271Q,0.36
P55017,SLC12A3,L271R,0.35
P55017,SLC12A3,L271N,0.306
P55017,SLC12A3,L271T,0.428
P55017,SLC12A3,L271V,0.631
P55017,SLC12A3,L271W,0.452
P55017,SLC12A3,L271S,0.367
P55017,SLC12A3,L271M,0.672
P55017,SLC12A3,L271Y,0.45
P55017,SLC12A3,L271I,0.674
P55017,SLC12A3,L271A,0.448
P55017,SLC12A3,L271C,0.507
P55017,SLC12A3,L271D,0.186
P55017,SLC12A3,L271K,0.327
P55017,SLC12A3,L271F,0.608
P55017,SLC12A3,L271G,0.269
P55017,SLC12A3,L271H,0.31
P55017,SLC12A3,L271E,0.247
P55017,SLC12A3,L272Y,0.493
P55017,SLC12A3,L272W,0.485
P55017,SLC12A3,L272V,0.667
P55017,SLC12A3,L272T,0.476
P55017,SLC12A3,L272S,0.419
P55017,SLC12A3,L272R,0.406
P55017,SLC12A3,L272Q,0.416
P55017,SLC12A3,L272N,0.363
P55017,SLC12A3,L272M,0.711
P55017,SLC12A3,L272P,0.348
P55017,SLC12A3,L272I,0.708
P55017,SLC12A3,L272K,0.384
P55017,SLC12A3,L272C,0.546
P55017,SLC12A3,L272D,0.244
P55017,SLC12A3,L272E,0.306
P55017,SLC12A3,L272A,0.493
P55017,SLC12A3,L272G,0.321
P55017,SLC12A3,L272H,0.364
P55017,SLC12A3,L272F,0.642
P55017,SLC12A3,A273N,0.727
P55017,SLC12A3,A273W,0.64
P55017,SLC12A3,A273V,0.862
P55017,SLC12A3,A273T,0.853
P55017,SLC12A3,A273S,0.862
P55017,SLC12A3,A273R,0.706
P55017,SLC12A3,A273Q,0.746
P55017,SLC12A3,A273Y,0.708
P55017,SLC12A3,A273M,0.794
P55017,SLC12A3,A273P,0.798
P55017,SLC12A3,A273K,0.737
P55017,SLC12A3,A273C,0.802
P55017,SLC12A3,A273D,0.724
P55017,SLC12A3,A273E,0.769
P55017,SLC12A3,A273L,0.772
P55017,SLC12A3,A273G,0.82
P55017,SLC12A3,A273H,0.691
P55017,SLC12A3,A273I,0.777
P55017,SLC12A3,A273F,0.72
P55017,SLC12A3,I274N,0.542
P55017,SLC12A3,I274W,0.522
P55017,SLC12A3,I274V,0.838
P55017,SLC12A3,I274T,0.645
P55017,SLC12A3,I274S,0.56
P55017,SLC12A3,I274R,0.515
P55017,SLC12A3,I274Q,0.496
P55017,SLC12A3,I274P,0.505
P55017,SLC12A3,I274Y,0.621
P55017,SLC12A3,I274L,0.792
P55017,SLC12A3,I274K,0.506
P55017,SLC12A3,I274H,0.505
P55017,SLC12A3,I274G,0.468
P55017,SLC12A3,I274F,0.702
P55017,SLC12A3,I274E,0.492
P55017,SLC12A3,I274D,0.472
P55017,SLC12A3,I274C,0.616
P55017,SLC12A3,I274A,0.613
P55017,SLC12A3,I274M,0.752
P55017,SLC12A3,S275P,0.509
P55017,SLC12A3,S275Q,0.512
P55017,SLC12A3,S275R,0.5
P55017,SLC12A3,S275Y,0.54
P55017,SLC12A3,S275V,0.559
P55017,SLC12A3,S275W,0.486
P55017,SLC12A3,S275T,0.67
P55017,SLC12A3,S275M,0.608
P55017,SLC12A3,S275N,0.605
P55017,SLC12A3,S275L,0.587
P55017,SLC12A3,S275A,0.704
P55017,SLC12A3,S275C,0.683
P55017,SLC12A3,S275D,0.497
P55017,SLC12A3,S275E,0.46
P55017,SLC12A3,S275K,0.463
P55017,SLC12A3,S275G,0.61
P55017,SLC12A3,S275H,0.524
P55017,SLC12A3,S275I,0.562
P55017,SLC12A3,S275F,0.581
P55017,SLC12A3,L276Y,0.744
P55017,SLC12A3,L276W,0.724
P55017,SLC12A3,L276V,0.871
P55017,SLC12A3,L276T,0.744
P55017,SLC12A3,L276S,0.72
P55017,SLC12A3,L276R,0.716
P55017,SLC12A3,L276Q,0.74
P55017,SLC12A3,L276N,0.645
P55017,SLC12A3,L276M,0.924
P55017,SLC12A3,L276P,0.728
P55017,SLC12A3,L276I,0.907
P55017,SLC12A3,L276A,0.74
P55017,SLC12A3,L276C,0.722
P55017,SLC12A3,L276D,0.593
P55017,SLC12A3,L276K,0.676
P55017,SLC12A3,L276F,0.849
P55017,SLC12A3,L276G,0.589
P55017,SLC12A3,L276H,0.712
P55017,SLC12A3,L276E,0.644
P55017,SLC12A3,A277N,0.712
P55017,SLC12A3,A277W,0.62
P55017,SLC12A3,A277V,0.838
P55017,SLC12A3,A277T,0.841
P55017,SLC12A3,A277S,0.847
P55017,SLC12A3,A277R,0.673
P55017,SLC12A3,A277Q,0.709
P55017,SLC12A3,A277P,0.768
P55017,SLC12A3,A277Y,0.69
P55017,SLC12A3,A277L,0.736
P55017,SLC12A3,A277K,0.693
P55017,SLC12A3,A277C,0.784
P55017,SLC12A3,A277D,0.707
P55017,SLC12A3,A277E,0.744
P55017,SLC12A3,A277M,0.779
P55017,SLC12A3,A277G,0.804
P55017,SLC12A3,A277H,0.665
P55017,SLC12A3,A277I,0.762
P55017,SLC12A3,A277F,0.692
P55017,SLC12A3,G278N,0.708
P55017,SLC12A3,G278W,0.61
P55017,SLC12A3,G278V,0.598
P55017,SLC12A3,G278T,0.613
P55017,SLC12A3,G278S,0.736
P55017,SLC12A3,G278R,0.644
P55017,SLC12A3,G278Q,0.607
P55017,SLC12A3,G278P,0.577
P55017,SLC12A3,G278Y,0.544
P55017,SLC12A3,G278M,0.556
P55017,SLC12A3,G278K,0.605
P55017,SLC12A3,G278I,0.53
P55017,SLC12A3,G278H,0.599
P55017,SLC12A3,G278F,0.56
P55017,SLC12A3,G278E,0.639
P55017,SLC12A3,G278D,0.674
P55017,SLC12A3,G278C,0.614
P55017,SLC12A3,G278A,0.74
P55017,SLC12A3,G278L,0.502
P55017,SLC12A3,M279P,0.551
P55017,SLC12A3,M279Q,0.652
P55017,SLC12A3,M279R,0.631
P55017,SLC12A3,M279Y,0.596
P55017,SLC12A3,M279T,0.672
P55017,SLC12A3,M279V,0.74
P55017,SLC12A3,M279W,0.611
P55017,SLC12A3,M279S,0.609
P55017,SLC12A3,M279N,0.572
P55017,SLC12A3,M279L,0.747
P55017,SLC12A3,M279I,0.736
P55017,SLC12A3,M279A,0.637
P55017,SLC12A3,M279C,0.592
P55017,SLC12A3,M279D,0.491
P55017,SLC12A3,M279K,0.64
P55017,SLC12A3,M279F,0.635
P55017,SLC12A3,M279G,0.507
P55017,SLC12A3,M279H,0.574
P55017,SLC12A3,M279E,0.568
P55017,SLC12A3,E280Y,0.588
P55017,SLC12A3,E280W,0.526
P55017,SLC12A3,E280V,0.624
P55017,SLC12A3,E280T,0.634
P55017,SLC12A3,E280S,0.64
P55017,SLC12A3,E280R,0.663
P55017,SLC12A3,E280Q,0.782
P55017,SLC12A3,E280N,0.665
P55017,SLC12A3,E280M,0.607
P55017,SLC12A3,E280P,0.608
P55017,SLC12A3,E280K,0.734
P55017,SLC12A3,E280I,0.573
P55017,SLC12A3,E280H,0.662
P55017,SLC12A3,E280G,0.622
P55017,SLC12A3,E280F,0.528
P55017,SLC12A3,E280D,0.788
P55017,SLC12A3,E280C,0.498
P55017,SLC12A3,E280A,0.666
P55017,SLC12A3,E280L,0.551
P55017,SLC12A3,W281P,0.702
P55017,SLC12A3,W281Q,0.883
P55017,SLC12A3,W281R,0.849
P55017,SLC12A3,W281Y,0.935
P55017,SLC12A3,W281T,0.788
P55017,SLC12A3,W281V,0.755
P55017,SLC12A3,W281S,0.794
P55017,SLC12A3,W281M,0.872
P55017,SLC12A3,W281N,0.7
P55017,SLC12A3,W281L,0.836
P55017,SLC12A3,W281A,0.746
P55017,SLC12A3,W281C,0.828
P55017,SLC12A3,W281D,0.646
P55017,SLC12A3,W281E,0.804
P55017,SLC12A3,W281K,0.809
P55017,SLC12A3,W281G,0.814
P55017,SLC12A3,W281H,0.772
P55017,SLC12A3,W281I,0.724
P55017,SLC12A3,W281F,0.902
P55017,SLC12A3,E282N,0.603
P55017,SLC12A3,E282W,0.527
P55017,SLC12A3,E282V,0.66
P55017,SLC12A3,E282T,0.595
P55017,SLC12A3,E282S,0.582
P55017,SLC12A3,E282R,0.601
P55017,SLC12A3,E282Q,0.736
P55017,SLC12A3,E282P,0.495
P55017,SLC12A3,E282Y,0.588
P55017,SLC12A3,E282L,0.591
P55017,SLC12A3,E282K,0.658
P55017,SLC12A3,E282I,0.607
P55017,SLC12A3,E282H,0.613
P55017,SLC12A3,E282G,0.598
P55017,SLC12A3,E282F,0.549
P55017,SLC12A3,E282D,0.726
P55017,SLC12A3,E282C,0.546
P55017,SLC12A3,E282A,0.659
P55017,SLC12A3,E282M,0.648
P55017,SLC12A3,S283N,0.874
P55017,SLC12A3,S283P,0.796
P55017,SLC12A3,S283Q,0.758
P55017,SLC12A3,S283Y,0.742
P55017,SLC12A3,S283T,0.867
P55017,SLC12A3,S283V,0.752
P55017,SLC12A3,S283W,0.663
P55017,SLC12A3,S283R,0.755
P55017,SLC12A3,S283M,0.78
P55017,SLC12A3,S283L,0.773
P55017,SLC12A3,S283I,0.754
P55017,SLC12A3,S283A,0.867
P55017,SLC12A3,S283C,0.804
P55017,SLC12A3,S283D,0.76
P55017,SLC12A3,S283K,0.754
P55017,SLC12A3,S283F,0.784
P55017,SLC12A3,S283G,0.83
P55017,SLC12A3,S283H,0.746
P55017,SLC12A3,S283E,0.734
P55017,SLC12A3,K284Y,0.634
P55017,SLC12A3,K284W,0.651
P55017,SLC12A3,K284V,0.699
P55017,SLC12A3,K284T,0.751
P55017,SLC12A3,K284S,0.714
P55017,SLC12A3,K284R,0.85
P55017,SLC12A3,K284Q,0.804
P55017,SLC12A3,K284N,0.783
P55017,SLC12A3,K284P,0.656
P55017,SLC12A3,K284M,0.775
P55017,SLC12A3,K284I,0.699
P55017,SLC12A3,K284H,0.719
P55017,SLC12A3,K284G,0.645
P55017,SLC12A3,K284F,0.613
P55017,SLC12A3,K284E,0.78
P55017,SLC12A3,K284D,0.659
P55017,SLC12A3,K284C,0.632
P55017,SLC12A3,K284A,0.699
P55017,SLC12A3,K284L,0.688
P55017,SLC12A3,A285P,0.649
P55017,SLC12A3,A285Q,0.635
P55017,SLC12A3,A285R,0.597
P55017,SLC12A3,A285N,0.619
P55017,SLC12A3,A285T,0.754
P55017,SLC12A3,A285V,0.784
P55017,SLC12A3,A285W,0.532
P55017,SLC12A3,A285S,0.768
P55017,SLC12A3,A285Y,0.627
P55017,SLC12A3,A285M,0.736
P55017,SLC12A3,A285K,0.607
P55017,SLC12A3,A285C,0.748
P55017,SLC12A3,A285D,0.599
P55017,SLC12A3,A285E,0.637
P55017,SLC12A3,A285L,0.699
P55017,SLC12A3,A285G,0.746
P55017,SLC12A3,A285H,0.599
P55017,SLC12A3,A285I,0.718
P55017,SLC12A3,A285F,0.647
P55017,SLC12A3,Q286M,0.714
P55017,SLC12A3,Q286W,0.654
P55017,SLC12A3,Q286V,0.593
P55017,SLC12A3,Q286T,0.547
P55017,SLC12A3,Q286S,0.554
P55017,SLC12A3,Q286R,0.662
P55017,SLC12A3,Q286P,0.566
P55017,SLC12A3,Q286N,0.538
P55017,SLC12A3,Q286Y,0.626
P55017,SLC12A3,Q286L,0.676
P55017,SLC12A3,Q286I,0.603
P55017,SLC12A3,Q286H,0.676
P55017,SLC12A3,Q286G,0.51
P55017,SLC12A3,Q286F,0.595
P55017,SLC12A3,Q286E,0.657
P55017,SLC12A3,Q286D,0.507
P55017,SLC12A3,Q286C,0.605
P55017,SLC12A3,Q286A,0.555
P55017,SLC12A3,Q286K,0.612
P55017,SLC12A3,V287N,0.69
P55017,SLC12A3,V287P,0.712
P55017,SLC12A3,V287Q,0.709
P55017,SLC12A3,V287M,0.886
P55017,SLC12A3,V287S,0.728
P55017,SLC12A3,V287T,0.836
P55017,SLC12A3,V287W,0.667
P55017,SLC12A3,V287R,0.667
P55017,SLC12A3,V287L,0.881
P55017,SLC12A3,V287Y,0.722
P55017,SLC12A3,V287I,0.958
P55017,SLC12A3,V287A,0.827
P55017,SLC12A3,V287C,0.742
P55017,SLC12A3,V287D,0.7
P55017,SLC12A3,V287K,0.7
P55017,SLC12A3,V287F,0.802
P55017,SLC12A3,V287G,0.73
P55017,SLC12A3,V287H,0.658
P55017,SLC12A3,V287E,0.76
P55017,SLC12A3,L288Y,0.782
P55017,SLC12A3,L288W,0.749
P55017,SLC12A3,L288V,0.897
P55017,SLC12A3,L288T,0.793
P55017,SLC12A3,L288S,0.772
P55017,SLC12A3,L288R,0.762
P55017,SLC12A3,L288Q,0.788
P55017,SLC12A3,L288N,0.698
P55017,SLC12A3,L288M,0.944
P55017,SLC12A3,L288P,0.775
P55017,SLC12A3,L288I,0.925
P55017,SLC12A3,L288K,0.732
P55017,SLC12A3,L288C,0.754
P55017,SLC12A3,L288D,0.659
P55017,SLC12A3,L288E,0.706
P55017,SLC12A3,L288A,0.787
P55017,SLC12A3,L288G,0.651
P55017,SLC12A3,L288H,0.754
P55017,SLC12A3,L288F,0.863
P55017,SLC12A3,F289N,0.537
P55017,SLC12A3,F289Y,0.838
P55017,SLC12A3,F289W,0.737
P55017,SLC12A3,F289V,0.706
P55017,SLC12A3,F289T,0.59
P55017,SLC12A3,F289S,0.626
P55017,SLC12A3,F289R,0.503
P55017,SLC12A3,F289Q,0.487
P55017,SLC12A3,F289M,0.723
P55017,SLC12A3,F289P,0.418
P55017,SLC12A3,F289K,0.48
P55017,SLC12A3,F289C,0.69
P55017,SLC12A3,F289D,0.462
P55017,SLC12A3,F289E,0.409
P55017,SLC12A3,F289A,0.593
P55017,SLC12A3,F289H,0.661
P55017,SLC12A3,F289I,0.736
P55017,SLC12A3,F289G,0.515
P55017,SLC12A3,F289L,0.766
P55017,SLC12A3,F290Y,0.8
P55017,SLC12A3,F290N,0.478
P55017,SLC12A3,F290W,0.704
P55017,SLC12A3,F290V,0.678
P55017,SLC12A3,F290T,0.54
P55017,SLC12A3,F290S,0.57
P55017,SLC12A3,F290R,0.448
P55017,SLC12A3,F290Q,0.436
P55017,SLC12A3,F290P,0.37
P55017,SLC12A3,F290M,0.695
P55017,SLC12A3,F290K,0.422
P55017,SLC12A3,F290I,0.712
P55017,SLC12A3,F290H,0.613
P55017,SLC12A3,F290G,0.462
P55017,SLC12A3,F290E,0.354
P55017,SLC12A3,F290D,0.397
P55017,SLC12A3,F290C,0.656
P55017,SLC12A3,F290A,0.55
P55017,SLC12A3,F290L,0.744
P55017,SLC12A3,L291Y,0.825
P55017,SLC12A3,L291Q,0.842
P55017,SLC12A3,L291R,0.816
P55017,SLC12A3,L291N,0.752
P55017,SLC12A3,L291T,0.845
P55017,SLC12A3,L291V,0.94
P55017,SLC12A3,L291W,0.79
P55017,SLC12A3,L291S,0.826
P55017,SLC12A3,L291M,0.986
P55017,SLC12A3,L291P,0.83
P55017,SLC12A3,L291I,0.962
P55017,SLC12A3,L291A,0.837
P55017,SLC12A3,L291C,0.8
P55017,SLC12A3,L291D,0.714
P55017,SLC12A3,L291K,0.79
P55017,SLC12A3,L291F,0.9
P55017,SLC12A3,L291G,0.704
P55017,SLC12A3,L291H,0.805
P55017,SLC12A3,L291E,0.761
P55017,SLC12A3,V292Y,0.624
P55017,SLC12A3,V292W,0.557
P55017,SLC12A3,V292T,0.695
P55017,SLC12A3,V292S,0.569
P55017,SLC12A3,V292R,0.484
P55017,SLC12A3,V292Q,0.557
P55017,SLC12A3,V292P,0.524
P55017,SLC12A3,V292M,0.822
P55017,SLC12A3,V292N,0.506
P55017,SLC12A3,V292L,0.824
P55017,SLC12A3,V292I,0.908
P55017,SLC12A3,V292H,0.51
P55017,SLC12A3,V292G,0.563
P55017,SLC12A3,V292F,0.714
P55017,SLC12A3,V292E,0.54
P55017,SLC12A3,V292D,0.484
P55017,SLC12A3,V292C,0.714
P55017,SLC12A3,V292A,0.744
P55017,SLC12A3,V292K,0.511
P55017,SLC12A3,I293P,0.396
P55017,SLC12A3,I293Q,0.468
P55017,SLC12A3,I293R,0.498
P55017,SLC12A3,I293N,0.452
P55017,SLC12A3,I293T,0.65
P55017,SLC12A3,I293V,0.893
P55017,SLC12A3,I293W,0.552
P55017,SLC12A3,I293S,0.528
P55017,SLC12A3,I293Y,0.576
P55017,SLC12A3,I293L,0.85
P55017,SLC12A3,I293K,0.498
P55017,SLC12A3,I293A,0.654
P55017,SLC12A3,I293C,0.705
P55017,SLC12A3,I293D,0.384
P55017,SLC12A3,I293M,0.817
P55017,SLC12A3,I293F,0.726
P55017,SLC12A3,I293G,0.409
P55017,SLC12A3,I293H,0.542
P55017,SLC12A3,I293E,0.374
P55017,SLC12A3,M294N,0.613
P55017,SLC12A3,M294W,0.696
P55017,SLC12A3,M294V,0.863
P55017,SLC12A3,M294T,0.738
P55017,SLC12A3,M294S,0.618
P55017,SLC12A3,M294R,0.636
P55017,SLC12A3,M294Q,0.7
P55017,SLC12A3,M294P,0.534
P55017,SLC12A3,M294Y,0.7
P55017,SLC12A3,M294K,0.668
P55017,SLC12A3,M294I,0.861
P55017,SLC12A3,M294H,0.661
P55017,SLC12A3,M294G,0.616
P55017,SLC12A3,M294F,0.768
P55017,SLC12A3,M294E,0.594
P55017,SLC12A3,M294D,0.508
P55017,SLC12A3,M294C,0.706
P55017,SLC12A3,M294A,0.725
P55017,SLC12A3,M294L,0.899
P55017,SLC12A3,V295P,0.702
P55017,SLC12A3,V295Q,0.68
P55017,SLC12A3,V295R,0.652
P55017,SLC12A3,V295Y,0.715
P55017,SLC12A3,V295T,0.804
P55017,SLC12A3,V295W,0.639
P55017,SLC12A3,V295S,0.697
P55017,SLC12A3,V295M,0.855
P55017,SLC12A3,V295N,0.659
P55017,SLC12A3,V295L,0.852
P55017,SLC12A3,V295A,0.798
P55017,SLC12A3,V295C,0.714
P55017,SLC12A3,V295D,0.667
P55017,SLC12A3,V295E,0.72
P55017,SLC12A3,V295K,0.684
P55017,SLC12A3,V295G,0.701
P55017,SLC12A3,V295H,0.643
P55017,SLC12A3,V295I,0.928
P55017,SLC12A3,V295F,0.774
P55017,SLC12A3,S296Y,0.618
P55017,SLC12A3,S296W,0.574
P55017,SLC12A3,S296V,0.649
P55017,SLC12A3,S296T,0.744
P55017,SLC12A3,S296R,0.564
P55017,SLC12A3,S296Q,0.585
P55017,SLC12A3,S296P,0.578
P55017,SLC12A3,S296M,0.718
P55017,SLC12A3,S296L,0.694
P55017,SLC12A3,S296N,0.673
P55017,SLC12A3,S296I,0.669
P55017,SLC12A3,S296K,0.525
P55017,SLC12A3,S296C,0.767
P55017,SLC12A3,S296D,0.568
P55017,SLC12A3,S296E,0.528
P55017,SLC12A3,S296A,0.779
P55017,SLC12A3,S296G,0.687
P55017,SLC12A3,S296H,0.612
P55017,SLC12A3,S296F,0.655
P55017,SLC12A3,F297N,0.462
P55017,SLC12A3,F297W,0.72
P55017,SLC12A3,F297V,0.698
P55017,SLC12A3,F297T,0.531
P55017,SLC12A3,F297S,0.556
P55017,SLC12A3,F297R,0.439
P55017,SLC12A3,F297Q,0.423
P55017,SLC12A3,F297Y,0.81
P55017,SLC12A3,F297M,0.717
P55017,SLC12A3,F297P,0.362
P55017,SLC12A3,F297K,0.402
P55017,SLC12A3,F297A,0.548
P55017,SLC12A3,F297C,0.668
P55017,SLC12A3,F297D,0.383
P55017,SLC12A3,F297L,0.78
P55017,SLC12A3,F297G,0.452
P55017,SLC12A3,F297H,0.61
P55017,SLC12A3,F297I,0.739
P55017,SLC12A3,F297E,0.338
P55017,SLC12A3,A298Y,0.767
P55017,SLC12A3,A298W,0.722
P55017,SLC12A3,A298V,0.922
P55017,SLC12A3,A298T,0.914
P55017,SLC12A3,A298S,0.924
P55017,SLC12A3,A298R,0.776
P55017,SLC12A3,A298Q,0.806
P55017,SLC12A3,A298N,0.787
P55017,SLC12A3,A298P,0.859
P55017,SLC12A3,A298M,0.853
P55017,SLC12A3,A298K,0.797
P55017,SLC12A3,A298I,0.837
P55017,SLC12A3,A298H,0.75
P55017,SLC12A3,A298G,0.882
P55017,SLC12A3,A298F,0.778
P55017,SLC12A3,A298E,0.828
P55017,SLC12A3,A298D,0.785
P55017,SLC12A3,A298C,0.862
P55017,SLC12A3,A298L,0.832
P55017,SLC12A3,N299P,0.518
P55017,SLC12A3,N299Q,0.616
P55017,SLC12A3,N299R,0.624
P55017,SLC12A3,N299M,0.696
P55017,SLC12A3,N299T,0.69
P55017,SLC12A3,N299V,0.648
P55017,SLC12A3,N299W,0.528
P55017,SLC12A3,N299S,0.736
P55017,SLC12A3,N299Y,0.655
P55017,SLC12A3,N299K,0.638
P55017,SLC12A3,N299I,0.686
P55017,SLC12A3,N299A,0.61
P55017,SLC12A3,N299C,0.676
P55017,SLC12A3,N299D,0.678
P55017,SLC12A3,N299L,0.655
P55017,SLC12A3,N299F,0.614
P55017,SLC12A3,N299G,0.633
P55017,SLC12A3,N299H,0.744
P55017,SLC12A3,N299E,0.584
P55017,SLC12A3,Y300W,0.755
P55017,SLC12A3,Y300V,0.658
P55017,SLC12A3,Y300T,0.532
P55017,SLC12A3,Y300S,0.534
P55017,SLC12A3,Y300R,0.549
P55017,SLC12A3,Y300Q,0.585
P55017,SLC12A3,Y300P,0.398
P55017,SLC12A3,Y300M,0.651
P55017,SLC12A3,Y300N,0.552
P55017,SLC12A3,Y300L,0.708
P55017,SLC12A3,Y300I,0.66
P55017,SLC12A3,Y300H,0.744
P55017,SLC12A3,Y300G,0.51
P55017,SLC12A3,Y300F,0.881
P55017,SLC12A3,Y300E,0.468
P55017,SLC12A3,Y300D,0.434
P55017,SLC12A3,Y300C,0.67
P55017,SLC12A3,Y300A,0.548
P55017,SLC12A3,Y300K,0.483
P55017,SLC12A3,L301P,0.78
P55017,SLC12A3,L301Q,0.795
P55017,SLC12A3,L301R,0.769
P55017,SLC12A3,L301N,0.706
P55017,SLC12A3,L301T,0.798
P55017,SLC12A3,L301V,0.904
P55017,SLC12A3,L301W,0.746
P55017,SLC12A3,L301S,0.78
P55017,SLC12A3,L301Y,0.783
P55017,SLC12A3,L301M,0.958
P55017,SLC12A3,L301I,0.923
P55017,SLC12A3,L301A,0.789
P55017,SLC12A3,L301C,0.755
P55017,SLC12A3,L301D,0.662
P55017,SLC12A3,L301K,0.739
P55017,SLC12A3,L301F,0.861
P55017,SLC12A3,L301G,0.651
P55017,SLC12A3,L301H,0.761
P55017,SLC12A3,L301E,0.71
P55017,SLC12A3,V302M,0.835
P55017,SLC12A3,V302W,0.571
P55017,SLC12A3,V302T,0.714
P55017,SLC12A3,V302S,0.588
P55017,SLC12A3,V302R,0.507
P55017,SLC12A3,V302Q,0.58
P55017,SLC12A3,V302P,0.543
P55017,SLC12A3,V302N,0.527
P55017,SLC12A3,V302Y,0.641
P55017,SLC12A3,V302L,0.831
P55017,SLC12A3,V302I,0.918
P55017,SLC12A3,V302H,0.53
P55017,SLC12A3,V302G,0.579
P55017,SLC12A3,V302F,0.722
P55017,SLC12A3,V302E,0.566
P55017,SLC12A3,V302D,0.508
P55017,SLC12A3,V302C,0.726
P55017,SLC12A3,V302A,0.762
P55017,SLC12A3,V302K,0.536
P55017,SLC12A3,G303P,0.38
P55017,SLC12A3,G303Q,0.406
P55017,SLC12A3,G303R,0.456
P55017,SLC12A3,G303Y,0.352
P55017,SLC12A3,G303T,0.46
P55017,SLC12A3,G303V,0.526
P55017,SLC12A3,G303W,0.456
P55017,SLC12A3,G303S,0.597
P55017,SLC12A3,G303N,0.5
P55017,SLC12A3,G303M,0.48
P55017,SLC12A3,G303K,0.388
P55017,SLC12A3,G303A,0.671
P55017,SLC12A3,G303C,0.553
P55017,SLC12A3,G303D,0.452
P55017,SLC12A3,G303L,0.448
P55017,SLC12A3,G303F,0.446
P55017,SLC12A3,G303H,0.39
P55017,SLC12A3,G303I,0.462
P55017,SLC12A3,G303E,0.448
P55017,SLC12A3,T304Y,0.482
P55017,SLC12A3,T304W,0.392
P55017,SLC12A3,T304V,0.691
P55017,SLC12A3,T304S,0.658
P55017,SLC12A3,T304R,0.454
P55017,SLC12A3,T304Q,0.472
P55017,SLC12A3,T304P,0.486
P55017,SLC12A3,T304M,0.652
P55017,SLC12A3,T304L,0.631
P55017,SLC12A3,T304N,0.554
P55017,SLC12A3,T304I,0.646
P55017,SLC12A3,T304K,0.482
P55017,SLC12A3,T304C,0.64
P55017,SLC12A3,T304D,0.43
P55017,SLC12A3,T304E,0.416
P55017,SLC12A3,T304A,0.676
P55017,SLC12A3,T304G,0.477
P55017,SLC12A3,T304H,0.436
P55017,SLC12A3,T304F,0.537
P55017,SLC12A3,L305N,0.766
P55017,SLC12A3,L305W,0.821
P55017,SLC12A3,L305V,0.962
P55017,SLC12A3,L305T,0.859
P55017,SLC12A3,L305S,0.839
P55017,SLC12A3,L305R,0.836
P55017,SLC12A3,L305Q,0.859
P55017,SLC12A3,L305Y,0.852
P55017,SLC12A3,L305M,1.014
P55017,SLC12A3,L305P,0.844
P55017,SLC12A3,L305I,0.993
P55017,SLC12A3,L305A,0.852
P55017,SLC12A3,L305C,0.82
P55017,SLC12A3,L305D,0.729
P55017,SLC12A3,L305K,0.804
P55017,SLC12A3,L305F,0.934
P55017,SLC12A3,L305G,0.715
P55017,SLC12A3,L305H,0.826
P55017,SLC12A3,L305E,0.777
P55017,SLC12A3,I306N,0.601
P55017,SLC12A3,I306W,0.564
P55017,SLC12A3,I306V,0.87
P55017,SLC12A3,I306T,0.696
P55017,SLC12A3,I306S,0.615
P55017,SLC12A3,I306R,0.572
P55017,SLC12A3,I306Q,0.55
P55017,SLC12A3,I306P,0.558
P55017,SLC12A3,I306Y,0.665
P55017,SLC12A3,I306L,0.818
P55017,SLC12A3,I306K,0.566
P55017,SLC12A3,I306H,0.557
P55017,SLC12A3,I306G,0.522
P55017,SLC12A3,I306F,0.732
P55017,SLC12A3,I306E,0.548
P55017,SLC12A3,I306D,0.534
P55017,SLC12A3,I306C,0.656
P55017,SLC12A3,I306A,0.659
P55017,SLC12A3,I306M,0.786
P55017,SLC12A3,P307Q,0.876
P55017,SLC12A3,P307R,0.809
P55017,SLC12A3,P307S,0.878
P55017,SLC12A3,P307Y,0.758
P55017,SLC12A3,P307V,0.809
P55017,SLC12A3,P307W,0.676
P55017,SLC12A3,P307T,0.87
P55017,SLC12A3,P307M,0.81
P55017,SLC12A3,P307N,0.788
P55017,SLC12A3,P307L,0.827
P55017,SLC12A3,P307A,0.882
P55017,SLC12A3,P307C,0.72
P55017,SLC12A3,P307D,0.795
P55017,SLC12A3,P307E,0.824
P55017,SLC12A3,P307K,0.814
P55017,SLC12A3,P307G,0.773
P55017,SLC12A3,P307H,0.821
P55017,SLC12A3,P307I,0.774
P55017,SLC12A3,P307F,0.72
P55017,SLC12A3,P308Y,0.802
P55017,SLC12A3,P308W,0.726
P55017,SLC12A3,P308V,0.875
P55017,SLC12A3,P308T,0.902
P55017,SLC12A3,P308S,0.905
P55017,SLC12A3,P308R,0.825
P55017,SLC12A3,P308Q,0.898
P55017,SLC12A3,P308M,0.874
P55017,SLC12A3,P308L,0.907
P55017,SLC12A3,P308N,0.808
P55017,SLC12A3,P308I,0.841
P55017,SLC12A3,P308A,0.924
P55017,SLC12A3,P308C,0.778
P55017,SLC12A3,P308D,0.81
P55017,SLC12A3,P308K,0.825
P55017,SLC12A3,P308F,0.795
P55017,SLC12A3,P308G,0.807
P55017,SLC12A3,P308H,0.852
P55017,SLC12A3,P308E,0.837
P55017,SLC12A3,S309M,0.822
P55017,SLC12A3,S309W,0.714
P55017,SLC12A3,S309V,0.794
P55017,SLC12A3,S309T,0.943
P55017,SLC12A3,S309R,0.82
P55017,SLC12A3,S309Q,0.831
P55017,SLC12A3,S309P,0.85
P55017,SLC12A3,S309N,0.958
P55017,SLC12A3,S309Y,0.798
P55017,SLC12A3,S309K,0.836
P55017,SLC12A3,S309I,0.797
P55017,SLC12A3,S309A,0.939
P55017,SLC12A3,S309C,0.865
P55017,SLC12A3,S309D,0.834
P55017,SLC12A3,S309L,0.812
P55017,SLC12A3,S309F,0.826
P55017,SLC12A3,S309G,0.896
P55017,SLC12A3,S309H,0.806
P55017,SLC12A3,S309E,0.81
P55017,SLC12A3,E310N,0.969
P55017,SLC12A3,E310W,0.813
P55017,SLC12A3,E310V,0.929
P55017,SLC12A3,E310T,0.934
P55017,SLC12A3,E310S,0.953
P55017,SLC12A3,E310R,0.954
P55017,SLC12A3,E310Q,1.078
P55017,SLC12A3,E310P,0.918
P55017,SLC12A3,E310Y,0.864
P55017,SLC12A3,E310M,0.896
P55017,SLC12A3,E310K,1.036
P55017,SLC12A3,E310I,0.874
P55017,SLC12A3,E310H,0.959
P55017,SLC12A3,E310G,0.931
P55017,SLC12A3,E310F,0.824
P55017,SLC12A3,E310D,1.09
P55017,SLC12A3,E310C,0.796
P55017,SLC12A3,E310A,0.966
P55017,SLC12A3,E310L,0.854
P55017,SLC12A3,D311P,0.862
P55017,SLC12A3,D311Q,0.923
P55017,SLC12A3,D311R,0.822
P55017,SLC12A3,D311Y,0.885
P55017,SLC12A3,D311T,0.903
P55017,SLC12A3,D311V,0.871
P55017,SLC12A3,D311W,0.756
P55017,SLC12A3,D311S,0.942
P55017,SLC12A3,D311N,1.014
P55017,SLC12A3,D311M,0.853
P55017,SLC12A3,D311K,0.876
P55017,SLC12A3,D311A,0.9
P55017,SLC12A3,D311C,0.827
P55017,SLC12A3,D311E,1.053
P55017,SLC12A3,D311L,0.822
P55017,SLC12A3,D311G,0.946
P55017,SLC12A3,D311H,0.913
P55017,SLC12A3,D311I,0.855
P55017,SLC12A3,D311F,0.873
P55017,SLC12A3,K312Y,0.545
P55017,SLC12A3,K312W,0.578
P55017,SLC12A3,K312V,0.624
P55017,SLC12A3,K312T,0.636
P55017,SLC12A3,K312S,0.594
P55017,SLC12A3,K312R,0.788
P55017,SLC12A3,K312Q,0.728
P55017,SLC12A3,K312N,0.654
P55017,SLC12A3,K312M,0.671
P55017,SLC12A3,K312P,0.43
P55017,SLC12A3,K312I,0.576
P55017,SLC12A3,K312H,0.6
P55017,SLC12A3,K312G,0.478
P55017,SLC12A3,K312F,0.504
P55017,SLC12A3,K312E,0.658
P55017,SLC12A3,K312D,0.498
P55017,SLC12A3,K312C,0.608
P55017,SLC12A3,K312A,0.608
P55017,SLC12A3,K312L,0.621
P55017,SLC12A3,A313Q,0.604
P55017,SLC12A3,A313R,0.584
P55017,SLC12A3,A313S,0.786
P55017,SLC12A3,A313Y,0.619
P55017,SLC12A3,A313V,0.812
P55017,SLC12A3,A313W,0.512
P55017,SLC12A3,A313T,0.764
P55017,SLC12A3,A313N,0.591
P55017,SLC12A3,A313P,0.633
P55017,SLC12A3,A313M,0.747
P55017,SLC12A3,A313C,0.796
P55017,SLC12A3,A313D,0.564
P55017,SLC12A3,A313E,0.601
P55017,SLC12A3,A313F,0.671
P55017,SLC12A3,A313L,0.742
P55017,SLC12A3,A313H,0.591
P55017,SLC12A3,A313I,0.739
P55017,SLC12A3,A313K,0.573
P55017,SLC12A3,A313G,0.775
P55017,SLC12A3,S314M,0.736
P55017,SLC12A3,S314W,0.607
P55017,SLC12A3,S314V,0.668
P55017,SLC12A3,S314T,0.79
P55017,SLC12A3,S314R,0.614
P55017,SLC12A3,S314Q,0.63
P55017,SLC12A3,S314P,0.628
P55017,SLC12A3,S314N,0.727
P55017,SLC12A3,S314Y,0.654
P55017,SLC12A3,S314K,0.583
P55017,SLC12A3,S314I,0.68
P55017,SLC12A3,S314H,0.657
P55017,SLC12A3,S314G,0.737
P55017,SLC12A3,S314F,0.67
P55017,SLC12A3,S314E,0.578
P55017,SLC12A3,S314D,0.619
P55017,SLC12A3,S314C,0.796
P55017,SLC12A3,S314A,0.818
P55017,SLC12A3,S314L,0.699
P55017,SLC12A3,K315P,0.444
P55017,SLC12A3,K315Q,0.726
P55017,SLC12A3,K315R,0.789
P55017,SLC12A3,K315Y,0.593
P55017,SLC12A3,K315T,0.645
P55017,SLC12A3,K315V,0.644
P55017,SLC12A3,K315W,0.627
P55017,SLC12A3,K315S,0.585
P55017,SLC12A3,K315N,0.658
P55017,SLC12A3,K315M,0.69
P55017,SLC12A3,K315I,0.613
P55017,SLC12A3,K315A,0.609
P55017,SLC12A3,K315C,0.642
P55017,SLC12A3,K315D,0.509
P55017,SLC12A3,K315L,0.656
P55017,SLC12A3,K315F,0.552
P55017,SLC12A3,K315G,0.486
P55017,SLC12A3,K315H,0.627
P55017,SLC12A3,K315E,0.648
P55017,SLC12A3,G316Y,0.401
P55017,SLC12A3,G316W,0.507
P55017,SLC12A3,G316V,0.58
P55017,SLC12A3,G316T,0.492
P55017,SLC12A3,G316S,0.627
P55017,SLC12A3,G316R,0.471
P55017,SLC12A3,G316Q,0.422
P55017,SLC12A3,G316N,0.528
P55017,SLC12A3,G316P,0.412
P55017,SLC12A3,G316M,0.542
P55017,SLC12A3,G316K,0.395
P55017,SLC12A3,G316I,0.526
P55017,SLC12A3,G316H,0.416
P55017,SLC12A3,G316F,0.512
P55017,SLC12A3,G316E,0.454
P55017,SLC12A3,G316D,0.46
P55017,SLC12A3,G316C,0.597
P55017,SLC12A3,G316A,0.712
P55017,SLC12A3,G316L,0.516
P55017,SLC12A3,F317P,0.222
P55017,SLC12A3,F317Q,0.276
P55017,SLC12A3,F317R,0.278
P55017,SLC12A3,F317N,0.322
P55017,SLC12A3,F317T,0.401
P55017,SLC12A3,F317V,0.562
P55017,SLC12A3,F317W,0.585
P55017,SLC12A3,F317S,0.419
P55017,SLC12A3,F317Y,0.675
P55017,SLC12A3,F317M,0.576
P55017,SLC12A3,F317K,0.253
P55017,SLC12A3,F317A,0.414
P55017,SLC12A3,F317C,0.528
P55017,SLC12A3,F317D,0.256
P55017,SLC12A3,F317L,0.641
P55017,SLC12A3,F317G,0.326
P55017,SLC12A3,F317H,0.476
P55017,SLC12A3,F317I,0.6
P55017,SLC12A3,F317E,0.212
P55017,SLC12A3,F318N,0.414
P55017,SLC12A3,F318W,0.67
P55017,SLC12A3,F318V,0.642
P55017,SLC12A3,F318T,0.48
P55017,SLC12A3,F318S,0.507
P55017,SLC12A3,F318R,0.388
P55017,SLC12A3,F318Q,0.372
P55017,SLC12A3,F318P,0.306
P55017,SLC12A3,F318Y,0.758
P55017,SLC12A3,F318M,0.659
P55017,SLC12A3,F318K,0.35
P55017,SLC12A3,F318I,0.684
P55017,SLC12A3,F318H,0.556
P55017,SLC12A3,F318G,0.403
P55017,SLC12A3,F318E,0.282
P55017,SLC12A3,F318D,0.34
P55017,SLC12A3,F318C,0.612
P55017,SLC12A3,F318A,0.494
P55017,SLC12A3,F318L,0.722
P55017,SLC12A3,S319N,0.75
P55017,SLC12A3,S319P,0.649
P55017,SLC12A3,S319Q,0.665
P55017,SLC12A3,S319M,0.766
P55017,SLC12A3,S319T,0.811
P55017,SLC12A3,S319V,0.692
P55017,SLC12A3,S319W,0.668
P55017,SLC12A3,S319R,0.642
P55017,SLC12A3,S319L,0.728
P55017,SLC12A3,S319Y,0.694
P55017,SLC12A3,S319I,0.712
P55017,SLC12A3,S319A,0.835
P55017,SLC12A3,S319C,0.822
P55017,SLC12A3,S319D,0.65
P55017,SLC12A3,S319K,0.599
P55017,SLC12A3,S319F,0.702
P55017,SLC12A3,S319G,0.752
P55017,SLC12A3,S319H,0.689
P55017,SLC12A3,S319E,0.61
P55017,SLC12A3,Y320W,0.688
P55017,SLC12A3,Y320V,0.638
P55017,SLC12A3,Y320T,0.599
P55017,SLC12A3,Y320S,0.61
P55017,SLC12A3,Y320R,0.556
P55017,SLC12A3,Y320Q,0.635
P55017,SLC12A3,Y320P,0.562
P55017,SLC12A3,Y320M,0.66
P55017,SLC12A3,Y320L,0.681
P55017,SLC12A3,Y320N,0.598
P55017,SLC12A3,Y320I,0.65
P55017,SLC12A3,Y320K,0.548
P55017,SLC12A3,Y320C,0.672
P55017,SLC12A3,Y320D,0.562
P55017,SLC12A3,Y320E,0.566
P55017,SLC12A3,Y320A,0.6
P55017,SLC12A3,Y320G,0.518
P55017,SLC12A3,Y320H,0.777
P55017,SLC12A3,Y320F,0.854
P55017,SLC12A3,R321M,0.806
P55017,SLC12A3,R321Y,0.742
P55017,SLC12A3,R321W,0.752
P55017,SLC12A3,R321V,0.724
P55017,SLC12A3,R321T,0.798
P55017,SLC12A3,R321S,0.794
P55017,SLC12A3,R321Q,0.886
P55017,SLC12A3,R321P,0.748
P55017,SLC12A3,R321L,0.78
P55017,SLC12A3,R321N,0.822
P55017,SLC12A3,R321I,0.728
P55017,SLC12A3,R321C,0.778
P55017,SLC12A3,R321D,0.693
P55017,SLC12A3,R321E,0.79
P55017,SLC12A3,R321A,0.755
P55017,SLC12A3,R321G,0.776
P55017,SLC12A3,R321H,0.861
P55017,SLC12A3,R321F,0.676
P55017,SLC12A3,R321K,0.923
P55017,SLC12A3,A322Y,0.708
P55017,SLC12A3,A322N,0.745
P55017,SLC12A3,A322W,0.644
P55017,SLC12A3,A322V,0.897
P55017,SLC12A3,A322T,0.914
P55017,SLC12A3,A322S,0.917
P55017,SLC12A3,A322R,0.724
P55017,SLC12A3,A322Q,0.756
P55017,SLC12A3,A322P,0.818
P55017,SLC12A3,A322M,0.81
P55017,SLC12A3,A322K,0.75
P55017,SLC12A3,A322I,0.78
P55017,SLC12A3,A322H,0.698
P55017,SLC12A3,A322G,0.869
P55017,SLC12A3,A322F,0.7
P55017,SLC12A3,A322E,0.788
P55017,SLC12A3,A322D,0.744
P55017,SLC12A3,A322C,0.828
P55017,SLC12A3,A322L,0.754
P55017,SLC12A3,D323Q,0.798
P55017,SLC12A3,D323R,0.7
P55017,SLC12A3,D323S,0.819
P55017,SLC12A3,D323N,0.888
P55017,SLC12A3,D323V,0.742
P55017,SLC12A3,D323W,0.622
P55017,SLC12A3,D323Y,0.75
P55017,SLC12A3,D323T,0.777
P55017,SLC12A3,D323M,0.724
P55017,SLC12A3,D323P,0.742
P55017,SLC12A3,D323K,0.759
P55017,SLC12A3,D323A,0.776
P55017,SLC12A3,D323C,0.699
P55017,SLC12A3,D323E,0.924
P55017,SLC12A3,D323F,0.736
P55017,SLC12A3,D323L,0.688
P55017,SLC12A3,D323H,0.786
P55017,SLC12A3,D323I,0.722
P55017,SLC12A3,D323G,0.822
P55017,SLC12A3,I324Y,0.51
P55017,SLC12A3,I324W,0.453
P55017,SLC12A3,I324V,0.823
P55017,SLC12A3,I324T,0.59
P55017,SLC12A3,I324S,0.471
P55017,SLC12A3,I324R,0.42
P55017,SLC12A3,I324P,0.328
P55017,SLC12A3,I324N,0.362
P55017,SLC12A3,I324Q,0.404
P55017,SLC12A3,I324M,0.747
P55017,SLC12A3,I324K,0.432
P55017,SLC12A3,I324H,0.468
P55017,SLC12A3,I324G,0.328
P55017,SLC12A3,I324F,0.647
P55017,SLC12A3,I324E,0.307
P55017,SLC12A3,I324D,0.322
P55017,SLC12A3,I324C,0.636
P55017,SLC12A3,I324A,0.596
P55017,SLC12A3,I324L,0.773
P55017,SLC12A3,F325P,0.327
P55017,SLC12A3,F325Q,0.398
P55017,SLC12A3,F325R,0.414
P55017,SLC12A3,F325N,0.452
P55017,SLC12A3,F325T,0.514
P55017,SLC12A3,F325V,0.638
P55017,SLC12A3,F325W,0.666
P55017,SLC12A3,F325S,0.544
P55017,SLC12A3,F325Y,0.767
P55017,SLC12A3,F325M,0.654
P55017,SLC12A3,F325K,0.4
P55017,SLC12A3,F325A,0.52
P55017,SLC12A3,F325C,0.61
P55017,SLC12A3,F325D,0.37
P55017,SLC12A3,F325L,0.697
P55017,SLC12A3,F325G,0.436
P55017,SLC12A3,F325H,0.585
P55017,SLC12A3,F325I,0.668
P55017,SLC12A3,F325E,0.334
P55017,SLC12A3,V326M,0.908
P55017,SLC12A3,V326W,0.694
P55017,SLC12A3,V326T,0.879
P55017,SLC12A3,V326S,0.775
P55017,SLC12A3,V326R,0.73
P55017,SLC12A3,V326Q,0.759
P55017,SLC12A3,V326P,0.771
P55017,SLC12A3,V326N,0.739
P55017,SLC12A3,V326Y,0.776
P55017,SLC12A3,V326L,0.893
P55017,SLC12A3,V326I,0.974
P55017,SLC12A3,V326H,0.716
P55017,SLC12A3,V326G,0.775
P55017,SLC12A3,V326F,0.816
P55017,SLC12A3,V326E,0.802
P55017,SLC12A3,V326D,0.75
P55017,SLC12A3,V326C,0.772
P55017,SLC12A3,V326A,0.866
P55017,SLC12A3,V326K,0.767
P55017,SLC12A3,Q327Y,0.73
P55017,SLC12A3,Q327P,0.769
P55017,SLC12A3,Q327R,0.843
P55017,SLC12A3,Q327M,0.81
P55017,SLC12A3,Q327T,0.758
P55017,SLC12A3,Q327V,0.727
P55017,SLC12A3,Q327W,0.651
P55017,SLC12A3,Q327S,0.768
P55017,SLC12A3,Q327L,0.758
P55017,SLC12A3,Q327N,0.781
P55017,SLC12A3,Q327I,0.688
P55017,SLC12A3,Q327A,0.754
P55017,SLC12A3,Q327C,0.672
P55017,SLC12A3,Q327D,0.758
P55017,SLC12A3,Q327K,0.829
P55017,SLC12A3,Q327F,0.672
P55017,SLC12A3,Q327G,0.697
P55017,SLC12A3,Q327H,0.819
P55017,SLC12A3,Q327E,0.87
P55017,SLC12A3,N328Y,0.504
P55017,SLC12A3,N328W,0.369
P55017,SLC12A3,N328V,0.5
P55017,SLC12A3,N328T,0.564
P55017,SLC12A3,N328S,0.61
P55017,SLC12A3,N328R,0.501
P55017,SLC12A3,N328Q,0.496
P55017,SLC12A3,N328M,0.556
P55017,SLC12A3,N328L,0.501
P55017,SLC12A3,N328P,0.394
P55017,SLC12A3,N328I,0.522
P55017,SLC12A3,N328H,0.617
P55017,SLC12A3,N328G,0.506
P55017,SLC12A3,N328F,0.447
P55017,SLC12A3,N328E,0.467
P55017,SLC12A3,N328D,0.558
P55017,SLC12A3,N328C,0.516
P55017,SLC12A3,N328A,0.473
P55017,SLC12A3,N328K,0.516
P55017,SLC12A3,L329Q,0.56
P55017,SLC12A3,L329R,0.528
P55017,SLC12A3,L329S,0.547
P55017,SLC12A3,L329Y,0.596
P55017,SLC12A3,L329V,0.77
P55017,SLC12A3,L329W,0.6
P55017,SLC12A3,L329T,0.591
P55017,SLC12A3,L329N,0.48
P55017,SLC12A3,L329P,0.5
P55017,SLC12A3,L329M,0.82
P55017,SLC12A3,L329A,0.604
P55017,SLC12A3,L329C,0.649
P55017,SLC12A3,L329D,0.37
P55017,SLC12A3,L329E,0.426
P55017,SLC12A3,L329K,0.504
P55017,SLC12A3,L329G,0.433
P55017,SLC12A3,L329H,0.498
P55017,SLC12A3,L329I,0.8
P55017,SLC12A3,L329F,0.73
P55017,SLC12A3,V330M,0.822
P55017,SLC12A3,V330W,0.605
P55017,SLC12A3,V330T,0.797
P55017,SLC12A3,V330S,0.69
P55017,SLC12A3,V330R,0.646
P55017,SLC12A3,V330Q,0.678
P55017,SLC12A3,V330P,0.679
P55017,SLC12A3,V330N,0.655
P55017,SLC12A3,V330Y,0.688
P55017,SLC12A3,V330K,0.682
P55017,SLC12A3,V330I,0.889
P55017,SLC12A3,V330H,0.628
P55017,SLC12A3,V330G,0.69
P55017,SLC12A3,V330F,0.722
P55017,SLC12A3,V330E,0.724
P55017,SLC12A3,V330D,0.666
P55017,SLC12A3,V330C,0.681
P55017,SLC12A3,V330A,0.78
P55017,SLC12A3,V330L,0.796
P55017,SLC12A3,P331N,0.529
P55017,SLC12A3,P331Q,0.617
P55017,SLC12A3,P331R,0.546
P55017,SLC12A3,P331Y,0.52
P55017,SLC12A3,P331T,0.622
P55017,SLC12A3,P331V,0.597
P55017,SLC12A3,P331W,0.44
P55017,SLC12A3,P331S,0.624
P55017,SLC12A3,P331M,0.594
P55017,SLC12A3,P331K,0.546
P55017,SLC12A3,P331I,0.562
P55017,SLC12A3,P331A,0.647
P55017,SLC12A3,P331C,0.5
P55017,SLC12A3,P331D,0.53
P55017,SLC12A3,P331L,0.626
P55017,SLC12A3,P331F,0.51
P55017,SLC12A3,P331G,0.532
P55017,SLC12A3,P331H,0.57
P55017,SLC12A3,P331E,0.557
P55017,SLC12A3,D332Y,0.688
P55017,SLC12A3,D332W,0.559
P55017,SLC12A3,D332V,0.674
P55017,SLC12A3,D332T,0.713
P55017,SLC12A3,D332S,0.754
P55017,SLC12A3,D332R,0.632
P55017,SLC12A3,D332Q,0.735
P55017,SLC12A3,D332N,0.824
P55017,SLC12A3,D332P,0.676
P55017,SLC12A3,D332M,0.657
P55017,SLC12A3,D332K,0.687
P55017,SLC12A3,D332I,0.654
P55017,SLC12A3,D332H,0.72
P55017,SLC12A3,D332G,0.758
P55017,SLC12A3,D332F,0.669
P55017,SLC12A3,D332E,0.868
P55017,SLC12A3,D332C,0.631
P55017,SLC12A3,D332A,0.71
P55017,SLC12A3,D332L,0.621
P55017,SLC12A3,W333N,0.445
P55017,SLC12A3,W333P,0.391
P55017,SLC12A3,W333Q,0.58
P55017,SLC12A3,W333M,0.692
P55017,SLC12A3,W333S,0.546
P55017,SLC12A3,W333T,0.559
P55017,SLC12A3,W333V,0.62
P55017,SLC12A3,W333R,0.583
P55017,SLC12A3,W333Y,0.782
P55017,SLC12A3,W333K,0.519
P55017,SLC12A3,W333I,0.601
P55017,SLC12A3,W333A,0.566
P55017,SLC12A3,W333C,0.704
P55017,SLC12A3,W333D,0.428
P55017,SLC12A3,W333L,0.71
P55017,SLC12A3,W333F,0.785
P55017,SLC12A3,W333G,0.603
P55017,SLC12A3,W333H,0.579
P55017,SLC12A3,W333E,0.502
P55017,SLC12A3,R334M,0.76
P55017,SLC12A3,R334W,0.704
P55017,SLC12A3,R334V,0.677
P55017,SLC12A3,R334T,0.74
P55017,SLC12A3,R334S,0.732
P55017,SLC12A3,R334Q,0.823
P55017,SLC12A3,R334P,0.682
P55017,SLC12A3,R334N,0.76
P55017,SLC12A3,R334Y,0.699
P55017,SLC12A3,R334K,0.859
P55017,SLC12A3,R334I,0.69
P55017,SLC12A3,R334H,0.811
P55017,SLC12A3,R334G,0.712
P55017,SLC12A3,R334F,0.641
P55017,SLC12A3,R334E,0.722
P55017,SLC12A3,R334D,0.626
P55017,SLC12A3,R334C,0.728
P55017,SLC12A3,R334A,0.696
P55017,SLC12A3,R334L,0.744
P55017,SLC12A3,G335Q,0.884
P55017,SLC12A3,G335R,0.918
P55017,SLC12A3,G335S,1.003
P55017,SLC12A3,G335Y,0.834
P55017,SLC12A3,G335V,0.883
P55017,SLC12A3,G335W,0.889
P55017,SLC12A3,G335T,0.89
P55017,SLC12A3,G335N,0.984
P55017,SLC12A3,G335P,0.859
P55017,SLC12A3,G335M,0.802
P55017,SLC12A3,G335A,0.984
P55017,SLC12A3,G335C,0.889
P55017,SLC12A3,G335D,0.954
P55017,SLC12A3,G335E,0.914
P55017,SLC12A3,G335L,0.784
P55017,SLC12A3,G335H,0.882
P55017,SLC12A3,G335I,0.809
P55017,SLC12A3,G335K,0.882
P55017,SLC12A3,G335F,0.856
P55017,SLC12A3,P336Y,0.981
P55017,SLC12A3,P336W,0.88
P55017,SLC12A3,P336V,1.028
P55017,SLC12A3,P336T,1.094
P55017,SLC12A3,P336S,1.104
P55017,SLC12A3,P336R,1.036
P55017,SLC12A3,P336Q,1.104
P55017,SLC12A3,P336M,1.034
P55017,SLC12A3,P336L,1.066
P55017,SLC12A3,P336N,1.006
P55017,SLC12A3,P336I,0.99
P55017,SLC12A3,P336K,1.025
P55017,SLC12A3,P336C,0.956
P55017,SLC12A3,P336D,0.991
P55017,SLC12A3,P336E,1.038
P55017,SLC12A3,P336A,1.112
P55017,SLC12A3,P336G,0.985
P55017,SLC12A3,P336H,1.052
P55017,SLC12A3,P336F,0.944
P55017,SLC12A3,D337N,1.054
P55017,SLC12A3,D337Y,0.946
P55017,SLC12A3,D337W,0.798
P55017,SLC12A3,D337V,0.912
P55017,SLC12A3,D337T,0.932
P55017,SLC12A3,D337S,0.966
P55017,SLC12A3,D337R,0.861
P55017,SLC12A3,D337Q,0.956
P55017,SLC12A3,D337M,0.885
P55017,SLC12A3,D337P,0.857
P55017,SLC12A3,D337K,0.917
P55017,SLC12A3,D337C,0.879
P55017,SLC12A3,D337E,1.087
P55017,SLC12A3,D337F,0.905
P55017,SLC12A3,D337A,0.949
P55017,SLC12A3,D337H,0.972
P55017,SLC12A3,D337I,0.892
P55017,SLC12A3,D337G,0.986
P55017,SLC12A3,D337L,0.843
P55017,SLC12A3,G338Y,0.708
P55017,SLC12A3,G338N,0.843
P55017,SLC12A3,G338W,0.782
P55017,SLC12A3,G338V,0.8
P55017,SLC12A3,G338T,0.76
P55017,SLC12A3,G338S,0.866
P55017,SLC12A3,G338R,0.776
P55017,SLC12A3,G338Q,0.74
P55017,SLC12A3,G338P,0.715
P55017,SLC12A3,G338M,0.736
P55017,SLC12A3,G338K,0.729
P55017,SLC12A3,G338I,0.751
P55017,SLC12A3,G338H,0.738
P55017,SLC12A3,G338F,0.776
P55017,SLC12A3,G338E,0.764
P55017,SLC12A3,G338D,0.806
P55017,SLC12A3,G338C,0.795
P55017,SLC12A3,G338A,0.865
P55017,SLC12A3,G338L,0.727
P55017,SLC12A3,T339Y,0.716
P55017,SLC12A3,T339P,0.701
P55017,SLC12A3,T339Q,0.712
P55017,SLC12A3,T339M,0.84
P55017,SLC12A3,T339S,0.857
P55017,SLC12A3,T339V,0.854
P55017,SLC12A3,T339W,0.606
P55017,SLC12A3,T339R,0.706
P55017,SLC12A3,T339L,0.798
P55017,SLC12A3,T339N,0.782
P55017,SLC12A3,T339I,0.832
P55017,SLC12A3,T339A,0.867
P55017,SLC12A3,T339C,0.823
P55017,SLC12A3,T339D,0.672
P55017,SLC12A3,T339K,0.728
P55017,SLC12A3,T339F,0.728
P55017,SLC12A3,T339G,0.692
P55017,SLC12A3,T339H,0.658
P55017,SLC12A3,T339E,0.661
P55017,SLC12A3,F340Y,0.837
P55017,SLC12A3,F340W,0.696
P55017,SLC12A3,F340V,0.695
P55017,SLC12A3,F340T,0.645
P55017,SLC12A3,F340S,0.653
P55017,SLC12A3,F340R,0.592
P55017,SLC12A3,F340Q,0.609
P55017,SLC12A3,F340N,0.573
P55017,SLC12A3,F340M,0.7
P55017,SLC12A3,F340P,0.558
P55017,SLC12A3,F340K,0.578
P55017,SLC12A3,F340I,0.726
P55017,SLC12A3,F340H,0.666
P55017,SLC12A3,F340G,0.562
P55017,SLC12A3,F340E,0.564
P55017,SLC12A3,F340D,0.602
P55017,SLC12A3,F340C,0.659
P55017,SLC12A3,F340A,0.647
P55017,SLC12A3,F340L,0.751
P55017,SLC12A3,F341Q,0.589
P55017,SLC12A3,F341R,0.572
P55017,SLC12A3,F341S,0.633
P55017,SLC12A3,F341Y,0.826
P55017,SLC12A3,F341V,0.688
P55017,SLC12A3,F341W,0.688
P55017,SLC12A3,F341T,0.626
P55017,SLC12A3,F341N,0.552
P55017,SLC12A3,F341P,0.54
P55017,SLC12A3,F341M,0.696
P55017,SLC12A3,F341A,0.631
P55017,SLC12A3,F341C,0.649
P55017,SLC12A3,F341D,0.578
P55017,SLC12A3,F341E,0.54
P55017,SLC12A3,F341L,0.75
P55017,SLC12A3,F341H,0.651
P55017,SLC12A3,F341I,0.724
P55017,SLC12A3,F341K,0.554
P55017,SLC12A3,F341G,0.542
P55017,SLC12A3,G342N,0.688
P55017,SLC12A3,G342W,0.67
P55017,SLC12A3,G342V,0.704
P55017,SLC12A3,G342T,0.656
P55017,SLC12A3,G342S,0.773
P55017,SLC12A3,G342R,0.655
P55017,SLC12A3,G342Q,0.603
P55017,SLC12A3,G342P,0.57
P55017,SLC12A3,G342Y,0.57
P55017,SLC12A3,G342L,0.65
P55017,SLC12A3,G342K,0.585
P55017,SLC12A3,G342I,0.662
P55017,SLC12A3,G342H,0.594
P55017,SLC12A3,G342F,0.647
P55017,SLC12A3,G342E,0.637
P55017,SLC12A3,G342D,0.642
P55017,SLC12A3,G342C,0.742
P55017,SLC12A3,G342A,0.837
P55017,SLC12A3,G342M,0.694
P55017,SLC12A3,M343P,0.379
P55017,SLC12A3,M343Q,0.499
P55017,SLC12A3,M343R,0.44
P55017,SLC12A3,M343Y,0.538
P55017,SLC12A3,M343T,0.556
P55017,SLC12A3,M343V,0.728
P55017,SLC12A3,M343W,0.542
P55017,SLC12A3,M343S,0.438
P55017,SLC12A3,M343N,0.414
P55017,SLC12A3,M343K,0.463
P55017,SLC12A3,M343I,0.733
P55017,SLC12A3,M343A,0.554
P55017,SLC12A3,M343C,0.562
P55017,SLC12A3,M343D,0.306
P55017,SLC12A3,M343L,0.786
P55017,SLC12A3,M343F,0.648
P55017,SLC12A3,M343G,0.438
P55017,SLC12A3,M343H,0.475
P55017,SLC12A3,M343E,0.39
P55017,SLC12A3,F344Y,0.66
P55017,SLC12A3,F344W,0.568
P55017,SLC12A3,F344V,0.556
P55017,SLC12A3,F344T,0.384
P55017,SLC12A3,F344S,0.402
P55017,SLC12A3,F344R,0.262
P55017,SLC12A3,F344Q,0.252
P55017,SLC12A3,F344N,0.3
P55017,SLC12A3,F344M,0.572
P55017,SLC12A3,F344P,0.192
P55017,SLC12A3,F344K,0.24
P55017,SLC12A3,F344I,0.592
P55017,SLC12A3,F344H,0.458
P55017,SLC12A3,F344G,0.304
P55017,SLC12A3,F344E,0.178
P55017,SLC12A3,F344D,0.213
P55017,SLC12A3,F344C,0.515
P55017,SLC12A3,F344A,0.403
P55017,SLC12A3,F344L,0.636
P55017,SLC12A3,S345P,0.556
P55017,SLC12A3,S345Q,0.564
P55017,SLC12A3,S345R,0.544
P55017,SLC12A3,S345Y,0.591
P55017,SLC12A3,S345V,0.601
P55017,SLC12A3,S345W,0.546
P55017,SLC12A3,S345T,0.72
P55017,SLC12A3,S345M,0.669
P55017,SLC12A3,S345N,0.657
P55017,SLC12A3,S345L,0.634
P55017,SLC12A3,S345A,0.748
P55017,SLC12A3,S345C,0.726
P55017,SLC12A3,S345D,0.552
P55017,SLC12A3,S345E,0.51
P55017,SLC12A3,S345K,0.509
P55017,SLC12A3,S345G,0.665
P55017,SLC12A3,S345H,0.587
P55017,SLC12A3,S345I,0.616
P55017,SLC12A3,S345F,0.603
P55017,SLC12A3,I346N,0.474
P55017,SLC12A3,I346W,0.48
P55017,SLC12A3,I346V,0.789
P55017,SLC12A3,I346T,0.582
P55017,SLC12A3,I346S,0.492
P55017,SLC12A3,I346R,0.443
P55017,SLC12A3,I346Q,0.428
P55017,SLC12A3,I346P,0.438
P55017,SLC12A3,I346Y,0.572
P55017,SLC12A3,I346L,0.759
P55017,SLC12A3,I346K,0.424
P55017,SLC12A3,I346H,0.445
P55017,SLC12A3,I346G,0.406
P55017,SLC12A3,I346F,0.668
P55017,SLC12A3,I346E,0.424
P55017,SLC12A3,I346D,0.409
P55017,SLC12A3,I346C,0.566
P55017,SLC12A3,I346A,0.548
P55017,SLC12A3,I346M,0.706
P55017,SLC12A3,F347P,0.186
P55017,SLC12A3,F347Q,0.242
P55017,SLC12A3,F347R,0.241
P55017,SLC12A3,F347Y,0.631
P55017,SLC12A3,F347T,0.351
P55017,SLC12A3,F347V,0.524
P55017,SLC12A3,F347W,0.542
P55017,SLC12A3,F347S,0.371
P55017,SLC12A3,F347N,0.271
P55017,SLC12A3,F347M,0.54
P55017,SLC12A3,F347K,0.219
P55017,SLC12A3,F347A,0.368
P55017,SLC12A3,F347C,0.487
P55017,SLC12A3,F347D,0.221
P55017,SLC12A3,F347L,0.609
P55017,SLC12A3,F347G,0.27
P55017,SLC12A3,F347H,0.426
P55017,SLC12A3,F347I,0.566
P55017,SLC12A3,F347E,0.169
P55017,SLC12A3,F348Y,0.64
P55017,SLC12A3,F348W,0.546
P55017,SLC12A3,F348V,0.528
P55017,SLC12A3,F348T,0.369
P55017,SLC12A3,F348S,0.397
P55017,SLC12A3,F348R,0.262
P55017,SLC12A3,F348Q,0.262
P55017,SLC12A3,F348N,0.302
P55017,SLC12A3,F348P,0.206
P55017,SLC12A3,F348M,0.544
P55017,SLC12A3,F348K,0.24
P55017,SLC12A3,F348I,0.568
P55017,SLC12A3,F348H,0.443
P55017,SLC12A3,F348G,0.291
P55017,SLC12A3,F348E,0.188
P55017,SLC12A3,F348D,0.243
P55017,SLC12A3,F348C,0.5
P55017,SLC12A3,F348A,0.382
P55017,SLC12A3,F348L,0.607
P55017,SLC12A3,P349N,0.36
P55017,SLC12A3,P349Q,0.491
P55017,SLC12A3,P349R,0.394
P55017,SLC12A3,P349M,0.564
P55017,SLC12A3,P349T,0.542
P55017,SLC12A3,P349V,0.544
P55017,SLC12A3,P349W,0.31
P55017,SLC12A3,P349S,0.527
P55017,SLC12A3,P349Y,0.445
P55017,SLC12A3,P349L,0.548
P55017,SLC12A3,P349I,0.478
P55017,SLC12A3,P349A,0.593
P55017,SLC12A3,P349C,0.56
P55017,SLC12A3,P349D,0.382
P55017,SLC12A3,P349K,0.384
P55017,SLC12A3,P349F,0.5
P55017,SLC12A3,P349G,0.411
P55017,SLC12A3,P349H,0.486
P55017,SLC12A3,P349E,0.41
P55017,SLC12A3,S350M,0.639
P55017,SLC12A3,S350W,0.526
P55017,SLC12A3,S350V,0.571
P55017,SLC12A3,S350T,0.702
P55017,SLC12A3,S350R,0.537
P55017,SLC12A3,S350Q,0.556
P55017,SLC12A3,S350P,0.574
P55017,SLC12A3,S350N,0.662
P55017,SLC12A3,S350Y,0.569
P55017,SLC12A3,S350L,0.597
P55017,SLC12A3,S350I,0.585
P55017,SLC12A3,S350H,0.574
P55017,SLC12A3,S350G,0.644
P55017,SLC12A3,S350F,0.568
P55017,SLC12A3,S350E,0.505
P55017,SLC12A3,S350D,0.542
P55017,SLC12A3,S350C,0.698
P55017,SLC12A3,S350A,0.729
P55017,SLC12A3,S350K,0.529
P55017,SLC12A3,A351P,0.606
P55017,SLC12A3,A351Q,0.554
P55017,SLC12A3,A351R,0.518
P55017,SLC12A3,A351Y,0.54
P55017,SLC12A3,A351T,0.664
P55017,SLC12A3,A351V,0.698
P55017,SLC12A3,A351W,0.474
P55017,SLC12A3,A351S,0.67
P55017,SLC12A3,A351N,0.532
P55017,SLC12A3,A351M,0.634
P55017,SLC12A3,A351K,0.534
P55017,SLC12A3,A351C,0.632
P55017,SLC12A3,A351D,0.529
P55017,SLC12A3,A351E,0.572
P55017,SLC12A3,A351L,0.624
P55017,SLC12A3,A351G,0.629
P55017,SLC12A3,A351H,0.511
P55017,SLC12A3,A351I,0.624
P55017,SLC12A3,A351F,0.572
P55017,SLC12A3,T352Y,0.462
P55017,SLC12A3,T352W,0.334
P55017,SLC12A3,T352V,0.614
P55017,SLC12A3,T352S,0.592
P55017,SLC12A3,T352R,0.438
P55017,SLC12A3,T352Q,0.448
P55017,SLC12A3,T352P,0.441
P55017,SLC12A3,T352M,0.602
P55017,SLC12A3,T352L,0.566
P55017,SLC12A3,T352N,0.512
P55017,SLC12A3,T352I,0.597
P55017,SLC12A3,T352K,0.456
P55017,SLC12A3,T352C,0.576
P55017,SLC12A3,T352D,0.399
P55017,SLC12A3,T352E,0.389
P55017,SLC12A3,T352A,0.608
P55017,SLC12A3,T352G,0.427
P55017,SLC12A3,T352H,0.399
P55017,SLC12A3,T352F,0.484
P55017,SLC12A3,G353N,0.67
P55017,SLC12A3,G353Y,0.543
P55017,SLC12A3,G353W,0.619
P55017,SLC12A3,G353V,0.638
P55017,SLC12A3,G353T,0.592
P55017,SLC12A3,G353S,0.698
P55017,SLC12A3,G353R,0.599
P55017,SLC12A3,G353Q,0.574
P55017,SLC12A3,G353M,0.571
P55017,SLC12A3,G353P,0.548
P55017,SLC12A3,G353K,0.557
P55017,SLC12A3,G353C,0.633
P55017,SLC12A3,G353D,0.637
P55017,SLC12A3,G353E,0.595
P55017,SLC12A3,G353A,0.699
P55017,SLC12A3,G353H,0.574
P55017,SLC12A3,G353I,0.576
P55017,SLC12A3,G353F,0.615
P55017,SLC12A3,G353L,0.568
P55017,SLC12A3,I354Y,0.541
P55017,SLC12A3,I354N,0.446
P55017,SLC12A3,I354W,0.446
P55017,SLC12A3,I354V,0.763
P55017,SLC12A3,I354T,0.552
P55017,SLC12A3,I354S,0.465
P55017,SLC12A3,I354R,0.42
P55017,SLC12A3,I354Q,0.4
P55017,SLC12A3,I354P,0.41
P55017,SLC12A3,I354M,0.68
P55017,SLC12A3,I354K,0.402
P55017,SLC12A3,I354H,0.418
P55017,SLC12A3,I354G,0.376
P55017,SLC12A3,I354F,0.641
P55017,SLC12A3,I354E,0.395
P55017,SLC12A3,I354D,0.38
P55017,SLC12A3,I354C,0.538
P55017,SLC12A3,I354A,0.522
P55017,SLC12A3,I354L,0.733
P55017,SLC12A3,L355Y,0.518
P55017,SLC12A3,L355Q,0.489
P55017,SLC12A3,L355R,0.461
P55017,SLC12A3,L355N,0.392
P55017,SLC12A3,L355T,0.502
P55017,SLC12A3,L355V,0.653
P55017,SLC12A3,L355W,0.496
P55017,SLC12A3,L355S,0.472
P55017,SLC12A3,L355M,0.702
P55017,SLC12A3,L355P,0.48
P55017,SLC12A3,L355I,0.692
P55017,SLC12A3,L355A,0.506
P55017,SLC12A3,L355C,0.497
P55017,SLC12A3,L355D,0.352
P55017,SLC12A3,L355K,0.416
P55017,SLC12A3,L355F,0.641
P55017,SLC12A3,L355G,0.357
P55017,SLC12A3,L355H,0.469
P55017,SLC12A3,L355E,0.398
P55017,SLC12A3,A356Y,0.519
P55017,SLC12A3,A356W,0.464
P55017,SLC12A3,A356V,0.704
P55017,SLC12A3,A356T,0.673
P55017,SLC12A3,A356S,0.677
P55017,SLC12A3,A356R,0.489
P55017,SLC12A3,A356Q,0.539
P55017,SLC12A3,A356N,0.542
P55017,SLC12A3,A356P,0.611
P55017,SLC12A3,A356M,0.638
P55017,SLC12A3,A356K,0.515
P55017,SLC12A3,A356I,0.617
P55017,SLC12A3,A356H,0.489
P55017,SLC12A3,A356G,0.64
P55017,SLC12A3,A356F,0.548
P55017,SLC12A3,A356E,0.575
P55017,SLC12A3,A356D,0.539
P55017,SLC12A3,A356C,0.643
P55017,SLC12A3,A356L,0.611
P55017,SLC12A3,G357P,0.398
P55017,SLC12A3,G357Q,0.435
P55017,SLC12A3,G357R,0.479
P55017,SLC12A3,G357N,0.5
P55017,SLC12A3,G357T,0.476
P55017,SLC12A3,G357V,0.57
P55017,SLC12A3,G357W,0.505
P55017,SLC12A3,G357S,0.581
P55017,SLC12A3,G357Y,0.384
P55017,SLC12A3,G357L,0.5
P55017,SLC12A3,G357K,0.394
P55017,SLC12A3,G357A,0.657
P55017,SLC12A3,G357C,0.59
P55017,SLC12A3,G357D,0.464
P55017,SLC12A3,G357M,0.513
P55017,SLC12A3,G357F,0.483
P55017,SLC12A3,G357H,0.428
P55017,SLC12A3,G357I,0.489
P55017,SLC12A3,G357E,0.462
P55017,SLC12A3,A358N,0.504
P55017,SLC12A3,A358W,0.482
P55017,SLC12A3,A358V,0.744
P55017,SLC12A3,A358T,0.666
P55017,SLC12A3,A358S,0.678
P55017,SLC12A3,A358R,0.508
P55017,SLC12A3,A358Q,0.524
P55017,SLC12A3,A358P,0.542
P55017,SLC12A3,A358Y,0.574
P55017,SLC12A3,A358L,0.688
P55017,SLC12A3,A358K,0.477
P55017,SLC12A3,A358I,0.695
P55017,SLC12A3,A358H,0.522
P55017,SLC12A3,A358G,0.666
P55017,SLC12A3,A358F,0.633
P55017,SLC12A3,A358E,0.516
P55017,SLC12A3,A358D,0.48
P55017,SLC12A3,A358C,0.712
P55017,SLC12A3,A358M,0.692
P55017,SLC12A3,N359Q,0.568
P55017,SLC12A3,N359R,0.576
P55017,SLC12A3,N359S,0.678
P55017,SLC12A3,N359Y,0.638
P55017,SLC12A3,N359V,0.614
P55017,SLC12A3,N359W,0.516
P55017,SLC12A3,N359T,0.633
P55017,SLC12A3,N359M,0.654
P55017,SLC12A3,N359P,0.475
P55017,SLC12A3,N359L,0.612
P55017,SLC12A3,N359A,0.564
P55017,SLC12A3,N359C,0.634
P55017,SLC12A3,N359D,0.619
P55017,SLC12A3,N359E,0.526
P55017,SLC12A3,N359K,0.578
P55017,SLC12A3,N359G,0.574
P55017,SLC12A3,N359H,0.692
P55017,SLC12A3,N359I,0.675
P55017,SLC12A3,N359F,0.61
P55017,SLC12A3,I360Y,0.564
P55017,SLC12A3,I360W,0.481
P55017,SLC12A3,I360V,0.806
P55017,SLC12A3,I360T,0.622
P55017,SLC12A3,I360S,0.534
P55017,SLC12A3,I360R,0.494
P55017,SLC12A3,I360Q,0.455
P55017,SLC12A3,I360N,0.522
P55017,SLC12A3,I360M,0.723
P55017,SLC12A3,I360P,0.456
P55017,SLC12A3,I360K,0.48
P55017,SLC12A3,I360L,0.737
P55017,SLC12A3,I360C,0.58
P55017,SLC12A3,I360D,0.422
P55017,SLC12A3,I360E,0.446
P55017,SLC12A3,I360A,0.583
P55017,SLC12A3,I360G,0.43
P55017,SLC12A3,I360H,0.482
P55017,SLC12A3,I360F,0.638
P55017,SLC12A3,S361M,0.626
P55017,SLC12A3,S361W,0.532
P55017,SLC12A3,S361V,0.583
P55017,SLC12A3,S361T,0.674
P55017,SLC12A3,S361R,0.512
P55017,SLC12A3,S361Q,0.507
P55017,SLC12A3,S361P,0.529
P55017,SLC12A3,S361Y,0.57
P55017,SLC12A3,S361L,0.634
P55017,SLC12A3,S361N,0.607
P55017,SLC12A3,S361I,0.608
P55017,SLC12A3,S361A,0.7
P55017,SLC12A3,S361C,0.683
P55017,SLC12A3,S361D,0.49
P55017,SLC12A3,S361K,0.475
P55017,SLC12A3,S361F,0.611
P55017,SLC12A3,S361G,0.619
P55017,SLC12A3,S361H,0.525
P55017,SLC12A3,S361E,0.456
P55017,SLC12A3,G362Y,0.598
P55017,SLC12A3,G362W,0.668
P55017,SLC12A3,G362V,0.699
P55017,SLC12A3,G362T,0.666
P55017,SLC12A3,G362S,0.78
P55017,SLC12A3,G362R,0.7
P55017,SLC12A3,G362Q,0.643
P55017,SLC12A3,G362N,0.73
P55017,SLC12A3,G362P,0.603
P55017,SLC12A3,G362M,0.609
P55017,SLC12A3,G362K,0.633
P55017,SLC12A3,G362I,0.614
P55017,SLC12A3,G362H,0.635
P55017,SLC12A3,G362F,0.65
P55017,SLC12A3,G362E,0.691
P55017,SLC12A3,G362D,0.71
P55017,SLC12A3,G362C,0.702
P55017,SLC12A3,G362A,0.795
P55017,SLC12A3,G362L,0.589
P55017,SLC12A3,D363P,0.652
P55017,SLC12A3,D363Q,0.744
P55017,SLC12A3,D363R,0.647
P55017,SLC12A3,D363N,0.848
P55017,SLC12A3,D363T,0.724
P55017,SLC12A3,D363V,0.721
P55017,SLC12A3,D363W,0.592
P55017,SLC12A3,D363S,0.758
P55017,SLC12A3,D363Y,0.742
P55017,SLC12A3,D363L,0.652
P55017,SLC12A3,D363K,0.704
P55017,SLC12A3,D363A,0.755
P55017,SLC12A3,D363C,0.685
P55017,SLC12A3,D363E,0.869
P55017,SLC12A3,D363M,0.686
P55017,SLC12A3,D363G,0.784
P55017,SLC12A3,D363H,0.77
P55017,SLC12A3,D363I,0.696
P55017,SLC12A3,D363F,0.708
P55017,SLC12A3,L364Y,0.451
P55017,SLC12A3,L364W,0.475
P55017,SLC12A3,L364V,0.629
P55017,SLC12A3,L364T,0.416
P55017,SLC12A3,L364S,0.352
P55017,SLC12A3,L364R,0.339
P55017,SLC12A3,L364Q,0.351
P55017,SLC12A3,L364N,0.294
P55017,SLC12A3,L364P,0.325
P55017,SLC12A3,L364M,0.67
P55017,SLC12A3,L364I,0.662
P55017,SLC12A3,L364H,0.336
P55017,SLC12A3,L364G,0.265
P55017,SLC12A3,L364F,0.613
P55017,SLC12A3,L364E,0.238
P55017,SLC12A3,L364D,0.198
P55017,SLC12A3,L364C,0.506
P55017,SLC12A3,L364A,0.436
P55017,SLC12A3,L364K,0.301
P55017,SLC12A3,K365P,0.772
P55017,SLC12A3,K365Q,0.899
P55017,SLC12A3,K365R,0.941
P55017,SLC12A3,K365N,0.874
P55017,SLC12A3,K365T,0.839
P55017,SLC12A3,K365V,0.793
P55017,SLC12A3,K365W,0.75
P55017,SLC12A3,K365S,0.834
P55017,SLC12A3,K365Y,0.754
P55017,SLC12A3,K365M,0.856
P55017,SLC12A3,K365I,0.786
P55017,SLC12A3,K365A,0.808
P55017,SLC12A3,K365C,0.722
P55017,SLC12A3,K365D,0.78
P55017,SLC12A3,K365L,0.79
P55017,SLC12A3,K365F,0.731
P55017,SLC12A3,K365G,0.764
P55017,SLC12A3,K365H,0.822
P55017,SLC12A3,K365E,0.888
P55017,SLC12A3,D366N,0.843
P55017,SLC12A3,D366W,0.585
P55017,SLC12A3,D366V,0.701
P55017,SLC12A3,D366T,0.734
P55017,SLC12A3,D366S,0.774
P55017,SLC12A3,D366R,0.656
P55017,SLC12A3,D366Q,0.755
P55017,SLC12A3,D366P,0.688
P55017,SLC12A3,D366Y,0.712
P55017,SLC12A3,D366M,0.683
P55017,SLC12A3,D366K,0.712
P55017,SLC12A3,D366I,0.684
P55017,SLC12A3,D366H,0.743
P55017,SLC12A3,D366G,0.778
P55017,SLC12A3,D366F,0.698
P55017,SLC12A3,D366E,0.878
P55017,SLC12A3,D366C,0.658
P55017,SLC12A3,D366A,0.734
P55017,SLC12A3,D366L,0.649
P55017,SLC12A3,P367N,0.396
P55017,SLC12A3,P367Q,0.522
P55017,SLC12A3,P367R,0.423
P55017,SLC12A3,P367Y,0.474
P55017,SLC12A3,P367T,0.575
P55017,SLC12A3,P367V,0.58
P55017,SLC12A3,P367W,0.345
P55017,SLC12A3,P367S,0.56
P55017,SLC12A3,P367M,0.59
P55017,SLC12A3,P367L,0.581
P55017,SLC12A3,P367I,0.511
P55017,SLC12A3,P367A,0.628
P55017,SLC12A3,P367C,0.583
P55017,SLC12A3,P367D,0.414
P55017,SLC12A3,P367K,0.418
P55017,SLC12A3,P367F,0.529
P55017,SLC12A3,P367G,0.446
P55017,SLC12A3,P367H,0.505
P55017,SLC12A3,P367E,0.439
P55017,SLC12A3,A368Y,0.728
P55017,SLC12A3,A368W,0.657
P55017,SLC12A3,A368V,0.876
P55017,SLC12A3,A368T,0.862
P55017,SLC12A3,A368S,0.87
P55017,SLC12A3,A368R,0.716
P55017,SLC12A3,A368Q,0.752
P55017,SLC12A3,A368N,0.736
P55017,SLC12A3,A368M,0.81
P55017,SLC12A3,A368P,0.802
P55017,SLC12A3,A368K,0.742
P55017,SLC12A3,A368L,0.797
P55017,SLC12A3,A368D,0.733
P55017,SLC12A3,A368E,0.774
P55017,SLC12A3,A368F,0.748
P55017,SLC12A3,A368C,0.815
P55017,SLC12A3,A368H,0.706
P55017,SLC12A3,A368I,0.8
P55017,SLC12A3,A368G,0.826
P55017,SLC12A3,I369N,0.767
P55017,SLC12A3,I369W,0.698
P55017,SLC12A3,I369V,1.05
P55017,SLC12A3,I369T,0.887
P55017,SLC12A3,I369S,0.774
P55017,SLC12A3,I369R,0.734
P55017,SLC12A3,I369Q,0.706
P55017,SLC12A3,I369Y,0.808
P55017,SLC12A3,I369M,0.96
P55017,SLC12A3,I369P,0.702
P55017,SLC12A3,I369K,0.735
P55017,SLC12A3,I369A,0.814
P55017,SLC12A3,I369C,0.802
P55017,SLC12A3,I369D,0.686
P55017,SLC12A3,I369L,0.96
P55017,SLC12A3,I369F,0.864
P55017,SLC12A3,I369G,0.667
P55017,SLC12A3,I369H,0.714
P55017,SLC12A3,I369E,0.708
P55017,SLC12A3,A370N,0.412
P55017,SLC12A3,A370W,0.335
P55017,SLC12A3,A370V,0.655
P55017,SLC12A3,A370T,0.594
P55017,SLC12A3,A370S,0.611
P55017,SLC12A3,A370R,0.408
P55017,SLC12A3,A370Q,0.43
P55017,SLC12A3,A370P,0.454
P55017,SLC12A3,A370Y,0.438
P55017,SLC12A3,A370L,0.591
P55017,SLC12A3,A370K,0.397
P55017,SLC12A3,A370I,0.582
P55017,SLC12A3,A370H,0.407
P55017,SLC12A3,A370G,0.599
P55017,SLC12A3,A370F,0.503
P55017,SLC12A3,A370E,0.423
P55017,SLC12A3,A370D,0.38
P55017,SLC12A3,A370C,0.634
P55017,SLC12A3,A370M,0.587
P55017,SLC12A3,I371Q,0.341
P55017,SLC12A3,I371R,0.36
P55017,SLC12A3,I371S,0.411
P55017,SLC12A3,I371Y,0.502
P55017,SLC12A3,I371V,0.734
P55017,SLC12A3,I371W,0.41
P55017,SLC12A3,I371T,0.504
P55017,SLC12A3,I371N,0.388
P55017,SLC12A3,I371P,0.356
P55017,SLC12A3,I371M,0.646
P55017,SLC12A3,I371A,0.477
P55017,SLC12A3,I371C,0.504
P55017,SLC12A3,I371D,0.316
P55017,SLC12A3,I371E,0.331
P55017,SLC12A3,I371L,0.71
P55017,SLC12A3,I371G,0.328
P55017,SLC12A3,I371H,0.365
P55017,SLC12A3,I371K,0.336
P55017,SLC12A3,I371F,0.618
P55017,SLC12A3,P372Y,0.401
P55017,SLC12A3,P372W,0.252
P55017,SLC12A3,P372V,0.5
P55017,SLC12A3,P372T,0.523
P55017,SLC12A3,P372S,0.512
P55017,SLC12A3,P372R,0.371
P55017,SLC12A3,P372Q,0.466
P55017,SLC12A3,P372M,0.516
P55017,SLC12A3,P372L,0.474
P55017,SLC12A3,P372N,0.347
P55017,SLC12A3,P372I,0.418
P55017,SLC12A3,P372A,0.565
P55017,SLC12A3,P372C,0.514
P55017,SLC12A3,P372D,0.382
P55017,SLC12A3,P372K,0.384
P55017,SLC12A3,P372F,0.438
P55017,SLC12A3,P372G,0.4
P55017,SLC12A3,P372H,0.452
P55017,SLC12A3,P372E,0.406
P55017,SLC12A3,K373N,0.745
P55017,SLC12A3,K373W,0.587
P55017,SLC12A3,K373V,0.668
P55017,SLC12A3,K373T,0.709
P55017,SLC12A3,K373S,0.71
P55017,SLC12A3,K373R,0.82
P55017,SLC12A3,K373Q,0.775
P55017,SLC12A3,K373P,0.66
P55017,SLC12A3,K373Y,0.609
P55017,SLC12A3,K373L,0.666
P55017,SLC12A3,K373I,0.648
P55017,SLC12A3,K373A,0.685
P55017,SLC12A3,K373C,0.576
P55017,SLC12A3,K373D,0.65
P55017,SLC12A3,K373M,0.738
P55017,SLC12A3,K373F,0.597
P55017,SLC12A3,K373G,0.631
P55017,SLC12A3,K373H,0.685
P55017,SLC12A3,K373E,0.766
P55017,SLC12A3,G374N,0.43
P55017,SLC12A3,G374W,0.422
P55017,SLC12A3,G374V,0.494
P55017,SLC12A3,G374T,0.396
P55017,SLC12A3,G374S,0.531
P55017,SLC12A3,G374R,0.382
P55017,SLC12A3,G374Q,0.335
P55017,SLC12A3,G374P,0.322
P55017,SLC12A3,G374Y,0.257
P55017,SLC12A3,G374M,0.449
P55017,SLC12A3,G374K,0.305
P55017,SLC12A3,G374I,0.44
P55017,SLC12A3,G374H,0.332
P55017,SLC12A3,G374F,0.427
P55017,SLC12A3,G374E,0.37
P55017,SLC12A3,G374D,0.368
P55017,SLC12A3,G374C,0.52
P55017,SLC12A3,G374A,0.619
P55017,SLC12A3,G374L,0.43
P55017,SLC12A3,T375N,0.54
P55017,SLC12A3,T375P,0.474
P55017,SLC12A3,T375Q,0.482
P55017,SLC12A3,T375Y,0.524
P55017,SLC12A3,T375S,0.626
P55017,SLC12A3,T375V,0.716
P55017,SLC12A3,T375W,0.454
P55017,SLC12A3,T375R,0.47
P55017,SLC12A3,T375M,0.698
P55017,SLC12A3,T375L,0.692
P55017,SLC12A3,T375I,0.706
P55017,SLC12A3,T375A,0.672
P55017,SLC12A3,T375C,0.668
P55017,SLC12A3,T375D,0.424
P55017,SLC12A3,T375K,0.471
P55017,SLC12A3,T375F,0.604
P55017,SLC12A3,T375G,0.472
P55017,SLC12A3,T375H,0.437
P55017,SLC12A3,T375E,0.41
P55017,SLC12A3,L376Y,0.563
P55017,SLC12A3,L376W,0.533
P55017,SLC12A3,L376V,0.686
P55017,SLC12A3,L376T,0.566
P55017,SLC12A3,L376S,0.54
P55017,SLC12A3,L376R,0.528
P55017,SLC12A3,L376Q,0.554
P55017,SLC12A3,L376N,0.463
P55017,SLC12A3,L376M,0.732
P55017,SLC12A3,L376P,0.544
P55017,SLC12A3,L376I,0.716
P55017,SLC12A3,L376H,0.526
P55017,SLC12A3,L376G,0.422
P55017,SLC12A3,L376F,0.659
P55017,SLC12A3,L376E,0.468
P55017,SLC12A3,L376D,0.424
P55017,SLC12A3,L376C,0.54
P55017,SLC12A3,L376A,0.562
P55017,SLC12A3,L376K,0.492
P55017,SLC12A3,M377Q,0.686
P55017,SLC12A3,M377R,0.659
P55017,SLC12A3,M377S,0.662
P55017,SLC12A3,M377Y,0.592
P55017,SLC12A3,M377V,0.781
P55017,SLC12A3,M377W,0.635
P55017,SLC12A3,M377T,0.711
P55017,SLC12A3,M377N,0.601
P55017,SLC12A3,M377P,0.613
P55017,SLC12A3,M377L,0.802
P55017,SLC12A3,M377A,0.673
P55017,SLC12A3,M377C,0.637
P55017,SLC12A3,M377D,0.526
P55017,SLC12A3,M377E,0.594
P55017,SLC12A3,M377K,0.661
P55017,SLC12A3,M377G,0.52
P55017,SLC12A3,M377H,0.576
P55017,SLC12A3,M377I,0.758
P55017,SLC12A3,M377F,0.673
P55017,SLC12A3,A378N,0.378
P55017,SLC12A3,A378W,0.318
P55017,SLC12A3,A378V,0.643
P55017,SLC12A3,A378T,0.568
P55017,SLC12A3,A378S,0.582
P55017,SLC12A3,A378R,0.375
P55017,SLC12A3,A378Q,0.406
P55017,SLC12A3,A378P,0.43
P55017,SLC12A3,A378Y,0.418
P55017,SLC12A3,A378L,0.592
P55017,SLC12A3,A378K,0.36
P55017,SLC12A3,A378I,0.577
P55017,SLC12A3,A378H,0.387
P55017,SLC12A3,A378G,0.573
P55017,SLC12A3,A378F,0.5
P55017,SLC12A3,A378E,0.398
P55017,SLC12A3,A378D,0.346
P55017,SLC12A3,A378C,0.624
P55017,SLC12A3,A378M,0.578
P55017,SLC12A3,I379P,0.384
P55017,SLC12A3,I379Q,0.37
P55017,SLC12A3,I379R,0.388
P55017,SLC12A3,I379Y,0.518
P55017,SLC12A3,I379T,0.53
P55017,SLC12A3,I379V,0.75
P55017,SLC12A3,I379W,0.424
P55017,SLC12A3,I379S,0.44
P55017,SLC12A3,I379N,0.418
P55017,SLC12A3,I379M,0.664
P55017,SLC12A3,I379K,0.369
P55017,SLC12A3,I379A,0.502
P55017,SLC12A3,I379C,0.522
P55017,SLC12A3,I379D,0.348
P55017,SLC12A3,I379L,0.722
P55017,SLC12A3,I379F,0.629
P55017,SLC12A3,I379G,0.354
P55017,SLC12A3,I379H,0.391
P55017,SLC12A3,I379E,0.364
P55017,SLC12A3,F380Y,0.857
P55017,SLC12A3,F380W,0.717
P55017,SLC12A3,F380V,0.712
P55017,SLC12A3,F380T,0.664
P55017,SLC12A3,F380S,0.67
P55017,SLC12A3,F380R,0.612
P55017,SLC12A3,F380Q,0.629
P55017,SLC12A3,F380N,0.593
P55017,SLC12A3,F380P,0.577
P55017,SLC12A3,F380M,0.719
P55017,SLC12A3,F380K,0.596
P55017,SLC12A3,F380I,0.745
P55017,SLC12A3,F380H,0.687
P55017,SLC12A3,F380G,0.58
P55017,SLC12A3,F380E,0.583
P55017,SLC12A3,F380D,0.621
P55017,SLC12A3,F380C,0.676
P55017,SLC12A3,F380A,0.664
P55017,SLC12A3,F380L,0.769
P55017,SLC12A3,W381N,0.605
P55017,SLC12A3,W381P,0.639
P55017,SLC12A3,W381Q,0.776
P55017,SLC12A3,W381M,0.782
P55017,SLC12A3,W381S,0.687
P55017,SLC12A3,W381T,0.712
P55017,SLC12A3,W381V,0.648
P55017,SLC12A3,W381R,0.731
P55017,SLC12A3,W381Y,0.86
P55017,SLC12A3,W381L,0.723
P55017,SLC12A3,W381I,0.619
P55017,SLC12A3,W381A,0.642
P55017,SLC12A3,W381C,0.707
P55017,SLC12A3,W381D,0.55
P55017,SLC12A3,W381K,0.701
P55017,SLC12A3,W381F,0.828
P55017,SLC12A3,W381G,0.714
P55017,SLC12A3,W381H,0.667
P55017,SLC12A3,W381E,0.698
P55017,SLC12A3,T382M,0.548
P55017,SLC12A3,T382W,0.274
P55017,SLC12A3,T382V,0.588
P55017,SLC12A3,T382S,0.541
P55017,SLC12A3,T382R,0.328
P55017,SLC12A3,T382Q,0.35
P55017,SLC12A3,T382P,0.368
P55017,SLC12A3,T382N,0.434
P55017,SLC12A3,T382Y,0.367
P55017,SLC12A3,T382L,0.532
P55017,SLC12A3,T382I,0.536
P55017,SLC12A3,T382H,0.312
P55017,SLC12A3,T382G,0.362
P55017,SLC12A3,T382F,0.431
P55017,SLC12A3,T382E,0.296
P55017,SLC12A3,T382D,0.31
P55017,SLC12A3,T382C,0.532
P55017,SLC12A3,T382A,0.558
P55017,SLC12A3,T382K,0.359
P55017,SLC12A3,T383N,0.579
P55017,SLC12A3,T383P,0.502
P55017,SLC12A3,T383Q,0.498
P55017,SLC12A3,T383M,0.648
P55017,SLC12A3,T383S,0.659
P55017,SLC12A3,T383V,0.678
P55017,SLC12A3,T383W,0.382
P55017,SLC12A3,T383R,0.481
P55017,SLC12A3,T383L,0.615
P55017,SLC12A3,T383Y,0.486
P55017,SLC12A3,T383I,0.636
P55017,SLC12A3,T383A,0.679
P55017,SLC12A3,T383C,0.638
P55017,SLC12A3,T383D,0.458
P55017,SLC12A3,T383K,0.516
P55017,SLC12A3,T383F,0.518
P55017,SLC12A3,T383G,0.494
P55017,SLC12A3,T383H,0.43
P55017,SLC12A3,T383E,0.447
P55017,SLC12A3,I384Y,0.792
P55017,SLC12A3,I384W,0.686
P55017,SLC12A3,I384V,1.0
P55017,SLC12A3,I384T,0.83
P55017,SLC12A3,I384S,0.752
P55017,SLC12A3,I384R,0.706
P55017,SLC12A3,I384Q,0.686
P55017,SLC12A3,I384N,0.736
P55017,SLC12A3,I384M,0.92
P55017,SLC12A3,I384P,0.698
P55017,SLC12A3,I384K,0.705
P55017,SLC12A3,I384L,0.944
P55017,SLC12A3,I384C,0.788
P55017,SLC12A3,I384D,0.67
P55017,SLC12A3,I384E,0.688
P55017,SLC12A3,I384A,0.794
P55017,SLC12A3,I384G,0.657
P55017,SLC12A3,I384H,0.692
P55017,SLC12A3,I384F,0.855
P55017,SLC12A3,S385M,0.736
P55017,SLC12A3,S385Y,0.649
P55017,SLC12A3,S385W,0.621
P55017,SLC12A3,S385V,0.663
P55017,SLC12A3,S385T,0.762
P55017,SLC12A3,S385R,0.591
P55017,SLC12A3,S385Q,0.609
P55017,SLC12A3,S385P,0.601
P55017,SLC12A3,S385L,0.704
P55017,SLC12A3,S385N,0.697
P55017,SLC12A3,S385I,0.686
P55017,SLC12A3,S385C,0.782
P55017,SLC12A3,S385D,0.59
P55017,SLC12A3,S385E,0.554
P55017,SLC12A3,S385A,0.796
P55017,SLC12A3,S385G,0.703
P55017,SLC12A3,S385H,0.639
P55017,SLC12A3,S385F,0.674
P55017,SLC12A3,S385K,0.55
P55017,SLC12A3,Y386W,0.628
P55017,SLC12A3,Y386M,0.528
P55017,SLC12A3,Y386V,0.534
P55017,SLC12A3,Y386T,0.392
P55017,SLC12A3,Y386S,0.386
P55017,SLC12A3,Y386R,0.4
P55017,SLC12A3,Y386Q,0.446
P55017,SLC12A3,Y386P,0.236
P55017,SLC12A3,Y386N,0.398
P55017,SLC12A3,Y386L,0.581
P55017,SLC12A3,Y386I,0.533
P55017,SLC12A3,Y386H,0.618
P55017,SLC12A3,Y386G,0.37
P55017,SLC12A3,Y386F,0.755
P55017,SLC12A3,Y386E,0.326
P55017,SLC12A3,Y386D,0.266
P55017,SLC12A3,Y386C,0.512
P55017,SLC12A3,Y386A,0.413
P55017,SLC12A3,Y386K,0.345
P55017,SLC12A3,L387Q,0.547
P55017,SLC12A3,L387R,0.534
P55017,SLC12A3,L387S,0.544
P55017,SLC12A3,L387N,0.492
P55017,SLC12A3,L387V,0.778
P55017,SLC12A3,L387W,0.609
P55017,SLC12A3,L387Y,0.607
P55017,SLC12A3,L387T,0.599
P55017,SLC12A3,L387M,0.823
P55017,SLC12A3,L387P,0.495
P55017,SLC12A3,L387I,0.814
P55017,SLC12A3,L387A,0.613
P55017,SLC12A3,L387C,0.664
P55017,SLC12A3,L387D,0.387
P55017,SLC12A3,L387E,0.438
P55017,SLC12A3,L387K,0.511
P55017,SLC12A3,L387G,0.446
P55017,SLC12A3,L387H,0.502
P55017,SLC12A3,L387F,0.747
P55017,SLC12A3,A388Y,0.733
P55017,SLC12A3,A388W,0.686
P55017,SLC12A3,A388V,0.889
P55017,SLC12A3,A388T,0.88
P55017,SLC12A3,A388S,0.889
P55017,SLC12A3,A388R,0.738
P55017,SLC12A3,A388P,0.822
P55017,SLC12A3,A388N,0.753
P55017,SLC12A3,A388Q,0.768
P55017,SLC12A3,A388M,0.82
P55017,SLC12A3,A388K,0.758
P55017,SLC12A3,A388I,0.804
P55017,SLC12A3,A388H,0.716
P55017,SLC12A3,A388G,0.848
P55017,SLC12A3,A388F,0.749
P55017,SLC12A3,A388E,0.793
P55017,SLC12A3,A388D,0.754
P55017,SLC12A3,A388C,0.828
P55017,SLC12A3,A388L,0.802
P55017,SLC12A3,I389P,0.386
P55017,SLC12A3,I389Q,0.458
P55017,SLC12A3,I389R,0.486
P55017,SLC12A3,I389N,0.448
P55017,SLC12A3,I389T,0.636
P55017,SLC12A3,I389V,0.881
P55017,SLC12A3,I389W,0.543
P55017,SLC12A3,I389S,0.512
P55017,SLC12A3,I389Y,0.565
P55017,SLC12A3,I389M,0.806
P55017,SLC12A3,I389K,0.485
P55017,SLC12A3,I389A,0.639
P55017,SLC12A3,I389C,0.69
P55017,SLC12A3,I389D,0.367
P55017,SLC12A3,I389L,0.842
P55017,SLC12A3,I389F,0.719
P55017,SLC12A3,I389G,0.388
P55017,SLC12A3,I389H,0.53
P55017,SLC12A3,I389E,0.372
P55017,SLC12A3,S390M,0.75
P55017,SLC12A3,S390W,0.615
P55017,SLC12A3,S390V,0.681
P55017,SLC12A3,S390T,0.769
P55017,SLC12A3,S390R,0.593
P55017,SLC12A3,S390Q,0.612
P55017,SLC12A3,S390P,0.606
P55017,SLC12A3,S390N,0.698
P55017,SLC12A3,S390Y,0.657
P55017,SLC12A3,S390L,0.726
P55017,SLC12A3,S390I,0.704
P55017,SLC12A3,S390H,0.643
P55017,SLC12A3,S390G,0.71
P55017,SLC12A3,S390F,0.692
P55017,SLC12A3,S390E,0.556
P55017,SLC12A3,S390D,0.591
P55017,SLC12A3,S390C,0.797
P55017,SLC12A3,S390A,0.807
P55017,SLC12A3,S390K,0.55
P55017,SLC12A3,A391Q,0.607
P55017,SLC12A3,A391R,0.592
P55017,SLC12A3,A391S,0.782
P55017,SLC12A3,A391N,0.592
P55017,SLC12A3,A391V,0.81
P55017,SLC12A3,A391W,0.51
P55017,SLC12A3,A391Y,0.628
P55017,SLC12A3,A391T,0.762
P55017,SLC12A3,A391M,0.746
P55017,SLC12A3,A391P,0.627
P55017,SLC12A3,A391K,0.576
P55017,SLC12A3,A391C,0.792
P55017,SLC12A3,A391D,0.566
P55017,SLC12A3,A391E,0.607
P55017,SLC12A3,A391F,0.679
P55017,SLC12A3,A391L,0.744
P55017,SLC12A3,A391H,0.595
P55017,SLC12A3,A391I,0.747
P55017,SLC12A3,A391G,0.766
P55017,SLC12A3,T392Y,0.604
P55017,SLC12A3,T392W,0.514
P55017,SLC12A3,T392V,0.782
P55017,SLC12A3,T392S,0.716
P55017,SLC12A3,T392R,0.56
P55017,SLC12A3,T392Q,0.569
P55017,SLC12A3,T392P,0.562
P55017,SLC12A3,T392M,0.768
P55017,SLC12A3,T392L,0.757
P55017,SLC12A3,T392N,0.633
P55017,SLC12A3,T392I,0.776
P55017,SLC12A3,T392K,0.565
P55017,SLC12A3,T392C,0.738
P55017,SLC12A3,T392D,0.519
P55017,SLC12A3,T392E,0.506
P55017,SLC12A3,T392A,0.749
P55017,SLC12A3,T392G,0.558
P55017,SLC12A3,T392H,0.532
P55017,SLC12A3,T392F,0.676
P55017,SLC12A3,I393P,0.391
P55017,SLC12A3,I393W,0.546
P55017,SLC12A3,I393V,0.885
P55017,SLC12A3,I393T,0.63
P55017,SLC12A3,I393S,0.504
P55017,SLC12A3,I393R,0.478
P55017,SLC12A3,I393Y,0.564
P55017,SLC12A3,I393N,0.451
P55017,SLC12A3,I393Q,0.449
P55017,SLC12A3,I393M,0.808
P55017,SLC12A3,I393A,0.635
P55017,SLC12A3,I393C,0.691
P55017,SLC12A3,I393D,0.359
P55017,SLC12A3,I393E,0.375
P55017,SLC12A3,I393L,0.851
P55017,SLC12A3,I393G,0.384
P55017,SLC12A3,I393H,0.524
P55017,SLC12A3,I393K,0.473
P55017,SLC12A3,I393F,0.725
P55017,SLC12A3,G394N,0.49
P55017,SLC12A3,G394W,0.42
P55017,SLC12A3,G394V,0.498
P55017,SLC12A3,G394T,0.46
P55017,SLC12A3,G394S,0.577
P55017,SLC12A3,G394R,0.422
P55017,SLC12A3,G394Q,0.39
P55017,SLC12A3,G394P,0.38
P55017,SLC12A3,G394Y,0.32
P55017,SLC12A3,G394L,0.419
P55017,SLC12A3,G394K,0.376
P55017,SLC12A3,G394I,0.426
P55017,SLC12A3,G394H,0.359
P55017,SLC12A3,G394F,0.408
P55017,SLC12A3,G394E,0.424
P55017,SLC12A3,G394D,0.436
P55017,SLC12A3,G394C,0.534
P55017,SLC12A3,G394A,0.649
P55017,SLC12A3,G394M,0.488
P55017,SLC12A3,S395N,0.684
P55017,SLC12A3,S395P,0.583
P55017,SLC12A3,S395Q,0.592
P55017,SLC12A3,S395Y,0.608
P55017,SLC12A3,S395T,0.743
P55017,SLC12A3,S395V,0.618
P55017,SLC12A3,S395W,0.572
P55017,SLC12A3,S395R,0.571
P55017,SLC12A3,S395M,0.689
P55017,SLC12A3,S395L,0.648
P55017,SLC12A3,S395I,0.632
P55017,SLC12A3,S395A,0.771
P55017,SLC12A3,S395C,0.744
P55017,SLC12A3,S395D,0.58
P55017,SLC12A3,S395K,0.541
P55017,SLC12A3,S395F,0.616
P55017,SLC12A3,S395G,0.688
P55017,SLC12A3,S395H,0.613
P55017,SLC12A3,S395E,0.541
P55017,SLC12A3,C396Y,0.455
P55017,SLC12A3,C396W,0.447
P55017,SLC12A3,C396V,0.548
P55017,SLC12A3,C396T,0.475
P55017,SLC12A3,C396S,0.504
P55017,SLC12A3,C396R,0.368
P55017,SLC12A3,C396Q,0.346
P55017,SLC12A3,C396N,0.354
P55017,SLC12A3,C396P,0.277
P55017,SLC12A3,C396M,0.553
P55017,SLC12A3,C396K,0.269
P55017,SLC12A3,C396I,0.515
P55017,SLC12A3,C396H,0.386
P55017,SLC12A3,C396G,0.399
P55017,SLC12A3,C396F,0.514
P55017,SLC12A3,C396E,0.224
P55017,SLC12A3,C396D,0.322
P55017,SLC12A3,C396A,0.564
P55017,SLC12A3,C396L,0.543
P55017,SLC12A3,V397N,0.345
P55017,SLC12A3,V397P,0.37
P55017,SLC12A3,V397Q,0.402
P55017,SLC12A3,V397M,0.706
P55017,SLC12A3,V397S,0.412
P55017,SLC12A3,V397T,0.544
P55017,SLC12A3,V397W,0.435
P55017,SLC12A3,V397R,0.326
P55017,SLC12A3,V397Y,0.494
P55017,SLC12A3,V397L,0.722
P55017,SLC12A3,V397I,0.798
P55017,SLC12A3,V397A,0.601
P55017,SLC12A3,V397C,0.587
P55017,SLC12A3,V397D,0.326
P55017,SLC12A3,V397K,0.343
P55017,SLC12A3,V397F,0.61
P55017,SLC12A3,V397G,0.409
P55017,SLC12A3,V397H,0.366
P55017,SLC12A3,V397E,0.382
P55017,SLC12A3,V398M,0.719
P55017,SLC12A3,V398W,0.451
P55017,SLC12A3,V398T,0.566
P55017,SLC12A3,V398S,0.438
P55017,SLC12A3,V398R,0.352
P55017,SLC12A3,V398Q,0.427
P55017,SLC12A3,V398P,0.393
P55017,SLC12A3,V398N,0.372
P55017,SLC12A3,V398Y,0.512
P55017,SLC12A3,V398L,0.728
P55017,SLC12A3,V398I,0.807
P55017,SLC12A3,V398H,0.388
P55017,SLC12A3,V398G,0.432
P55017,SLC12A3,V398F,0.618
P55017,SLC12A3,V398E,0.41
P55017,SLC12A3,V398D,0.358
P55017,SLC12A3,V398C,0.601
P55017,SLC12A3,V398A,0.62
P55017,SLC12A3,V398K,0.372
P55017,SLC12A3,R399Y,0.526
P55017,SLC12A3,R399P,0.43
P55017,SLC12A3,R399Q,0.66
P55017,SLC12A3,R399M,0.656
P55017,SLC12A3,R399T,0.57
P55017,SLC12A3,R399V,0.542
P55017,SLC12A3,R399W,0.564
P55017,SLC12A3,R399S,0.552
P55017,SLC12A3,R399L,0.618
P55017,SLC12A3,R399N,0.572
P55017,SLC12A3,R399I,0.553
P55017,SLC12A3,R399A,0.558
P55017,SLC12A3,R399C,0.565
P55017,SLC12A3,R399D,0.434
P55017,SLC12A3,R399K,0.69
P55017,SLC12A3,R399F,0.497
P55017,SLC12A3,R399G,0.528
P55017,SLC12A3,R399H,0.67
P55017,SLC12A3,R399E,0.505
P55017,SLC12A3,D400Y,0.616
P55017,SLC12A3,D400W,0.486
P55017,SLC12A3,D400V,0.617
P55017,SLC12A3,D400T,0.632
P55017,SLC12A3,D400S,0.668
P55017,SLC12A3,D400R,0.544
P55017,SLC12A3,D400Q,0.647
P55017,SLC12A3,D400N,0.736
P55017,SLC12A3,D400M,0.6
P55017,SLC12A3,D400P,0.59
P55017,SLC12A3,D400K,0.591
P55017,SLC12A3,D400L,0.577
P55017,SLC12A3,D400C,0.575
P55017,SLC12A3,D400E,0.77
P55017,SLC12A3,D400F,0.624
P55017,SLC12A3,D400A,0.633
P55017,SLC12A3,D400H,0.643
P55017,SLC12A3,D400I,0.604
P55017,SLC12A3,D400G,0.677
P55017,SLC12A3,A401N,0.351
P55017,SLC12A3,A401W,0.282
P55017,SLC12A3,A401V,0.623
P55017,SLC12A3,A401T,0.553
P55017,SLC12A3,A401S,0.574
P55017,SLC12A3,A401R,0.336
P55017,SLC12A3,A401Q,0.369
P55017,SLC12A3,A401Y,0.37
P55017,SLC12A3,A401M,0.536
P55017,SLC12A3,A401P,0.408
P55017,SLC12A3,A401K,0.338
P55017,SLC12A3,A401C,0.607
P55017,SLC12A3,A401D,0.321
P55017,SLC12A3,A401E,0.363
P55017,SLC12A3,A401L,0.543
P55017,SLC12A3,A401G,0.568
P55017,SLC12A3,A401H,0.344
P55017,SLC12A3,A401I,0.525
P55017,SLC12A3,A401F,0.444
P55017,SLC12A3,S402M,0.769
P55017,SLC12A3,S402W,0.665
P55017,SLC12A3,S402V,0.698
P55017,SLC12A3,S402T,0.807
P55017,SLC12A3,S402R,0.637
P55017,SLC12A3,S402Q,0.654
P55017,SLC12A3,S402P,0.642
P55017,SLC12A3,S402N,0.743
P55017,SLC12A3,S402Y,0.69
P55017,SLC12A3,S402K,0.596
P55017,SLC12A3,S402I,0.723
P55017,SLC12A3,S402H,0.687
P55017,SLC12A3,S402G,0.747
P55017,SLC12A3,S402F,0.712
P55017,SLC12A3,S402E,0.595
P55017,SLC12A3,S402D,0.634
P55017,SLC12A3,S402C,0.832
P55017,SLC12A3,S402A,0.836
P55017,SLC12A3,S402L,0.739
P55017,SLC12A3,G403Q,0.616
P55017,SLC12A3,G403R,0.635
P55017,SLC12A3,G403S,0.756
P55017,SLC12A3,G403Y,0.562
P55017,SLC12A3,G403V,0.653
P55017,SLC12A3,G403W,0.626
P55017,SLC12A3,G403T,0.644
P55017,SLC12A3,G403N,0.732
P55017,SLC12A3,G403P,0.613
P55017,SLC12A3,G403M,0.556
P55017,SLC12A3,G403A,0.748
P55017,SLC12A3,G403C,0.633
P55017,SLC12A3,G403D,0.704
P55017,SLC12A3,G403E,0.651
P55017,SLC12A3,G403L,0.544
P55017,SLC12A3,G403H,0.616
P55017,SLC12A3,G403I,0.564
P55017,SLC12A3,G403K,0.609
P55017,SLC12A3,G403F,0.613
P55017,SLC12A3,V404Y,0.778
P55017,SLC12A3,V404W,0.707
P55017,SLC12A3,V404T,0.868
P55017,SLC12A3,V404S,0.748
P55017,SLC12A3,V404R,0.69
P55017,SLC12A3,V404Q,0.736
P55017,SLC12A3,V404P,0.705
P55017,SLC12A3,V404M,0.965
P55017,SLC12A3,V404L,0.954
P55017,SLC12A3,V404N,0.708
P55017,SLC12A3,V404I,1.041
P55017,SLC12A3,V404A,0.906
P55017,SLC12A3,V404C,0.864
P55017,SLC12A3,V404D,0.7
P55017,SLC12A3,V404K,0.71
P55017,SLC12A3,V404F,0.847
P55017,SLC12A3,V404G,0.756
P55017,SLC12A3,V404H,0.696
P55017,SLC12A3,V404E,0.748
P55017,SLC12A3,L405N,0.818
P55017,SLC12A3,L405W,0.863
P55017,SLC12A3,L405V,1.0
P55017,SLC12A3,L405T,0.908
P55017,SLC12A3,L405S,0.889
P55017,SLC12A3,L405R,0.888
P55017,SLC12A3,L405Q,0.906
P55017,SLC12A3,L405P,0.887
P55017,SLC12A3,L405Y,0.899
P55017,SLC12A3,L405K,0.853
P55017,SLC12A3,L405I,1.031
P55017,SLC12A3,L405A,0.895
P55017,SLC12A3,L405C,0.861
P55017,SLC12A3,L405D,0.78
P55017,SLC12A3,L405M,1.05
P55017,SLC12A3,L405F,0.972
P55017,SLC12A3,L405G,0.762
P55017,SLC12A3,L405H,0.875
P55017,SLC12A3,L405E,0.824
P55017,SLC12A3,N406M,0.784
P55017,SLC12A3,N406W,0.68
P55017,SLC12A3,N406V,0.743
P55017,SLC12A3,N406T,0.895
P55017,SLC12A3,N406S,0.942
P55017,SLC12A3,N406R,0.848
P55017,SLC12A3,N406Q,0.861
P55017,SLC12A3,N406P,0.746
P55017,SLC12A3,N406Y,0.801
P55017,SLC12A3,N406L,0.724
P55017,SLC12A3,N406I,0.767
P55017,SLC12A3,N406H,0.927
P55017,SLC12A3,N406G,0.865
P55017,SLC12A3,N406F,0.754
P55017,SLC12A3,N406E,0.832
P55017,SLC12A3,N406D,0.922
P55017,SLC12A3,N406C,0.752
P55017,SLC12A3,N406A,0.794
P55017,SLC12A3,N406K,0.878
P55017,SLC12A3,D407P,0.537
P55017,SLC12A3,D407Q,0.73
P55017,SLC12A3,D407R,0.603
P55017,SLC12A3,D407Y,0.677
P55017,SLC12A3,D407T,0.687
P55017,SLC12A3,D407V,0.699
P55017,SLC12A3,D407W,0.575
P55017,SLC12A3,D407S,0.714
P55017,SLC12A3,D407N,0.82
P55017,SLC12A3,D407L,0.624
P55017,SLC12A3,D407K,0.633
P55017,SLC12A3,D407A,0.699
P55017,SLC12A3,D407C,0.716
P55017,SLC12A3,D407E,0.829
P55017,SLC12A3,D407M,0.636
P55017,SLC12A3,D407G,0.686
P55017,SLC12A3,D407H,0.764
P55017,SLC12A3,D407I,0.678
P55017,SLC12A3,D407F,0.68
P55017,SLC12A3,T408Y,0.754
P55017,SLC12A3,T408W,0.677
P55017,SLC12A3,T408V,0.877
P55017,SLC12A3,T408S,0.922
P55017,SLC12A3,T408R,0.823
P55017,SLC12A3,T408Q,0.81
P55017,SLC12A3,T408P,0.847
P55017,SLC12A3,T408M,0.875
P55017,SLC12A3,T408L,0.8
P55017,SLC12A3,T408N,0.889
P55017,SLC12A3,T408I,0.855
P55017,SLC12A3,T408H,0.787
P55017,SLC12A3,T408G,0.784
P55017,SLC12A3,T408F,0.756
P55017,SLC12A3,T408E,0.798
P55017,SLC12A3,T408D,0.774
P55017,SLC12A3,T408C,0.789
P55017,SLC12A3,T408A,0.9
P55017,SLC12A3,T408K,0.832
P55017,SLC12A3,V409P,0.786
P55017,SLC12A3,V409Q,0.786
P55017,SLC12A3,V409R,0.748
P55017,SLC12A3,V409Y,0.809
P55017,SLC12A3,V409T,0.928
P55017,SLC12A3,V409W,0.762
P55017,SLC12A3,V409S,0.804
P55017,SLC12A3,V409M,0.984
P55017,SLC12A3,V409N,0.766
P55017,SLC12A3,V409L,0.976
P55017,SLC12A3,V409A,0.92
P55017,SLC12A3,V409C,0.864
P55017,SLC12A3,V409D,0.774
P55017,SLC12A3,V409E,0.83
P55017,SLC12A3,V409K,0.774
P55017,SLC12A3,V409G,0.826
P55017,SLC12A3,V409H,0.748
P55017,SLC12A3,V409I,1.058
P55017,SLC12A3,V409F,0.898
P55017,SLC12A3,T410M,0.955
P55017,SLC12A3,T410W,0.766
P55017,SLC12A3,T410V,0.94
P55017,SLC12A3,T410S,0.992
P55017,SLC12A3,T410R,0.883
P55017,SLC12A3,T410Q,0.867
P55017,SLC12A3,T410P,0.882
P55017,SLC12A3,T410N,0.947
P55017,SLC12A3,T410Y,0.837
P55017,SLC12A3,T410K,0.894
P55017,SLC12A3,T410I,0.942
P55017,SLC12A3,T410H,0.844
P55017,SLC12A3,T410G,0.831
P55017,SLC12A3,T410F,0.824
P55017,SLC12A3,T410E,0.842
P55017,SLC12A3,T410D,0.826
P55017,SLC12A3,T410C,0.889
P55017,SLC12A3,T410A,0.983
P55017,SLC12A3,T410L,0.868
P55017,SLC12A3,P411N,0.908
P55017,SLC12A3,P411Q,1.01
P55017,SLC12A3,P411R,0.942
P55017,SLC12A3,P411Y,0.906
P55017,SLC12A3,P411T,1.002
P55017,SLC12A3,P411V,0.937
P55017,SLC12A3,P411W,0.802
P55017,SLC12A3,P411S,1.011
P55017,SLC12A3,P411M,0.948
P55017,SLC12A3,P411K,0.924
P55017,SLC12A3,P411I,0.908
P55017,SLC12A3,P411A,1.022
P55017,SLC12A3,P411C,0.904
P55017,SLC12A3,P411D,0.896
P55017,SLC12A3,P411L,0.972
P55017,SLC12A3,P411F,0.888
P55017,SLC12A3,P411G,0.886
P55017,SLC12A3,P411H,0.964
P55017,SLC12A3,P411E,0.936
P55017,SLC12A3,G412Y,0.774
P55017,SLC12A3,G412W,0.835
P55017,SLC12A3,G412V,0.852
P55017,SLC12A3,G412T,0.84
P55017,SLC12A3,G412S,0.958
P55017,SLC12A3,G412R,0.884
P55017,SLC12A3,G412Q,0.832
P55017,SLC12A3,G412N,0.914
P55017,SLC12A3,G412P,0.789
P55017,SLC12A3,G412M,0.792
P55017,SLC12A3,G412K,0.83
P55017,SLC12A3,G412I,0.787
P55017,SLC12A3,G412H,0.82
P55017,SLC12A3,G412F,0.797
P55017,SLC12A3,G412E,0.878
P55017,SLC12A3,G412D,0.894
P55017,SLC12A3,G412C,0.876
P55017,SLC12A3,G412A,0.964
P55017,SLC12A3,G412L,0.748
P55017,SLC12A3,W413N,0.838
P55017,SLC12A3,W413P,0.835
P55017,SLC12A3,W413Q,1.003
P55017,SLC12A3,W413M,0.992
P55017,SLC12A3,W413S,0.926
P55017,SLC12A3,W413T,0.92
P55017,SLC12A3,W413V,0.904
P55017,SLC12A3,W413R,0.998
P55017,SLC12A3,W413Y,1.071
P55017,SLC12A3,W413K,0.942
P55017,SLC12A3,W413I,0.874
P55017,SLC12A3,W413A,0.893
P55017,SLC12A3,W413C,0.994
P55017,SLC12A3,W413D,0.796
P55017,SLC12A3,W413L,0.97
P55017,SLC12A3,W413F,1.027
P55017,SLC12A3,W413G,0.942
P55017,SLC12A3,W413H,0.915
P55017,SLC12A3,W413E,0.926
P55017,SLC12A3,G414N,0.962
P55017,SLC12A3,G414W,0.876
P55017,SLC12A3,G414V,0.892
P55017,SLC12A3,G414T,0.881
P55017,SLC12A3,G414S,1.006
P55017,SLC12A3,G414R,0.924
P55017,SLC12A3,G414Q,0.872
P55017,SLC12A3,G414P,0.828
P55017,SLC12A3,G414Y,0.814
P55017,SLC12A3,G414L,0.788
P55017,SLC12A3,G414K,0.869
P55017,SLC12A3,G414I,0.827
P55017,SLC12A3,G414H,0.86
P55017,SLC12A3,G414F,0.837
P55017,SLC12A3,G414E,0.918
P55017,SLC12A3,G414D,0.934
P55017,SLC12A3,G414C,0.915
P55017,SLC12A3,G414A,1.012
P55017,SLC12A3,G414M,0.832
P55017,SLC12A3,A415Q,1.046
P55017,SLC12A3,A415R,1.02
P55017,SLC12A3,A415S,1.177
P55017,SLC12A3,A415Y,1.028
P55017,SLC12A3,A415V,1.162
P55017,SLC12A3,A415W,0.974
P55017,SLC12A3,A415T,1.166
P55017,SLC12A3,A415N,1.043
P55017,SLC12A3,A415P,1.096
P55017,SLC12A3,A415M,1.101
P55017,SLC12A3,A415C,1.104
P55017,SLC12A3,A415D,1.038
P55017,SLC12A3,A415E,1.072
P55017,SLC12A3,A415F,1.031
P55017,SLC12A3,A415L,1.072
P55017,SLC12A3,A415H,1.006
P55017,SLC12A3,A415I,1.086
P55017,SLC12A3,A415K,1.034
P55017,SLC12A3,A415G,1.125
P55017,SLC12A3,C416Y,0.69
P55017,SLC12A3,C416W,0.676
P55017,SLC12A3,C416V,0.641
P55017,SLC12A3,C416T,0.652
P55017,SLC12A3,C416S,0.668
P55017,SLC12A3,C416R,0.618
P55017,SLC12A3,C416Q,0.564
P55017,SLC12A3,C416N,0.54
P55017,SLC12A3,C416M,0.575
P55017,SLC12A3,C416P,0.608
P55017,SLC12A3,C416K,0.56
P55017,SLC12A3,C416L,0.68
P55017,SLC12A3,C416D,0.45
P55017,SLC12A3,C416E,0.51
P55017,SLC12A3,C416F,0.693
P55017,SLC12A3,C416A,0.664
P55017,SLC12A3,C416H,0.597
P55017,SLC12A3,C416I,0.68
P55017,SLC12A3,C416G,0.618
P55017,SLC12A3,E417N,0.94
P55017,SLC12A3,E417Y,0.859
P55017,SLC12A3,E417W,0.812
P55017,SLC12A3,E417V,0.928
P55017,SLC12A3,E417T,0.91
P55017,SLC12A3,E417S,0.923
P55017,SLC12A3,E417R,0.927
P55017,SLC12A3,E417Q,1.048
P55017,SLC12A3,E417M,0.897
P55017,SLC12A3,E417P,0.89
P55017,SLC12A3,E417K,0.998
P55017,SLC12A3,E417C,0.79
P55017,SLC12A3,E417D,1.059
P55017,SLC12A3,E417F,0.841
P55017,SLC12A3,E417A,0.944
P55017,SLC12A3,E417H,0.938
P55017,SLC12A3,E417I,0.885
P55017,SLC12A3,E417G,0.904
P55017,SLC12A3,E417L,0.871
P55017,SLC12A3,G418Y,0.691
P55017,SLC12A3,G418N,0.855
P55017,SLC12A3,G418W,0.766
P55017,SLC12A3,G418V,0.772
P55017,SLC12A3,G418T,0.764
P55017,SLC12A3,G418S,0.876
P55017,SLC12A3,G418R,0.786
P55017,SLC12A3,G418Q,0.756
P55017,SLC12A3,G418P,0.713
P55017,SLC12A3,G418M,0.684
P55017,SLC12A3,G418K,0.748
P55017,SLC12A3,G418I,0.697
P55017,SLC12A3,G418H,0.746
P55017,SLC12A3,G418F,0.736
P55017,SLC12A3,G418E,0.783
P55017,SLC12A3,G418D,0.823
P55017,SLC12A3,G418C,0.776
P55017,SLC12A3,G418A,0.863
P55017,SLC12A3,G418L,0.669
P55017,SLC12A3,L419Q,0.778
P55017,SLC12A3,L419R,0.76
P55017,SLC12A3,L419S,0.763
P55017,SLC12A3,L419N,0.69
P55017,SLC12A3,L419V,0.899
P55017,SLC12A3,L419W,0.754
P55017,SLC12A3,L419Y,0.787
P55017,SLC12A3,L419T,0.788
P55017,SLC12A3,L419M,0.948
P55017,SLC12A3,L419P,0.765
P55017,SLC12A3,L419I,0.933
P55017,SLC12A3,L419A,0.779
P55017,SLC12A3,L419C,0.756
P55017,SLC12A3,L419D,0.65
P55017,SLC12A3,L419E,0.695
P55017,SLC12A3,L419K,0.722
P55017,SLC12A3,L419G,0.641
P55017,SLC12A3,L419H,0.752
P55017,SLC12A3,L419F,0.878
P55017,SLC12A3,A420Y,0.623
P55017,SLC12A3,A420W,0.527
P55017,SLC12A3,A420V,0.804
P55017,SLC12A3,A420T,0.752
P55017,SLC12A3,A420S,0.773
P55017,SLC12A3,A420R,0.579
P55017,SLC12A3,A420P,0.618
P55017,SLC12A3,A420N,0.58
P55017,SLC12A3,A420Q,0.598
P55017,SLC12A3,A420M,0.74
P55017,SLC12A3,A420K,0.564
P55017,SLC12A3,A420I,0.739
P55017,SLC12A3,A420H,0.585
P55017,SLC12A3,A420G,0.757
P55017,SLC12A3,A420F,0.672
P55017,SLC12A3,A420E,0.592
P55017,SLC12A3,A420D,0.552
P55017,SLC12A3,A420C,0.784
P55017,SLC12A3,A420L,0.738
P55017,SLC12A3,C421P,0.392
P55017,SLC12A3,C421Q,0.469
P55017,SLC12A3,C421R,0.49
P55017,SLC12A3,C421N,0.478
P55017,SLC12A3,C421T,0.583
P55017,SLC12A3,C421V,0.631
P55017,SLC12A3,C421W,0.544
P55017,SLC12A3,C421S,0.616
P55017,SLC12A3,C421Y,0.555
P55017,SLC12A3,C421M,0.637
P55017,SLC12A3,C421K,0.4
P55017,SLC12A3,C421A,0.668
P55017,SLC12A3,C421D,0.44
P55017,SLC12A3,C421E,0.349
P55017,SLC12A3,C421L,0.613
P55017,SLC12A3,C421G,0.51
P55017,SLC12A3,C421H,0.498
P55017,SLC12A3,C421I,0.599
P55017,SLC12A3,C421F,0.584
P55017,SLC12A3,S422M,1.02
P55017,SLC12A3,S422W,0.935
P55017,SLC12A3,S422V,0.986
P55017,SLC12A3,S422T,1.14
P55017,SLC12A3,S422R,1.016
P55017,SLC12A3,S422Q,1.021
P55017,SLC12A3,S422P,1.042
P55017,SLC12A3,S422N,1.156
P55017,SLC12A3,S422Y,1.006
P55017,SLC12A3,S422L,1.01
P55017,SLC12A3,S422I,1.0
P55017,SLC12A3,S422H,0.998
P55017,SLC12A3,S422G,1.088
P55017,SLC12A3,S422F,1.028
P55017,SLC12A3,S422E,0.995
P55017,SLC12A3,S422D,1.018
P55017,SLC12A3,S422C,1.064
P55017,SLC12A3,S422A,1.136
P55017,SLC12A3,S422K,1.027
P55017,SLC12A3,Y423W,0.837
P55017,SLC12A3,Y423P,0.72
P55017,SLC12A3,Y423Q,0.793
P55017,SLC12A3,Y423M,0.808
P55017,SLC12A3,Y423S,0.768
P55017,SLC12A3,Y423T,0.757
P55017,SLC12A3,Y423V,0.786
P55017,SLC12A3,Y423R,0.716
P55017,SLC12A3,Y423L,0.823
P55017,SLC12A3,Y423N,0.756
P55017,SLC12A3,Y423I,0.792
P55017,SLC12A3,Y423A,0.756
P55017,SLC12A3,Y423C,0.816
P55017,SLC12A3,Y423D,0.722
P55017,SLC12A3,Y423K,0.712
P55017,SLC12A3,Y423F,0.995
P55017,SLC12A3,Y423G,0.676
P55017,SLC12A3,Y423H,0.932
P55017,SLC12A3,Y423E,0.727
P55017,SLC12A3,G424Y,0.662
P55017,SLC12A3,G424W,0.723
P55017,SLC12A3,G424V,0.734
P55017,SLC12A3,G424T,0.735
P55017,SLC12A3,G424S,0.848
P55017,SLC12A3,G424R,0.752
P55017,SLC12A3,G424Q,0.723
P55017,SLC12A3,G424N,0.824
P55017,SLC12A3,G424M,0.643
P55017,SLC12A3,G424P,0.706
P55017,SLC12A3,G424K,0.722
P55017,SLC12A3,G424L,0.63
P55017,SLC12A3,G424C,0.728
P55017,SLC12A3,G424D,0.792
P55017,SLC12A3,G424E,0.754
P55017,SLC12A3,G424A,0.834
P55017,SLC12A3,G424H,0.72
P55017,SLC12A3,G424I,0.65
P55017,SLC12A3,G424F,0.698
P55017,SLC12A3,W425M,0.676
P55017,SLC12A3,W425V,0.609
P55017,SLC12A3,W425T,0.561
P55017,SLC12A3,W425S,0.542
P55017,SLC12A3,W425R,0.534
P55017,SLC12A3,W425Q,0.558
P55017,SLC12A3,W425P,0.38
P55017,SLC12A3,W425Y,0.758
P55017,SLC12A3,W425L,0.684
P55017,SLC12A3,W425N,0.433
P55017,SLC12A3,W425I,0.574
P55017,SLC12A3,W425A,0.57
P55017,SLC12A3,W425C,0.691
P55017,SLC12A3,W425D,0.434
P55017,SLC12A3,W425K,0.504
P55017,SLC12A3,W425F,0.752
P55017,SLC12A3,W425G,0.61
P55017,SLC12A3,W425H,0.572
P55017,SLC12A3,W425E,0.486
P55017,SLC12A3,N426M,0.774
P55017,SLC12A3,N426W,0.653
P55017,SLC12A3,N426V,0.737
P55017,SLC12A3,N426T,0.858
P55017,SLC12A3,N426S,0.902
P55017,SLC12A3,N426R,0.794
P55017,SLC12A3,N426Q,0.814
P55017,SLC12A3,N426P,0.708
P55017,SLC12A3,N426Y,0.77
P55017,SLC12A3,N426K,0.818
P55017,SLC12A3,N426I,0.762
P55017,SLC12A3,N426H,0.89
P55017,SLC12A3,N426G,0.834
P55017,SLC12A3,N426F,0.753
P55017,SLC12A3,N426E,0.778
P55017,SLC12A3,N426D,0.872
P55017,SLC12A3,N426C,0.75
P55017,SLC12A3,N426A,0.766
P55017,SLC12A3,N426L,0.73
P55017,SLC12A3,F427Q,0.283
P55017,SLC12A3,F427R,0.302
P55017,SLC12A3,F427S,0.439
P55017,SLC12A3,F427Y,0.698
P55017,SLC12A3,F427V,0.589
P55017,SLC12A3,F427W,0.608
P55017,SLC12A3,F427T,0.42
P55017,SLC12A3,F427N,0.341
P55017,SLC12A3,F427P,0.226
P55017,SLC12A3,F427M,0.604
P55017,SLC12A3,F427A,0.438
P55017,SLC12A3,F427C,0.554
P55017,SLC12A3,F427D,0.252
P55017,SLC12A3,F427E,0.211
P55017,SLC12A3,F427L,0.672
P55017,SLC12A3,F427H,0.5
P55017,SLC12A3,F427I,0.631
P55017,SLC12A3,F427K,0.274
P55017,SLC12A3,F427G,0.351
P55017,SLC12A3,T428Y,0.663
P55017,SLC12A3,T428W,0.566
P55017,SLC12A3,T428V,0.83
P55017,SLC12A3,T428S,0.799
P55017,SLC12A3,T428R,0.645
P55017,SLC12A3,T428Q,0.651
P55017,SLC12A3,T428P,0.638
P55017,SLC12A3,T428M,0.816
P55017,SLC12A3,T428L,0.793
P55017,SLC12A3,T428N,0.722
P55017,SLC12A3,T428I,0.818
P55017,SLC12A3,T428A,0.815
P55017,SLC12A3,T428C,0.794
P55017,SLC12A3,T428D,0.606
P55017,SLC12A3,T428K,0.659
P55017,SLC12A3,T428F,0.709
P55017,SLC12A3,T428G,0.635
P55017,SLC12A3,T428H,0.602
P55017,SLC12A3,T428E,0.59
P55017,SLC12A3,E429N,0.981
P55017,SLC12A3,E429W,0.83
P55017,SLC12A3,E429V,0.951
P55017,SLC12A3,E429T,0.95
P55017,SLC12A3,E429S,0.964
P55017,SLC12A3,E429R,0.966
P55017,SLC12A3,E429Q,1.089
P55017,SLC12A3,E429P,0.928
P55017,SLC12A3,E429Y,0.883
P55017,SLC12A3,E429L,0.882
P55017,SLC12A3,E429K,1.046
P55017,SLC12A3,E429A,0.982
P55017,SLC12A3,E429C,0.818
P55017,SLC12A3,E429D,1.105
P55017,SLC12A3,E429M,0.918
P55017,SLC12A3,E429G,0.946
P55017,SLC12A3,E429H,0.972
P55017,SLC12A3,E429I,0.897
P55017,SLC12A3,E429F,0.847
P55017,SLC12A3,C430N,0.378
P55017,SLC12A3,C430W,0.438
P55017,SLC12A3,C430V,0.536
P55017,SLC12A3,C430T,0.488
P55017,SLC12A3,C430S,0.521
P55017,SLC12A3,C430R,0.387
P55017,SLC12A3,C430Q,0.367
P55017,SLC12A3,C430P,0.293
P55017,SLC12A3,C430Y,0.452
P55017,SLC12A3,C430M,0.54
P55017,SLC12A3,C430K,0.3
P55017,SLC12A3,C430I,0.493
P55017,SLC12A3,C430H,0.4
P55017,SLC12A3,C430G,0.403
P55017,SLC12A3,C430F,0.485
P55017,SLC12A3,C430E,0.25
P55017,SLC12A3,C430D,0.343
P55017,SLC12A3,C430A,0.574
P55017,SLC12A3,C430L,0.516
P55017,SLC12A3,T431N,0.939
P55017,SLC12A3,T431P,0.851
P55017,SLC12A3,T431Q,0.859
P55017,SLC12A3,T431Y,0.86
P55017,SLC12A3,T431S,1.017
P55017,SLC12A3,T431V,1.005
P55017,SLC12A3,T431W,0.75
P55017,SLC12A3,T431R,0.855
P55017,SLC12A3,T431M,0.998
P55017,SLC12A3,T431K,0.874
P55017,SLC12A3,T431I,0.989
P55017,SLC12A3,T431A,1.03
P55017,SLC12A3,T431C,0.966
P55017,SLC12A3,T431D,0.816
P55017,SLC12A3,T431L,0.941
P55017,SLC12A3,T431F,0.873
P55017,SLC12A3,T431G,0.836
P55017,SLC12A3,T431H,0.81
P55017,SLC12A3,T431E,0.804
P55017,SLC12A3,Q432Y,0.901
P55017,SLC12A3,Q432W,0.81
P55017,SLC12A3,Q432V,0.894
P55017,SLC12A3,Q432T,0.93
P55017,SLC12A3,Q432S,0.942
P55017,SLC12A3,Q432R,1.023
P55017,SLC12A3,Q432P,0.94
P55017,SLC12A3,Q432M,0.979
P55017,SLC12A3,Q432L,0.926
P55017,SLC12A3,Q432N,0.957
P55017,SLC12A3,Q432I,0.857
P55017,SLC12A3,Q432K,1.011
P55017,SLC12A3,Q432C,0.84
P55017,SLC12A3,Q432D,0.93
P55017,SLC12A3,Q432E,1.039
P55017,SLC12A3,Q432A,0.922
P55017,SLC12A3,Q432G,0.868
P55017,SLC12A3,Q432H,0.994
P55017,SLC12A3,Q432F,0.84
P55017,SLC12A3,Q433M,1.022
P55017,SLC12A3,Q433W,0.87
P55017,SLC12A3,Q433V,0.937
P55017,SLC12A3,Q433T,0.976
P55017,SLC12A3,Q433S,0.986
P55017,SLC12A3,Q433R,1.064
P55017,SLC12A3,Q433P,0.983
P55017,SLC12A3,Q433Y,0.942
P55017,SLC12A3,Q433L,0.968
P55017,SLC12A3,Q433N,1.0
P55017,SLC12A3,Q433I,0.898
P55017,SLC12A3,Q433A,0.966
P55017,SLC12A3,Q433C,0.885
P55017,SLC12A3,Q433D,0.973
P55017,SLC12A3,Q433K,1.054
P55017,SLC12A3,Q433F,0.883
P55017,SLC12A3,Q433G,0.913
P55017,SLC12A3,Q433H,1.037
P55017,SLC12A3,Q433E,1.082
P55017,SLC12A3,H434N,1.102
P55017,SLC12A3,H434W,0.959
P55017,SLC12A3,H434V,0.898
P55017,SLC12A3,H434T,0.958
P55017,SLC12A3,H434S,0.99
P55017,SLC12A3,H434R,1.086
P55017,SLC12A3,H434Q,1.082
P55017,SLC12A3,H434P,0.976
P55017,SLC12A3,H434Y,1.122
P55017,SLC12A3,H434L,0.946
P55017,SLC12A3,H434K,1.002
P55017,SLC12A3,H434I,0.908
P55017,SLC12A3,H434G,0.948
P55017,SLC12A3,H434F,0.996
P55017,SLC12A3,H434E,1.018
P55017,SLC12A3,H434D,1.024
P55017,SLC12A3,H434C,0.963
P55017,SLC12A3,H434A,0.936
P55017,SLC12A3,H434M,0.966
P55017,SLC12A3,S435P,0.904
P55017,SLC12A3,S435Q,0.886
P55017,SLC12A3,S435R,0.867
P55017,SLC12A3,S435Y,0.846
P55017,SLC12A3,S435V,0.851
P55017,SLC12A3,S435W,0.768
P55017,SLC12A3,S435T,0.98
P55017,SLC12A3,S435M,0.879
P55017,SLC12A3,S435N,0.993
P55017,SLC12A3,S435L,0.867
P55017,SLC12A3,S435A,0.978
P55017,SLC12A3,S435C,0.91
P55017,SLC12A3,S435D,0.887
P55017,SLC12A3,S435E,0.868
P55017,SLC12A3,S435K,0.892
P55017,SLC12A3,S435G,0.94
P55017,SLC12A3,S435H,0.855
P55017,SLC12A3,S435I,0.853
P55017,SLC12A3,S435F,0.882
P55017,SLC12A3,C436Y,0.468
P55017,SLC12A3,C436W,0.458
P55017,SLC12A3,C436V,0.566
P55017,SLC12A3,C436T,0.51
P55017,SLC12A3,C436S,0.542
P55017,SLC12A3,C436R,0.394
P55017,SLC12A3,C436Q,0.372
P55017,SLC12A3,C436N,0.396
P55017,SLC12A3,C436M,0.572
P55017,SLC12A3,C436P,0.292
P55017,SLC12A3,C436K,0.302
P55017,SLC12A3,C436A,0.592
P55017,SLC12A3,C436D,0.365
P55017,SLC12A3,C436E,0.246
P55017,SLC12A3,C436L,0.558
P55017,SLC12A3,C436G,0.433
P55017,SLC12A3,C436H,0.407
P55017,SLC12A3,C436I,0.536
P55017,SLC12A3,C436F,0.51
P55017,SLC12A3,H437N,1.087
P55017,SLC12A3,H437W,0.934
P55017,SLC12A3,H437V,0.874
P55017,SLC12A3,H437T,0.94
P55017,SLC12A3,H437S,0.974
P55017,SLC12A3,H437R,1.072
P55017,SLC12A3,H437Q,1.066
P55017,SLC12A3,H437P,0.96
P55017,SLC12A3,H437Y,1.102
P55017,SLC12A3,H437L,0.916
P55017,SLC12A3,H437K,0.992
P55017,SLC12A3,H437A,0.92
P55017,SLC12A3,H437C,0.942
P55017,SLC12A3,H437D,1.006
P55017,SLC12A3,H437M,0.942
P55017,SLC12A3,H437F,0.967
P55017,SLC12A3,H437G,0.932
P55017,SLC12A3,H437I,0.881
P55017,SLC12A3,H437E,0.998
P55017,SLC12A3,Y438M,0.62
P55017,SLC12A3,Y438V,0.626
P55017,SLC12A3,Y438T,0.538
P55017,SLC12A3,Y438S,0.548
P55017,SLC12A3,Y438R,0.562
P55017,SLC12A3,Y438Q,0.598
P55017,SLC12A3,Y438P,0.403
P55017,SLC12A3,Y438N,0.572
P55017,SLC12A3,Y438W,0.732
P55017,SLC12A3,Y438L,0.658
P55017,SLC12A3,Y438I,0.618
P55017,SLC12A3,Y438H,0.746
P55017,SLC12A3,Y438G,0.52
P55017,SLC12A3,Y438F,0.834
P55017,SLC12A3,Y438E,0.492
P55017,SLC12A3,Y438D,0.458
P55017,SLC12A3,Y438C,0.646
P55017,SLC12A3,Y438A,0.542
P55017,SLC12A3,Y438K,0.507
P55017,SLC12A3,G439P,0.443
P55017,SLC12A3,G439Q,0.454
P55017,SLC12A3,G439R,0.505
P55017,SLC12A3,G439Y,0.42
P55017,SLC12A3,G439T,0.526
P55017,SLC12A3,G439V,0.586
P55017,SLC12A3,G439W,0.521
P55017,SLC12A3,G439S,0.658
P55017,SLC12A3,G439N,0.57
P55017,SLC12A3,G439M,0.562
P55017,SLC12A3,G439K,0.438
P55017,SLC12A3,G439A,0.732
P55017,SLC12A3,G439C,0.613
P55017,SLC12A3,G439D,0.503
P55017,SLC12A3,G439L,0.522
P55017,SLC12A3,G439F,0.52
P55017,SLC12A3,G439H,0.442
P55017,SLC12A3,G439I,0.534
P55017,SLC12A3,G439E,0.487
P55017,SLC12A3,L440Y,0.516
P55017,SLC12A3,L440W,0.508
P55017,SLC12A3,L440V,0.694
P55017,SLC12A3,L440T,0.493
P55017,SLC12A3,L440S,0.432
P55017,SLC12A3,L440R,0.41
P55017,SLC12A3,L440Q,0.422
P55017,SLC12A3,L440N,0.37
P55017,SLC12A3,L440M,0.737
P55017,SLC12A3,L440P,0.343
P55017,SLC12A3,L440I,0.737
P55017,SLC12A3,L440H,0.374
P55017,SLC12A3,L440G,0.336
P55017,SLC12A3,L440F,0.675
P55017,SLC12A3,L440E,0.307
P55017,SLC12A3,L440D,0.251
P55017,SLC12A3,L440C,0.572
P55017,SLC12A3,L440A,0.51
P55017,SLC12A3,L440K,0.388
P55017,SLC12A3,I441Q,0.611
P55017,SLC12A3,I441R,0.638
P55017,SLC12A3,I441S,0.678
P55017,SLC12A3,I441Y,0.746
P55017,SLC12A3,I441V,0.97
P55017,SLC12A3,I441W,0.641
P55017,SLC12A3,I441T,0.785
P55017,SLC12A3,I441N,0.666
P55017,SLC12A3,I441P,0.617
P55017,SLC12A3,I441M,0.879
P55017,SLC12A3,I441A,0.724
P55017,SLC12A3,I441C,0.73
P55017,SLC12A3,I441D,0.599
P55017,SLC12A3,I441E,0.615
P55017,SLC12A3,I441L,0.914
P55017,SLC12A3,I441G,0.584
P55017,SLC12A3,I441H,0.629
P55017,SLC12A3,I441K,0.621
P55017,SLC12A3,I441F,0.822
P55017,SLC12A3,N442M,0.627
P55017,SLC12A3,N442W,0.503
P55017,SLC12A3,N442V,0.588
P55017,SLC12A3,N442T,0.728
P55017,SLC12A3,N442S,0.776
P55017,SLC12A3,N442R,0.672
P55017,SLC12A3,N442Q,0.686
P55017,SLC12A3,N442P,0.578
P55017,SLC12A3,N442Y,0.635
P55017,SLC12A3,N442K,0.7
P55017,SLC12A3,N442I,0.611
P55017,SLC12A3,N442H,0.76
P55017,SLC12A3,N442G,0.704
P55017,SLC12A3,N442F,0.601
P55017,SLC12A3,N442E,0.651
P55017,SLC12A3,N442D,0.748
P55017,SLC12A3,N442C,0.603
P55017,SLC12A3,N442A,0.631
P55017,SLC12A3,N442L,0.576
P55017,SLC12A3,Y443N,0.762
P55017,SLC12A3,Y443P,0.729
P55017,SLC12A3,Y443Q,0.798
P55017,SLC12A3,Y443W,0.839
P55017,SLC12A3,Y443S,0.773
P55017,SLC12A3,Y443T,0.762
P55017,SLC12A3,Y443V,0.79
P55017,SLC12A3,Y443R,0.72
P55017,SLC12A3,Y443M,0.814
P55017,SLC12A3,Y443L,0.828
P55017,SLC12A3,Y443I,0.797
P55017,SLC12A3,Y443A,0.761
P55017,SLC12A3,Y443C,0.824
P55017,SLC12A3,Y443D,0.726
P55017,SLC12A3,Y443K,0.718
P55017,SLC12A3,Y443F,1.002
P55017,SLC12A3,Y443G,0.682
P55017,SLC12A3,Y443H,0.935
P55017,SLC12A3,Y443E,0.732
P55017,SLC12A3,Y444W,0.728
P55017,SLC12A3,Y444V,0.675
P55017,SLC12A3,Y444T,0.657
P55017,SLC12A3,Y444S,0.671
P55017,SLC12A3,Y444R,0.622
P55017,SLC12A3,Y444Q,0.696
P55017,SLC12A3,Y444P,0.625
P55017,SLC12A3,Y444M,0.698
P55017,SLC12A3,Y444N,0.662
P55017,SLC12A3,Y444L,0.707
P55017,SLC12A3,Y444I,0.678
P55017,SLC12A3,Y444H,0.832
P55017,SLC12A3,Y444G,0.577
P55017,SLC12A3,Y444F,0.88
P55017,SLC12A3,Y444E,0.635
P55017,SLC12A3,Y444D,0.63
P55017,SLC12A3,Y444C,0.709
P55017,SLC12A3,Y444A,0.652
P55017,SLC12A3,Y444K,0.62
P55017,SLC12A3,Q445N,0.732
P55017,SLC12A3,Q445P,0.722
P55017,SLC12A3,Q445R,0.796
P55017,SLC12A3,Q445M,0.788
P55017,SLC12A3,Q445T,0.715
P55017,SLC12A3,Q445V,0.706
P55017,SLC12A3,Q445W,0.608
P55017,SLC12A3,Q445S,0.722
P55017,SLC12A3,Q445Y,0.695
P55017,SLC12A3,Q445L,0.751
P55017,SLC12A3,Q445I,0.657
P55017,SLC12A3,Q445A,0.715
P55017,SLC12A3,Q445C,0.647
P55017,SLC12A3,Q445D,0.702
P55017,SLC12A3,Q445K,0.778
P55017,SLC12A3,Q445F,0.644
P55017,SLC12A3,Q445G,0.656
P55017,SLC12A3,Q445H,0.778
P55017,SLC12A3,Q445E,0.811
P55017,SLC12A3,T446M,0.879
P55017,SLC12A3,T446W,0.638
P55017,SLC12A3,T446V,0.895
P55017,SLC12A3,T446S,0.818
P55017,SLC12A3,T446R,0.667
P55017,SLC12A3,T446Q,0.676
P55017,SLC12A3,T446P,0.67
P55017,SLC12A3,T446N,0.736
P55017,SLC12A3,T446Y,0.73
P55017,SLC12A3,T446L,0.871
P55017,SLC12A3,T446I,0.89
P55017,SLC12A3,T446H,0.638
P55017,SLC12A3,T446G,0.664
P55017,SLC12A3,T446F,0.788
P55017,SLC12A3,T446E,0.609
P55017,SLC12A3,T446D,0.617
P55017,SLC12A3,T446C,0.845
P55017,SLC12A3,T446A,0.857
P55017,SLC12A3,T446K,0.67
P55017,SLC12A3,M447P,0.328
P55017,SLC12A3,M447Q,0.488
P55017,SLC12A3,M447R,0.425
P55017,SLC12A3,M447Y,0.518
P55017,SLC12A3,M447T,0.535
P55017,SLC12A3,M447V,0.7
P55017,SLC12A3,M447W,0.523
P55017,SLC12A3,M447S,0.404
P55017,SLC12A3,M447N,0.395
P55017,SLC12A3,M447L,0.756
P55017,SLC12A3,M447I,0.706
P55017,SLC12A3,M447A,0.53
P55017,SLC12A3,M447C,0.531
P55017,SLC12A3,M447D,0.291
P55017,SLC12A3,M447K,0.446
P55017,SLC12A3,M447F,0.62
P55017,SLC12A3,M447G,0.412
P55017,SLC12A3,M447H,0.458
P55017,SLC12A3,M447E,0.378
P55017,SLC12A3,S448Y,0.586
P55017,SLC12A3,S448W,0.55
P55017,SLC12A3,S448V,0.591
P55017,SLC12A3,S448T,0.712
P55017,SLC12A3,S448R,0.541
P55017,SLC12A3,S448Q,0.559
P55017,SLC12A3,S448P,0.546
P55017,SLC12A3,S448M,0.662
P55017,SLC12A3,S448L,0.626
P55017,SLC12A3,S448N,0.652
P55017,SLC12A3,S448I,0.61
P55017,SLC12A3,S448K,0.506
P55017,SLC12A3,S448C,0.716
P55017,SLC12A3,S448D,0.548
P55017,SLC12A3,S448E,0.508
P55017,SLC12A3,S448A,0.738
P55017,SLC12A3,S448G,0.652
P55017,SLC12A3,S448H,0.582
P55017,SLC12A3,S448F,0.597
P55017,SLC12A3,M449N,0.568
P55017,SLC12A3,M449Y,0.582
P55017,SLC12A3,M449W,0.626
P55017,SLC12A3,M449V,0.775
P55017,SLC12A3,M449T,0.68
P55017,SLC12A3,M449S,0.627
P55017,SLC12A3,M449R,0.621
P55017,SLC12A3,M449Q,0.655
P55017,SLC12A3,M449L,0.812
P55017,SLC12A3,M449P,0.579
P55017,SLC12A3,M449I,0.762
P55017,SLC12A3,M449C,0.619
P55017,SLC12A3,M449D,0.498
P55017,SLC12A3,M449E,0.57
P55017,SLC12A3,M449A,0.645
P55017,SLC12A3,M449G,0.487
P55017,SLC12A3,M449H,0.548
P55017,SLC12A3,M449F,0.681
P55017,SLC12A3,M449K,0.614
P55017,SLC12A3,V450Y,0.496
P55017,SLC12A3,V450M,0.71
P55017,SLC12A3,V450W,0.415
P55017,SLC12A3,V450T,0.549
P55017,SLC12A3,V450S,0.42
P55017,SLC12A3,V450R,0.326
P55017,SLC12A3,V450Q,0.409
P55017,SLC12A3,V450P,0.378
P55017,SLC12A3,V450N,0.352
P55017,SLC12A3,V450L,0.724
P55017,SLC12A3,V450I,0.8
P55017,SLC12A3,V450H,0.368
P55017,SLC12A3,V450G,0.414
P55017,SLC12A3,V450F,0.612
P55017,SLC12A3,V450E,0.388
P55017,SLC12A3,V450D,0.33
P55017,SLC12A3,V450C,0.595
P55017,SLC12A3,V450A,0.604
P55017,SLC12A3,V450K,0.351
P55017,SLC12A3,S451P,0.524
P55017,SLC12A3,S451Q,0.534
P55017,SLC12A3,S451R,0.496
P55017,SLC12A3,S451M,0.632
P55017,SLC12A3,S451V,0.564
P55017,SLC12A3,S451W,0.484
P55017,SLC12A3,S451Y,0.527
P55017,SLC12A3,S451T,0.691
P55017,SLC12A3,S451L,0.585
P55017,SLC12A3,S451N,0.628
P55017,SLC12A3,S451I,0.558
P55017,SLC12A3,S451A,0.718
P55017,SLC12A3,S451C,0.694
P55017,SLC12A3,S451D,0.526
P55017,SLC12A3,S451E,0.483
P55017,SLC12A3,S451K,0.481
P55017,SLC12A3,S451G,0.635
P55017,SLC12A3,S451H,0.542
P55017,SLC12A3,S451F,0.56
P55017,SLC12A3,G452Y,0.648
P55017,SLC12A3,G452W,0.712
P55017,SLC12A3,G452V,0.714
P55017,SLC12A3,G452T,0.69
P55017,SLC12A3,G452S,0.797
P55017,SLC12A3,G452R,0.708
P55017,SLC12A3,G452P,0.657
P55017,SLC12A3,G452N,0.774
P55017,SLC12A3,G452Q,0.677
P55017,SLC12A3,G452M,0.625
P55017,SLC12A3,G452K,0.666
P55017,SLC12A3,G452I,0.642
P55017,SLC12A3,G452H,0.682
P55017,SLC12A3,G452F,0.698
P55017,SLC12A3,G452E,0.701
P55017,SLC12A3,G452D,0.742
P55017,SLC12A3,G452C,0.702
P55017,SLC12A3,G452A,0.792
P55017,SLC12A3,G452L,0.627
P55017,SLC12A3,F453P,0.5
P55017,SLC12A3,F453Q,0.552
P55017,SLC12A3,F453R,0.534
P55017,SLC12A3,F453N,0.517
P55017,SLC12A3,F453T,0.588
P55017,SLC12A3,F453V,0.641
P55017,SLC12A3,F453W,0.644
P55017,SLC12A3,F453S,0.595
P55017,SLC12A3,F453Y,0.784
P55017,SLC12A3,F453M,0.647
P55017,SLC12A3,F453K,0.517
P55017,SLC12A3,F453A,0.587
P55017,SLC12A3,F453C,0.604
P55017,SLC12A3,F453D,0.545
P55017,SLC12A3,F453L,0.7
P55017,SLC12A3,F453G,0.506
P55017,SLC12A3,F453H,0.61
P55017,SLC12A3,F453I,0.673
P55017,SLC12A3,F453E,0.504
P55017,SLC12A3,A454N,0.647
P55017,SLC12A3,A454W,0.559
P55017,SLC12A3,A454V,0.784
P55017,SLC12A3,A454T,0.776
P55017,SLC12A3,A454S,0.783
P55017,SLC12A3,A454R,0.622
P55017,SLC12A3,A454Q,0.664
P55017,SLC12A3,A454P,0.716
P55017,SLC12A3,A454Y,0.633
P55017,SLC12A3,A454M,0.717
P55017,SLC12A3,A454K,0.651
P55017,SLC12A3,A454I,0.701
P55017,SLC12A3,A454H,0.612
P55017,SLC12A3,A454G,0.74
P55017,SLC12A3,A454F,0.647
P55017,SLC12A3,A454E,0.69
P55017,SLC12A3,A454D,0.649
P55017,SLC12A3,A454C,0.724
P55017,SLC12A3,A454L,0.698
P55017,SLC12A3,P455Y,0.532
P55017,SLC12A3,P455Q,0.592
P55017,SLC12A3,P455R,0.518
P55017,SLC12A3,P455M,0.618
P55017,SLC12A3,P455T,0.632
P55017,SLC12A3,P455V,0.595
P55017,SLC12A3,P455W,0.39
P55017,SLC12A3,P455S,0.628
P55017,SLC12A3,P455L,0.58
P55017,SLC12A3,P455N,0.481
P55017,SLC12A3,P455I,0.538
P55017,SLC12A3,P455A,0.674
P55017,SLC12A3,P455C,0.62
P55017,SLC12A3,P455D,0.493
P55017,SLC12A3,P455K,0.504
P55017,SLC12A3,P455F,0.541
P55017,SLC12A3,P455G,0.503
P55017,SLC12A3,P455H,0.578
P55017,SLC12A3,P455E,0.521
P55017,SLC12A3,L456Y,0.528
P55017,SLC12A3,L456W,0.524
P55017,SLC12A3,L456V,0.694
P55017,SLC12A3,L456T,0.519
P55017,SLC12A3,L456S,0.464
P55017,SLC12A3,L456R,0.452
P55017,SLC12A3,L456Q,0.468
P55017,SLC12A3,L456N,0.412
P55017,SLC12A3,L456M,0.738
P55017,SLC12A3,L456P,0.398
P55017,SLC12A3,L456I,0.731
P55017,SLC12A3,L456H,0.418
P55017,SLC12A3,L456G,0.364
P55017,SLC12A3,L456F,0.665
P55017,SLC12A3,L456E,0.356
P55017,SLC12A3,L456D,0.302
P55017,SLC12A3,L456C,0.579
P55017,SLC12A3,L456A,0.531
P55017,SLC12A3,L456K,0.43
P55017,SLC12A3,I457Q,0.348
P55017,SLC12A3,I457R,0.376
P55017,SLC12A3,I457S,0.41
P55017,SLC12A3,I457Y,0.456
P55017,SLC12A3,I457V,0.772
P55017,SLC12A3,I457W,0.428
P55017,SLC12A3,I457T,0.534
P55017,SLC12A3,I457N,0.344
P55017,SLC12A3,I457P,0.285
P55017,SLC12A3,I457M,0.695
P55017,SLC12A3,I457A,0.532
P55017,SLC12A3,I457C,0.585
P55017,SLC12A3,I457D,0.27
P55017,SLC12A3,I457E,0.271
P55017,SLC12A3,I457L,0.736
P55017,SLC12A3,I457G,0.291
P55017,SLC12A3,I457H,0.422
P55017,SLC12A3,I457K,0.377
P55017,SLC12A3,I457F,0.612
P55017,SLC12A3,T458M,0.693
P55017,SLC12A3,T458W,0.42
P55017,SLC12A3,T458V,0.708
P55017,SLC12A3,T458S,0.664
P55017,SLC12A3,T458R,0.508
P55017,SLC12A3,T458Q,0.518
P55017,SLC12A3,T458P,0.528
P55017,SLC12A3,T458N,0.584
P55017,SLC12A3,T458Y,0.548
P55017,SLC12A3,T458K,0.522
P55017,SLC12A3,T458I,0.695
P55017,SLC12A3,T458H,0.477
P55017,SLC12A3,T458G,0.502
P55017,SLC12A3,T458F,0.581
P55017,SLC12A3,T458E,0.462
P55017,SLC12A3,T458D,0.468
P55017,SLC12A3,T458C,0.663
P55017,SLC12A3,T458A,0.689
P55017,SLC12A3,T458L,0.662
P55017,SLC12A3,A459P,0.472
P55017,SLC12A3,A459Q,0.447
P55017,SLC12A3,A459R,0.43
P55017,SLC12A3,A459Y,0.469
P55017,SLC12A3,A459T,0.601
P55017,SLC12A3,A459V,0.652
P55017,SLC12A3,A459W,0.352
P55017,SLC12A3,A459S,0.621
P55017,SLC12A3,A459N,0.43
P55017,SLC12A3,A459L,0.586
P55017,SLC12A3,A459K,0.413
P55017,SLC12A3,A459C,0.632
P55017,SLC12A3,A459D,0.401
P55017,SLC12A3,A459E,0.444
P55017,SLC12A3,A459M,0.587
P55017,SLC12A3,A459G,0.602
P55017,SLC12A3,A459H,0.434
P55017,SLC12A3,A459I,0.589
P55017,SLC12A3,A459F,0.518
P55017,SLC12A3,G460Y,0.324
P55017,SLC12A3,G460W,0.446
P55017,SLC12A3,G460V,0.522
P55017,SLC12A3,G460T,0.45
P55017,SLC12A3,G460S,0.575
P55017,SLC12A3,G460R,0.42
P55017,SLC12A3,G460Q,0.37
P55017,SLC12A3,G460N,0.483
P55017,SLC12A3,G460P,0.37
P55017,SLC12A3,G460M,0.493
P55017,SLC12A3,G460K,0.353
P55017,SLC12A3,G460I,0.465
P55017,SLC12A3,G460H,0.36
P55017,SLC12A3,G460F,0.452
P55017,SLC12A3,G460E,0.406
P55017,SLC12A3,G460D,0.421
P55017,SLC12A3,G460C,0.544
P55017,SLC12A3,G460A,0.658
P55017,SLC12A3,G460L,0.457
P55017,SLC12A3,I461P,0.312
P55017,SLC12A3,I461Q,0.374
P55017,SLC12A3,I461R,0.402
P55017,SLC12A3,I461N,0.377
P55017,SLC12A3,I461T,0.552
P55017,SLC12A3,I461V,0.784
P55017,SLC12A3,I461W,0.439
P55017,SLC12A3,I461S,0.435
P55017,SLC12A3,I461Y,0.468
P55017,SLC12A3,I461L,0.737
P55017,SLC12A3,I461K,0.408
P55017,SLC12A3,I461A,0.552
P55017,SLC12A3,I461C,0.595
P55017,SLC12A3,I461D,0.294
P55017,SLC12A3,I461M,0.706
P55017,SLC12A3,I461F,0.61
P55017,SLC12A3,I461G,0.31
P55017,SLC12A3,I461H,0.442
P55017,SLC12A3,I461E,0.3
P55017,SLC12A3,F462N,0.322
P55017,SLC12A3,F462W,0.545
P55017,SLC12A3,F462V,0.526
P55017,SLC12A3,F462T,0.383
P55017,SLC12A3,F462S,0.416
P55017,SLC12A3,F462R,0.291
P55017,SLC12A3,F462Q,0.294
P55017,SLC12A3,F462P,0.236
P55017,SLC12A3,F462Y,0.643
P55017,SLC12A3,F462L,0.594
P55017,SLC12A3,F462K,0.267
P55017,SLC12A3,F462I,0.56
P55017,SLC12A3,F462H,0.456
P55017,SLC12A3,F462G,0.307
P55017,SLC12A3,F462E,0.214
P55017,SLC12A3,F462D,0.274
P55017,SLC12A3,F462C,0.5
P55017,SLC12A3,F462A,0.393
P55017,SLC12A3,F462M,0.541
P55017,SLC12A3,G463Q,0.501
P55017,SLC12A3,G463R,0.546
P55017,SLC12A3,G463S,0.672
P55017,SLC12A3,G463Y,0.468
P55017,SLC12A3,G463V,0.644
P55017,SLC12A3,G463W,0.579
P55017,SLC12A3,G463T,0.561
P55017,SLC12A3,G463N,0.583
P55017,SLC12A3,G463P,0.476
P55017,SLC12A3,G463M,0.605
P55017,SLC12A3,G463A,0.753
P55017,SLC12A3,G463C,0.67
P55017,SLC12A3,G463D,0.549
P55017,SLC12A3,G463E,0.536
P55017,SLC12A3,G463L,0.58
P55017,SLC12A3,G463H,0.486
P55017,SLC12A3,G463I,0.588
P55017,SLC12A3,G463K,0.478
P55017,SLC12A3,G463F,0.563
P55017,SLC12A3,A464Y,0.441
P55017,SLC12A3,A464W,0.335
P55017,SLC12A3,A464V,0.641
P55017,SLC12A3,A464T,0.56
P55017,SLC12A3,A464S,0.571
P55017,SLC12A3,A464R,0.378
P55017,SLC12A3,A464Q,0.394
P55017,SLC12A3,A464N,0.376
P55017,SLC12A3,A464M,0.575
P55017,SLC12A3,A464P,0.428
P55017,SLC12A3,A464K,0.35
P55017,SLC12A3,A464L,0.577
P55017,SLC12A3,A464D,0.354
P55017,SLC12A3,A464E,0.388
P55017,SLC12A3,A464F,0.501
P55017,SLC12A3,A464C,0.614
P55017,SLC12A3,A464H,0.392
P55017,SLC12A3,A464I,0.577
P55017,SLC12A3,A464G,0.562
P55017,SLC12A3,T465M,0.579
P55017,SLC12A3,T465Y,0.412
P55017,SLC12A3,T465W,0.302
P55017,SLC12A3,T465V,0.599
P55017,SLC12A3,T465S,0.554
P55017,SLC12A3,T465R,0.386
P55017,SLC12A3,T465Q,0.402
P55017,SLC12A3,T465P,0.398
P55017,SLC12A3,T465L,0.554
P55017,SLC12A3,T465N,0.471
P55017,SLC12A3,T465I,0.578
P55017,SLC12A3,T465C,0.558
P55017,SLC12A3,T465D,0.355
P55017,SLC12A3,T465E,0.338
P55017,SLC12A3,T465A,0.582
P55017,SLC12A3,T465G,0.399
P55017,SLC12A3,T465H,0.348
P55017,SLC12A3,T465F,0.464
P55017,SLC12A3,T465K,0.406
P55017,SLC12A3,L466Y,0.44
P55017,SLC12A3,L466N,0.328
P55017,SLC12A3,L466W,0.444
P55017,SLC12A3,L466V,0.605
P55017,SLC12A3,L466T,0.427
P55017,SLC12A3,L466S,0.392
P55017,SLC12A3,L466R,0.379
P55017,SLC12A3,L466Q,0.406
P55017,SLC12A3,L466P,0.374
P55017,SLC12A3,L466M,0.656
P55017,SLC12A3,L466I,0.643
P55017,SLC12A3,L466H,0.372
P55017,SLC12A3,L466G,0.279
P55017,SLC12A3,L466F,0.577
P55017,SLC12A3,L466E,0.295
P55017,SLC12A3,L466D,0.25
P55017,SLC12A3,L466C,0.488
P55017,SLC12A3,L466A,0.44
P55017,SLC12A3,L466K,0.347
P55017,SLC12A3,S467Y,0.556
P55017,SLC12A3,S467P,0.506
P55017,SLC12A3,S467Q,0.516
P55017,SLC12A3,S467M,0.637
P55017,SLC12A3,S467T,0.671
P55017,SLC12A3,S467V,0.566
P55017,SLC12A3,S467W,0.507
P55017,SLC12A3,S467R,0.498
P55017,SLC12A3,S467L,0.605
P55017,SLC12A3,S467N,0.607
P55017,SLC12A3,S467I,0.588
P55017,SLC12A3,S467A,0.702
P55017,SLC12A3,S467C,0.686
P55017,SLC12A3,S467D,0.5
P55017,SLC12A3,S467K,0.458
P55017,SLC12A3,S467F,0.582
P55017,SLC12A3,S467G,0.612
P55017,SLC12A3,S467H,0.542
P55017,SLC12A3,S467E,0.459
P55017,SLC12A3,S468Y,0.454
P55017,SLC12A3,S468W,0.418
P55017,SLC12A3,S468V,0.49
P55017,SLC12A3,S468T,0.614
P55017,SLC12A3,S468R,0.398
P55017,SLC12A3,S468Q,0.444
P55017,SLC12A3,S468P,0.449
P55017,SLC12A3,S468M,0.556
P55017,SLC12A3,S468L,0.514
P55017,SLC12A3,S468N,0.548
P55017,SLC12A3,S468I,0.487
P55017,SLC12A3,S468H,0.454
P55017,SLC12A3,S468G,0.562
P55017,SLC12A3,S468F,0.5
P55017,SLC12A3,S468E,0.396
P55017,SLC12A3,S468D,0.445
P55017,SLC12A3,S468C,0.63
P55017,SLC12A3,S468A,0.644
P55017,SLC12A3,S468K,0.394
P55017,SLC12A3,A469Q,0.422
P55017,SLC12A3,A469R,0.396
P55017,SLC12A3,A469S,0.601
P55017,SLC12A3,A469Y,0.432
P55017,SLC12A3,A469V,0.656
P55017,SLC12A3,A469W,0.333
P55017,SLC12A3,A469T,0.585
P55017,SLC12A3,A469N,0.404
P55017,SLC12A3,A469P,0.448
P55017,SLC12A3,A469M,0.588
P55017,SLC12A3,A469C,0.637
P55017,SLC12A3,A469D,0.376
P55017,SLC12A3,A469E,0.418
P55017,SLC12A3,A469F,0.508
P55017,SLC12A3,A469L,0.594
P55017,SLC12A3,A469H,0.405
P55017,SLC12A3,A469I,0.589
P55017,SLC12A3,A469K,0.38
P55017,SLC12A3,A469G,0.588
P55017,SLC12A3,L470N,0.338
P55017,SLC12A3,L470W,0.462
P55017,SLC12A3,L470V,0.621
P55017,SLC12A3,L470T,0.444
P55017,SLC12A3,L470S,0.401
P55017,SLC12A3,L470R,0.393
P55017,SLC12A3,L470Q,0.416
P55017,SLC12A3,L470P,0.384
P55017,SLC12A3,L470Y,0.458
P55017,SLC12A3,L470K,0.361
P55017,SLC12A3,L470I,0.662
P55017,SLC12A3,L470H,0.382
P55017,SLC12A3,L470G,0.286
P55017,SLC12A3,L470F,0.593
P55017,SLC12A3,L470E,0.305
P55017,SLC12A3,L470D,0.258
P55017,SLC12A3,L470C,0.504
P55017,SLC12A3,L470A,0.455
P55017,SLC12A3,L470M,0.666
P55017,SLC12A3,A471P,0.469
P55017,SLC12A3,A471Q,0.434
P55017,SLC12A3,A471R,0.412
P55017,SLC12A3,A471Y,0.456
P55017,SLC12A3,A471T,0.596
P55017,SLC12A3,A471V,0.656
P55017,SLC12A3,A471W,0.359
P55017,SLC12A3,A471S,0.61
P55017,SLC12A3,A471N,0.422
P55017,SLC12A3,A471L,0.576
P55017,SLC12A3,A471K,0.4
P55017,SLC12A3,A471C,0.626
P55017,SLC12A3,A471D,0.402
P55017,SLC12A3,A471E,0.437
P55017,SLC12A3,A471M,0.592
P55017,SLC12A3,A471G,0.593
P55017,SLC12A3,A471H,0.42
P55017,SLC12A3,A471I,0.581
P55017,SLC12A3,A471F,0.504
P55017,SLC12A3,C472Y,0.452
P55017,SLC12A3,C472W,0.438
P55017,SLC12A3,C472V,0.524
P55017,SLC12A3,C472T,0.451
P55017,SLC12A3,C472S,0.489
P55017,SLC12A3,C472R,0.345
P55017,SLC12A3,C472Q,0.357
P55017,SLC12A3,C472N,0.371
P55017,SLC12A3,C472M,0.538
P55017,SLC12A3,C472P,0.288
P55017,SLC12A3,C472K,0.294
P55017,SLC12A3,C472I,0.51
P55017,SLC12A3,C472H,0.391
P55017,SLC12A3,C472G,0.421
P55017,SLC12A3,C472F,0.502
P55017,SLC12A3,C472E,0.217
P55017,SLC12A3,C472D,0.331
P55017,SLC12A3,C472A,0.522
P55017,SLC12A3,C472L,0.534
P55017,SLC12A3,L473Q,0.384
P55017,SLC12A3,L473R,0.356
P55017,SLC12A3,L473S,0.37
P55017,SLC12A3,L473Y,0.432
P55017,SLC12A3,L473V,0.608
P55017,SLC12A3,L473W,0.442
P55017,SLC12A3,L473T,0.408
P55017,SLC12A3,L473N,0.305
P55017,SLC12A3,L473P,0.348
P55017,SLC12A3,L473M,0.651
P55017,SLC12A3,L473A,0.427
P55017,SLC12A3,L473C,0.485
P55017,SLC12A3,L473D,0.221
P55017,SLC12A3,L473E,0.272
P55017,SLC12A3,L473K,0.321
P55017,SLC12A3,L473G,0.26
P55017,SLC12A3,L473H,0.354
P55017,SLC12A3,L473I,0.654
P55017,SLC12A3,L473F,0.588
P55017,SLC12A3,V474M,0.645
P55017,SLC12A3,V474W,0.363
P55017,SLC12A3,V474T,0.504
P55017,SLC12A3,V474S,0.376
P55017,SLC12A3,V474R,0.284
P55017,SLC12A3,V474Q,0.364
P55017,SLC12A3,V474P,0.328
P55017,SLC12A3,V474N,0.314
P55017,SLC12A3,V474Y,0.428
P55017,SLC12A3,V474K,0.315
P55017,SLC12A3,V474I,0.734
P55017,SLC12A3,V474H,0.319
P55017,SLC12A3,V474G,0.367
P55017,SLC12A3,V474F,0.54
P55017,SLC12A3,V474E,0.352
P55017,SLC12A3,V474D,0.294
P55017,SLC12A3,V474C,0.528
P55017,SLC12A3,V474A,0.552
P55017,SLC12A3,V474L,0.655
P55017,SLC12A3,S475N,0.609
P55017,SLC12A3,S475P,0.507
P55017,SLC12A3,S475Q,0.52
P55017,SLC12A3,S475Y,0.544
P55017,SLC12A3,S475T,0.671
P55017,SLC12A3,S475V,0.552
P55017,SLC12A3,S475W,0.498
P55017,SLC12A3,S475R,0.496
P55017,SLC12A3,S475M,0.623
P55017,SLC12A3,S475L,0.587
P55017,SLC12A3,S475I,0.569
P55017,SLC12A3,S475A,0.698
P55017,SLC12A3,S475C,0.682
P55017,SLC12A3,S475D,0.504
P55017,SLC12A3,S475K,0.462
P55017,SLC12A3,S475F,0.57
P55017,SLC12A3,S475G,0.612
P55017,SLC12A3,S475H,0.544
P55017,SLC12A3,S475E,0.464
P55017,SLC12A3,A476Y,0.458
P55017,SLC12A3,A476W,0.351
P55017,SLC12A3,A476V,0.658
P55017,SLC12A3,A476T,0.601
P55017,SLC12A3,A476S,0.619
P55017,SLC12A3,A476R,0.422
P55017,SLC12A3,A476Q,0.442
P55017,SLC12A3,A476N,0.427
P55017,SLC12A3,A476P,0.462
P55017,SLC12A3,A476M,0.589
P55017,SLC12A3,A476K,0.406
P55017,SLC12A3,A476I,0.595
P55017,SLC12A3,A476H,0.429
P55017,SLC12A3,A476G,0.606
P55017,SLC12A3,A476F,0.516
P55017,SLC12A3,A476E,0.437
P55017,SLC12A3,A476D,0.4
P55017,SLC12A3,A476C,0.636
P55017,SLC12A3,A476L,0.592
P55017,SLC12A3,A477P,0.535
P55017,SLC12A3,A477Q,0.479
P55017,SLC12A3,A477R,0.452
P55017,SLC12A3,A477N,0.474
P55017,SLC12A3,A477T,0.655
P55017,SLC12A3,A477V,0.7
P55017,SLC12A3,A477W,0.402
P55017,SLC12A3,A477S,0.664
P55017,SLC12A3,A477Y,0.498
P55017,SLC12A3,A477M,0.628
P55017,SLC12A3,A477K,0.452
P55017,SLC12A3,A477C,0.662
P55017,SLC12A3,A477D,0.458
P55017,SLC12A3,A477E,0.494
P55017,SLC12A3,A477L,0.62
P55017,SLC12A3,A477G,0.645
P55017,SLC12A3,A477H,0.46
P55017,SLC12A3,A477I,0.624
P55017,SLC12A3,A477F,0.55
P55017,SLC12A3,K478N,0.636
P55017,SLC12A3,K478W,0.476
P55017,SLC12A3,K478V,0.557
P55017,SLC12A3,K478T,0.601
P55017,SLC12A3,K478S,0.601
P55017,SLC12A3,K478R,0.707
P55017,SLC12A3,K478Q,0.665
P55017,SLC12A3,K478P,0.534
P55017,SLC12A3,K478Y,0.486
P55017,SLC12A3,K478M,0.624
P55017,SLC12A3,K478I,0.534
P55017,SLC12A3,K478H,0.572
P55017,SLC12A3,K478G,0.522
P55017,SLC12A3,K478F,0.469
P55017,SLC12A3,K478E,0.654
P55017,SLC12A3,K478D,0.529
P55017,SLC12A3,K478C,0.464
P55017,SLC12A3,K478A,0.574
P55017,SLC12A3,K478L,0.554
P55017,SLC12A3,V479N,0.366
P55017,SLC12A3,V479P,0.38
P55017,SLC12A3,V479Q,0.412
P55017,SLC12A3,V479Y,0.473
P55017,SLC12A3,V479S,0.425
P55017,SLC12A3,V479T,0.552
P55017,SLC12A3,V479W,0.403
P55017,SLC12A3,V479R,0.34
P55017,SLC12A3,V479M,0.688
P55017,SLC12A3,V479L,0.696
P55017,SLC12A3,V479I,0.772
P55017,SLC12A3,V479A,0.598
P55017,SLC12A3,V479C,0.576
P55017,SLC12A3,V479D,0.362
P55017,SLC12A3,V479K,0.366
P55017,SLC12A3,V479F,0.584
P55017,SLC12A3,V479G,0.43
P55017,SLC12A3,V479H,0.37
P55017,SLC12A3,V479E,0.412
P55017,SLC12A3,F480Y,0.691
P55017,SLC12A3,F480W,0.607
P55017,SLC12A3,F480V,0.584
P55017,SLC12A3,F480T,0.403
P55017,SLC12A3,F480S,0.428
P55017,SLC12A3,F480R,0.306
P55017,SLC12A3,F480Q,0.293
P55017,SLC12A3,F480N,0.331
P55017,SLC12A3,F480M,0.601
P55017,SLC12A3,F480P,0.232
P55017,SLC12A3,F480K,0.263
P55017,SLC12A3,F480L,0.67
P55017,SLC12A3,F480C,0.554
P55017,SLC12A3,F480D,0.26
P55017,SLC12A3,F480E,0.202
P55017,SLC12A3,F480A,0.424
P55017,SLC12A3,F480H,0.482
P55017,SLC12A3,F480I,0.631
P55017,SLC12A3,F480G,0.323
P55017,SLC12A3,Q481M,0.661
P55017,SLC12A3,Q481Y,0.568
P55017,SLC12A3,Q481W,0.587
P55017,SLC12A3,Q481V,0.534
P55017,SLC12A3,Q481T,0.51
P55017,SLC12A3,Q481S,0.522
P55017,SLC12A3,Q481R,0.626
P55017,SLC12A3,Q481P,0.534
P55017,SLC12A3,Q481L,0.589
P55017,SLC12A3,Q481N,0.5
P55017,SLC12A3,Q481I,0.488
P55017,SLC12A3,Q481C,0.545
P55017,SLC12A3,Q481D,0.461
P55017,SLC12A3,Q481E,0.617
P55017,SLC12A3,Q481A,0.516
P55017,SLC12A3,Q481G,0.48
P55017,SLC12A3,Q481H,0.634
P55017,SLC12A3,Q481F,0.472
P55017,SLC12A3,Q481K,0.587
P55017,SLC12A3,C482Y,0.587
P55017,SLC12A3,C482N,0.548
P55017,SLC12A3,C482W,0.577
P55017,SLC12A3,C482V,0.648
P55017,SLC12A3,C482T,0.621
P55017,SLC12A3,C482S,0.659
P55017,SLC12A3,C482R,0.546
P55017,SLC12A3,C482Q,0.528
P55017,SLC12A3,C482P,0.442
P55017,SLC12A3,C482M,0.667
P55017,SLC12A3,C482K,0.474
P55017,SLC12A3,C482I,0.626
P55017,SLC12A3,C482H,0.544
P55017,SLC12A3,C482G,0.556
P55017,SLC12A3,C482F,0.604
P55017,SLC12A3,C482E,0.412
P55017,SLC12A3,C482D,0.518
P55017,SLC12A3,C482A,0.684
P55017,SLC12A3,C482L,0.631
P55017,SLC12A3,L483Y,0.403
P55017,SLC12A3,L483Q,0.306
P55017,SLC12A3,L483R,0.296
P55017,SLC12A3,L483N,0.252
P55017,SLC12A3,L483T,0.376
P55017,SLC12A3,L483V,0.588
P55017,SLC12A3,L483W,0.396
P55017,SLC12A3,L483S,0.314
P55017,SLC12A3,L483M,0.634
P55017,SLC12A3,L483P,0.272
P55017,SLC12A3,L483I,0.631
P55017,SLC12A3,L483A,0.399
P55017,SLC12A3,L483C,0.463
P55017,SLC12A3,L483D,0.138
P55017,SLC12A3,L483K,0.273
P55017,SLC12A3,L483F,0.568
P55017,SLC12A3,L483G,0.221
P55017,SLC12A3,L483H,0.274
P55017,SLC12A3,L483E,0.194
P55017,SLC12A3,C484Y,0.444
P55017,SLC12A3,C484W,0.434
P55017,SLC12A3,C484V,0.517
P55017,SLC12A3,C484T,0.454
P55017,SLC12A3,C484S,0.486
P55017,SLC12A3,C484R,0.366
P55017,SLC12A3,C484Q,0.347
P55017,SLC12A3,C484N,0.354
P55017,SLC12A3,C484P,0.279
P55017,SLC12A3,C484M,0.522
P55017,SLC12A3,C484K,0.275
P55017,SLC12A3,C484I,0.474
P55017,SLC12A3,C484H,0.38
P55017,SLC12A3,C484G,0.394
P55017,SLC12A3,C484F,0.486
P55017,SLC12A3,C484E,0.222
P55017,SLC12A3,C484D,0.302
P55017,SLC12A3,C484A,0.546
P55017,SLC12A3,C484L,0.502
P55017,SLC12A3,E485P,0.793
P55017,SLC12A3,E485Q,0.962
P55017,SLC12A3,E485R,0.83
P55017,SLC12A3,E485N,0.845
P55017,SLC12A3,E485T,0.82
P55017,SLC12A3,E485V,0.846
P55017,SLC12A3,E485W,0.708
P55017,SLC12A3,E485S,0.827
P55017,SLC12A3,E485Y,0.763
P55017,SLC12A3,E485L,0.774
P55017,SLC12A3,E485K,0.912
P55017,SLC12A3,E485A,0.863
P55017,SLC12A3,E485C,0.708
P55017,SLC12A3,E485D,0.974
P55017,SLC12A3,E485M,0.811
P55017,SLC12A3,E485G,0.826
P55017,SLC12A3,E485H,0.842
P55017,SLC12A3,E485I,0.792
P55017,SLC12A3,E485F,0.734
P55017,SLC12A3,D486N,0.707
P55017,SLC12A3,D486W,0.436
P55017,SLC12A3,D486V,0.568
P55017,SLC12A3,D486T,0.597
P55017,SLC12A3,D486S,0.638
P55017,SLC12A3,D486R,0.502
P55017,SLC12A3,D486Q,0.617
P55017,SLC12A3,D486P,0.534
P55017,SLC12A3,D486Y,0.577
P55017,SLC12A3,D486L,0.514
P55017,SLC12A3,D486K,0.572
P55017,SLC12A3,D486I,0.552
P55017,SLC12A3,D486H,0.607
P55017,SLC12A3,D486G,0.643
P55017,SLC12A3,D486F,0.568
P55017,SLC12A3,D486E,0.746
P55017,SLC12A3,D486C,0.523
P55017,SLC12A3,D486A,0.597
P55017,SLC12A3,D486M,0.55
P55017,SLC12A3,Q487P,0.851
P55017,SLC12A3,Q487R,0.927
P55017,SLC12A3,Q487S,0.851
P55017,SLC12A3,Q487Y,0.802
P55017,SLC12A3,Q487V,0.796
P55017,SLC12A3,Q487W,0.748
P55017,SLC12A3,Q487T,0.839
P55017,SLC12A3,Q487M,0.881
P55017,SLC12A3,Q487N,0.865
P55017,SLC12A3,Q487L,0.822
P55017,SLC12A3,Q487A,0.832
P55017,SLC12A3,Q487C,0.754
P55017,SLC12A3,Q487D,0.84
P55017,SLC12A3,Q487E,0.949
P55017,SLC12A3,Q487K,0.918
P55017,SLC12A3,Q487G,0.78
P55017,SLC12A3,Q487H,0.899
P55017,SLC12A3,Q487I,0.754
P55017,SLC12A3,Q487F,0.737
P55017,SLC12A3,L488Y,0.685
P55017,SLC12A3,L488W,0.667
P55017,SLC12A3,L488V,0.81
P55017,SLC12A3,L488T,0.676
P55017,SLC12A3,L488S,0.648
P55017,SLC12A3,L488R,0.644
P55017,SLC12A3,L488Q,0.665
P55017,SLC12A3,L488N,0.572
P55017,SLC12A3,L488M,0.858
P55017,SLC12A3,L488P,0.653
P55017,SLC12A3,L488I,0.849
P55017,SLC12A3,L488K,0.597
P55017,SLC12A3,L488C,0.662
P55017,SLC12A3,L488D,0.526
P55017,SLC12A3,L488E,0.571
P55017,SLC12A3,L488A,0.673
P55017,SLC12A3,L488G,0.532
P55017,SLC12A3,L488H,0.645
P55017,SLC12A3,L488F,0.796
P55017,SLC12A3,Y489M,0.672
P55017,SLC12A3,Y489V,0.653
P55017,SLC12A3,Y489T,0.58
P55017,SLC12A3,Y489S,0.583
P55017,SLC12A3,Y489R,0.533
P55017,SLC12A3,Y489Q,0.61
P55017,SLC12A3,Y489P,0.544
P55017,SLC12A3,Y489W,0.694
P55017,SLC12A3,Y489L,0.706
P55017,SLC12A3,Y489N,0.568
P55017,SLC12A3,Y489I,0.668
P55017,SLC12A3,Y489A,0.593
P55017,SLC12A3,Y489C,0.672
P55017,SLC12A3,Y489D,0.526
P55017,SLC12A3,Y489K,0.518
P55017,SLC12A3,Y489F,0.875
P55017,SLC12A3,Y489G,0.499
P55017,SLC12A3,Y489H,0.756
P55017,SLC12A3,Y489E,0.534
P55017,SLC12A3,P490Y,0.688
P55017,SLC12A3,P490W,0.594
P55017,SLC12A3,P490V,0.736
P55017,SLC12A3,P490T,0.778
P55017,SLC12A3,P490S,0.784
P55017,SLC12A3,P490R,0.72
P55017,SLC12A3,P490Q,0.782
P55017,SLC12A3,P490M,0.742
P55017,SLC12A3,P490N,0.7
P55017,SLC12A3,P490L,0.767
P55017,SLC12A3,P490I,0.71
P55017,SLC12A3,P490H,0.739
P55017,SLC12A3,P490G,0.686
P55017,SLC12A3,P490F,0.662
P55017,SLC12A3,P490E,0.732
P55017,SLC12A3,P490D,0.684
P55017,SLC12A3,P490C,0.665
P55017,SLC12A3,P490A,0.794
P55017,SLC12A3,P490K,0.71
P55017,SLC12A3,L491P,0.956
P55017,SLC12A3,L491Q,0.978
P55017,SLC12A3,L491R,0.957
P55017,SLC12A3,L491N,0.887
P55017,SLC12A3,L491T,0.972
P55017,SLC12A3,L491V,1.052
P55017,SLC12A3,L491W,0.923
P55017,SLC12A3,L491S,0.956
P55017,SLC12A3,L491Y,0.959
P55017,SLC12A3,L491K,0.927
P55017,SLC12A3,L491I,1.083
P55017,SLC12A3,L491A,0.958
P55017,SLC12A3,L491C,0.916
P55017,SLC12A3,L491D,0.85
P55017,SLC12A3,L491M,1.105
P55017,SLC12A3,L491F,1.019
P55017,SLC12A3,L491G,0.825
P55017,SLC12A3,L491H,0.94
P55017,SLC12A3,L491E,0.9
P55017,SLC12A3,I492Y,0.684
P55017,SLC12A3,I492W,0.589
P55017,SLC12A3,I492V,0.904
P55017,SLC12A3,I492T,0.701
P55017,SLC12A3,I492S,0.617
P55017,SLC12A3,I492R,0.57
P55017,SLC12A3,I492Q,0.554
P55017,SLC12A3,I492N,0.597
P55017,SLC12A3,I492P,0.566
P55017,SLC12A3,I492M,0.824
P55017,SLC12A3,I492K,0.559
P55017,SLC12A3,I492H,0.569
P55017,SLC12A3,I492G,0.524
P55017,SLC12A3,I492F,0.775
P55017,SLC12A3,I492E,0.546
P55017,SLC12A3,I492D,0.528
P55017,SLC12A3,I492C,0.686
P55017,SLC12A3,I492A,0.672
P55017,SLC12A3,I492L,0.864
P55017,SLC12A3,G493P,0.69
P55017,SLC12A3,G493Q,0.714
P55017,SLC12A3,G493R,0.743
P55017,SLC12A3,G493N,0.818
P55017,SLC12A3,G493T,0.732
P55017,SLC12A3,G493V,0.744
P55017,SLC12A3,G493W,0.72
P55017,SLC12A3,G493S,0.842
P55017,SLC12A3,G493Y,0.65
P55017,SLC12A3,G493M,0.664
P55017,SLC12A3,G493K,0.708
P55017,SLC12A3,G493A,0.832
P55017,SLC12A3,G493C,0.757
P55017,SLC12A3,G493D,0.785
P55017,SLC12A3,G493L,0.656
P55017,SLC12A3,G493F,0.704
P55017,SLC12A3,G493H,0.706
P55017,SLC12A3,G493I,0.677
P55017,SLC12A3,G493E,0.742
P55017,SLC12A3,F494N,0.624
P55017,SLC12A3,F494W,0.73
P55017,SLC12A3,F494V,0.722
P55017,SLC12A3,F494T,0.689
P55017,SLC12A3,F494S,0.7
P55017,SLC12A3,F494R,0.64
P55017,SLC12A3,F494Q,0.658
P55017,SLC12A3,F494P,0.598
P55017,SLC12A3,F494Y,0.875
P55017,SLC12A3,F494M,0.728
P55017,SLC12A3,F494K,0.626
P55017,SLC12A3,F494I,0.752
P55017,SLC12A3,F494H,0.711
P55017,SLC12A3,F494G,0.606
P55017,SLC12A3,F494E,0.596
P55017,SLC12A3,F494D,0.659
P55017,SLC12A3,F494C,0.689
P55017,SLC12A3,F494A,0.683
P55017,SLC12A3,F494L,0.772
P55017,SLC12A3,F495P,0.43
P55017,SLC12A3,F495Q,0.476
P55017,SLC12A3,F495R,0.455
P55017,SLC12A3,F495Y,0.734
P55017,SLC12A3,F495T,0.52
P55017,SLC12A3,F495V,0.606
P55017,SLC12A3,F495W,0.604
P55017,SLC12A3,F495S,0.52
P55017,SLC12A3,F495N,0.437
P55017,SLC12A3,F495M,0.613
P55017,SLC12A3,F495K,0.426
P55017,SLC12A3,F495A,0.528
P55017,SLC12A3,F495C,0.565
P55017,SLC12A3,F495D,0.465
P55017,SLC12A3,F495L,0.682
P55017,SLC12A3,F495G,0.436
P55017,SLC12A3,F495H,0.546
P55017,SLC12A3,F495I,0.648
P55017,SLC12A3,F495E,0.424
P55017,SLC12A3,G496Y,0.6
P55017,SLC12A3,G496W,0.666
P55017,SLC12A3,G496V,0.702
P55017,SLC12A3,G496T,0.676
P55017,SLC12A3,G496S,0.783
P55017,SLC12A3,G496R,0.688
P55017,SLC12A3,G496Q,0.645
P55017,SLC12A3,G496N,0.756
P55017,SLC12A3,G496M,0.62
P55017,SLC12A3,G496P,0.617
P55017,SLC12A3,G496K,0.641
P55017,SLC12A3,G496L,0.612
P55017,SLC12A3,G496C,0.708
P55017,SLC12A3,G496D,0.722
P55017,SLC12A3,G496E,0.676
P55017,SLC12A3,G496A,0.776
P55017,SLC12A3,G496H,0.639
P55017,SLC12A3,G496I,0.628
P55017,SLC12A3,G496F,0.665
P55017,SLC12A3,K497N,0.759
P55017,SLC12A3,K497W,0.626
P55017,SLC12A3,K497V,0.672
P55017,SLC12A3,K497T,0.72
P55017,SLC12A3,K497S,0.722
P55017,SLC12A3,K497R,0.833
P55017,SLC12A3,K497Q,0.79
P55017,SLC12A3,K497Y,0.633
P55017,SLC12A3,K497M,0.743
P55017,SLC12A3,K497P,0.668
P55017,SLC12A3,K497I,0.666
P55017,SLC12A3,K497A,0.69
P55017,SLC12A3,K497C,0.592
P55017,SLC12A3,K497D,0.669
P55017,SLC12A3,K497L,0.674
P55017,SLC12A3,K497F,0.62
P55017,SLC12A3,K497G,0.64
P55017,SLC12A3,K497H,0.697
P55017,SLC12A3,K497E,0.784
P55017,SLC12A3,G498N,0.757
P55017,SLC12A3,G498W,0.68
P55017,SLC12A3,G498V,0.686
P55017,SLC12A3,G498T,0.668
P55017,SLC12A3,G498S,0.776
P55017,SLC12A3,G498R,0.683
P55017,SLC12A3,G498Q,0.656
P55017,SLC12A3,G498P,0.619
P55017,SLC12A3,G498Y,0.61
P55017,SLC12A3,G498L,0.612
P55017,SLC12A3,G498K,0.642
P55017,SLC12A3,G498I,0.636
P55017,SLC12A3,G498H,0.646
P55017,SLC12A3,G498F,0.664
P55017,SLC12A3,G498E,0.686
P55017,SLC12A3,G498D,0.726
P55017,SLC12A3,G498C,0.681
P55017,SLC12A3,G498A,0.766
P55017,SLC12A3,G498M,0.62
P55017,SLC12A3,Y499P,0.621
P55017,SLC12A3,Y499Q,0.697
P55017,SLC12A3,Y499R,0.613
P55017,SLC12A3,Y499W,0.73
P55017,SLC12A3,Y499T,0.657
P55017,SLC12A3,Y499V,0.676
P55017,SLC12A3,Y499S,0.67
P55017,SLC12A3,Y499M,0.696
P55017,SLC12A3,Y499N,0.661
P55017,SLC12A3,Y499L,0.709
P55017,SLC12A3,Y499A,0.653
P55017,SLC12A3,Y499C,0.708
P55017,SLC12A3,Y499D,0.633
P55017,SLC12A3,Y499E,0.64
P55017,SLC12A3,Y499K,0.611
P55017,SLC12A3,Y499G,0.576
P55017,SLC12A3,Y499H,0.828
P55017,SLC12A3,Y499I,0.68
P55017,SLC12A3,Y499F,0.882
P55017,SLC12A3,G500Y,0.709
P55017,SLC12A3,G500W,0.774
P55017,SLC12A3,G500V,0.778
P55017,SLC12A3,G500T,0.785
P55017,SLC12A3,G500S,0.887
P55017,SLC12A3,G500R,0.816
P55017,SLC12A3,G500Q,0.775
P55017,SLC12A3,G500N,0.866
P55017,SLC12A3,G500M,0.709
P55017,SLC12A3,G500P,0.726
P55017,SLC12A3,G500K,0.774
P55017,SLC12A3,G500A,0.869
P55017,SLC12A3,G500C,0.781
P55017,SLC12A3,G500D,0.842
P55017,SLC12A3,G500L,0.684
P55017,SLC12A3,G500F,0.738
P55017,SLC12A3,G500H,0.76
P55017,SLC12A3,G500I,0.715
P55017,SLC12A3,G500E,0.814
P55017,SLC12A3,K501N,0.952
P55017,SLC12A3,K501W,0.808
P55017,SLC12A3,K501V,0.85
P55017,SLC12A3,K501T,0.907
P55017,SLC12A3,K501S,0.896
P55017,SLC12A3,K501R,1.03
P55017,SLC12A3,K501Q,0.983
P55017,SLC12A3,K501P,0.824
P55017,SLC12A3,K501Y,0.81
P55017,SLC12A3,K501L,0.842
P55017,SLC12A3,K501I,0.84
P55017,SLC12A3,K501A,0.865
P55017,SLC12A3,K501C,0.781
P55017,SLC12A3,K501D,0.836
P55017,SLC12A3,K501M,0.914
P55017,SLC12A3,K501F,0.778
P55017,SLC12A3,K501G,0.81
P55017,SLC12A3,K501H,0.889
P55017,SLC12A3,K501E,0.975
P55017,SLC12A3,N502M,0.814
P55017,SLC12A3,N502W,0.691
P55017,SLC12A3,N502V,0.766
P55017,SLC12A3,N502T,0.913
P55017,SLC12A3,N502S,0.96
P55017,SLC12A3,N502R,0.851
P55017,SLC12A3,N502Q,0.859
P55017,SLC12A3,N502P,0.736
P55017,SLC12A3,N502Y,0.835
P55017,SLC12A3,N502L,0.742
P55017,SLC12A3,N502I,0.801
P55017,SLC12A3,N502H,0.945
P55017,SLC12A3,N502G,0.852
P55017,SLC12A3,N502F,0.77
P55017,SLC12A3,N502E,0.814
P55017,SLC12A3,N502D,0.926
P55017,SLC12A3,N502C,0.788
P55017,SLC12A3,N502A,0.815
P55017,SLC12A3,N502K,0.898
P55017,SLC12A3,K503P,0.804
P55017,SLC12A3,K503Q,0.95
P55017,SLC12A3,K503R,0.994
P55017,SLC12A3,K503Y,0.778
P55017,SLC12A3,K503T,0.884
P55017,SLC12A3,K503V,0.834
P55017,SLC12A3,K503W,0.773
P55017,SLC12A3,K503S,0.866
P55017,SLC12A3,K503N,0.922
P55017,SLC12A3,K503M,0.901
P55017,SLC12A3,K503I,0.818
P55017,SLC12A3,K503A,0.843
P55017,SLC12A3,K503C,0.75
P55017,SLC12A3,K503D,0.808
P55017,SLC12A3,K503L,0.823
P55017,SLC12A3,K503F,0.75
P55017,SLC12A3,K503G,0.792
P55017,SLC12A3,K503H,0.862
P55017,SLC12A3,K503E,0.934
P55017,SLC12A3,E504Y,0.652
P55017,SLC12A3,E504W,0.593
P55017,SLC12A3,E504V,0.706
P55017,SLC12A3,E504T,0.688
P55017,SLC12A3,E504S,0.694
P55017,SLC12A3,E504R,0.702
P55017,SLC12A3,E504Q,0.824
P55017,SLC12A3,E504N,0.714
P55017,SLC12A3,E504M,0.684
P55017,SLC12A3,E504P,0.66
P55017,SLC12A3,E504K,0.779
P55017,SLC12A3,E504I,0.672
P55017,SLC12A3,E504H,0.708
P55017,SLC12A3,E504G,0.686
P55017,SLC12A3,E504F,0.615
P55017,SLC12A3,E504D,0.837
P55017,SLC12A3,E504C,0.59
P55017,SLC12A3,E504A,0.721
P55017,SLC12A3,E504L,0.658
P55017,SLC12A3,P505Q,0.481
P55017,SLC12A3,P505R,0.372
P55017,SLC12A3,P505S,0.519
P55017,SLC12A3,P505Y,0.421
P55017,SLC12A3,P505V,0.524
P55017,SLC12A3,P505W,0.286
P55017,SLC12A3,P505T,0.53
P55017,SLC12A3,P505M,0.541
P55017,SLC12A3,P505N,0.358
P55017,SLC12A3,P505L,0.524
P55017,SLC12A3,P505A,0.577
P55017,SLC12A3,P505C,0.534
P55017,SLC12A3,P505D,0.381
P55017,SLC12A3,P505E,0.403
P55017,SLC12A3,P505K,0.376
P55017,SLC12A3,P505G,0.405
P55017,SLC12A3,P505H,0.461
P55017,SLC12A3,P505I,0.446
P55017,SLC12A3,P505F,0.468
P55017,SLC12A3,V506M,0.874
P55017,SLC12A3,V506W,0.65
P55017,SLC12A3,V506T,0.822
P55017,SLC12A3,V506S,0.714
P55017,SLC12A3,V506R,0.669
P55017,SLC12A3,V506Q,0.7
P55017,SLC12A3,V506P,0.71
P55017,SLC12A3,V506N,0.676
P55017,SLC12A3,V506Y,0.724
P55017,SLC12A3,V506K,0.699
P55017,SLC12A3,V506I,0.946
P55017,SLC12A3,V506H,0.658
P55017,SLC12A3,V506G,0.717
P55017,SLC12A3,V506F,0.792
P55017,SLC12A3,V506E,0.74
P55017,SLC12A3,V506D,0.684
P55017,SLC12A3,V506C,0.73
P55017,SLC12A3,V506A,0.814
P55017,SLC12A3,V506L,0.869
P55017,SLC12A3,R507N,0.603
P55017,SLC12A3,R507P,0.468
P55017,SLC12A3,R507Q,0.696
P55017,SLC12A3,R507Y,0.546
P55017,SLC12A3,R507T,0.599
P55017,SLC12A3,R507V,0.571
P55017,SLC12A3,R507W,0.603
P55017,SLC12A3,R507S,0.585
P55017,SLC12A3,R507M,0.689
P55017,SLC12A3,R507L,0.644
P55017,SLC12A3,R507I,0.567
P55017,SLC12A3,R507A,0.589
P55017,SLC12A3,R507C,0.596
P55017,SLC12A3,R507D,0.471
P55017,SLC12A3,R507K,0.718
P55017,SLC12A3,R507F,0.519
P55017,SLC12A3,R507G,0.558
P55017,SLC12A3,R507H,0.703
P55017,SLC12A3,R507E,0.546
P55017,SLC12A3,G508Y,0.506
P55017,SLC12A3,G508W,0.627
P55017,SLC12A3,G508V,0.678
P55017,SLC12A3,G508T,0.605
P55017,SLC12A3,G508S,0.719
P55017,SLC12A3,G508R,0.594
P55017,SLC12A3,G508Q,0.55
P55017,SLC12A3,G508N,0.631
P55017,SLC12A3,G508P,0.523
P55017,SLC12A3,G508M,0.672
P55017,SLC12A3,G508K,0.524
P55017,SLC12A3,G508I,0.613
P55017,SLC12A3,G508H,0.532
P55017,SLC12A3,G508F,0.605
P55017,SLC12A3,G508E,0.579
P55017,SLC12A3,G508D,0.576
P55017,SLC12A3,G508C,0.71
P55017,SLC12A3,G508A,0.796
P55017,SLC12A3,G508L,0.613
P55017,SLC12A3,Y509N,0.386
P55017,SLC12A3,Y509P,0.228
P55017,SLC12A3,Y509Q,0.43
P55017,SLC12A3,Y509M,0.515
P55017,SLC12A3,Y509S,0.374
P55017,SLC12A3,Y509T,0.383
P55017,SLC12A3,Y509V,0.524
P55017,SLC12A3,Y509R,0.389
P55017,SLC12A3,Y509W,0.618
P55017,SLC12A3,Y509L,0.575
P55017,SLC12A3,Y509I,0.522
P55017,SLC12A3,Y509A,0.401
P55017,SLC12A3,Y509C,0.506
P55017,SLC12A3,Y509D,0.25
P55017,SLC12A3,Y509K,0.333
P55017,SLC12A3,Y509F,0.748
P55017,SLC12A3,Y509G,0.361
P55017,SLC12A3,Y509H,0.602
P55017,SLC12A3,Y509E,0.308
P55017,SLC12A3,L510N,0.71
P55017,SLC12A3,L510W,0.764
P55017,SLC12A3,L510V,0.914
P55017,SLC12A3,L510T,0.808
P55017,SLC12A3,L510S,0.786
P55017,SLC12A3,L510R,0.778
P55017,SLC12A3,L510Q,0.803
P55017,SLC12A3,L510P,0.79
P55017,SLC12A3,L510Y,0.797
P55017,SLC12A3,L510M,0.969
P55017,SLC12A3,L510I,0.942
P55017,SLC12A3,L510H,0.769
P55017,SLC12A3,L510G,0.664
P55017,SLC12A3,L510F,0.88
P55017,SLC12A3,L510E,0.72
P55017,SLC12A3,L510D,0.672
P55017,SLC12A3,L510C,0.77
P55017,SLC12A3,L510A,0.802
P55017,SLC12A3,L510K,0.746
P55017,SLC12A3,L511Q,0.578
P55017,SLC12A3,L511R,0.548
P55017,SLC12A3,L511S,0.566
P55017,SLC12A3,L511P,0.561
P55017,SLC12A3,L511V,0.728
P55017,SLC12A3,L511W,0.56
P55017,SLC12A3,L511Y,0.598
P55017,SLC12A3,L511T,0.592
P55017,SLC12A3,L511N,0.483
P55017,SLC12A3,L511M,0.777
P55017,SLC12A3,L511K,0.513
P55017,SLC12A3,L511C,0.578
P55017,SLC12A3,L511D,0.43
P55017,SLC12A3,L511E,0.483
P55017,SLC12A3,L511A,0.594
P55017,SLC12A3,L511G,0.45
P55017,SLC12A3,L511H,0.542
P55017,SLC12A3,L511I,0.76
P55017,SLC12A3,L511F,0.706
P55017,SLC12A3,A512N,0.543
P55017,SLC12A3,A512W,0.511
P55017,SLC12A3,A512V,0.82
P55017,SLC12A3,A512T,0.729
P55017,SLC12A3,A512S,0.74
P55017,SLC12A3,A512R,0.542
P55017,SLC12A3,A512Q,0.561
P55017,SLC12A3,A512P,0.586
P55017,SLC12A3,A512M,0.75
P55017,SLC12A3,A512Y,0.616
P55017,SLC12A3,A512K,0.515
P55017,SLC12A3,A512C,0.789
P55017,SLC12A3,A512D,0.512
P55017,SLC12A3,A512E,0.549
P55017,SLC12A3,A512L,0.772
P55017,SLC12A3,A512G,0.732
P55017,SLC12A3,A512H,0.559
P55017,SLC12A3,A512I,0.768
P55017,SLC12A3,A512F,0.702
P55017,SLC12A3,Y513M,0.657
P55017,SLC12A3,Y513V,0.664
P55017,SLC12A3,Y513T,0.557
P55017,SLC12A3,Y513S,0.562
P55017,SLC12A3,Y513R,0.582
P55017,SLC12A3,Y513Q,0.614
P55017,SLC12A3,Y513P,0.44
P55017,SLC12A3,Y513N,0.584
P55017,SLC12A3,Y513W,0.766
P55017,SLC12A3,Y513L,0.703
P55017,SLC12A3,Y513I,0.663
P55017,SLC12A3,Y513H,0.768
P55017,SLC12A3,Y513G,0.536
P55017,SLC12A3,Y513F,0.879
P55017,SLC12A3,Y513E,0.501
P55017,SLC12A3,Y513D,0.468
P55017,SLC12A3,Y513C,0.68
P55017,SLC12A3,Y513A,0.568
P55017,SLC12A3,Y513K,0.52
P55017,SLC12A3,A514P,0.874
P55017,SLC12A3,A514Q,0.822
P55017,SLC12A3,A514R,0.792
P55017,SLC12A3,A514N,0.802
P55017,SLC12A3,A514T,0.928
P55017,SLC12A3,A514V,0.938
P55017,SLC12A3,A514W,0.738
P55017,SLC12A3,A514S,0.938
P55017,SLC12A3,A514M,0.869
P55017,SLC12A3,A514Y,0.784
P55017,SLC12A3,A514K,0.812
P55017,SLC12A3,A514C,0.876
P55017,SLC12A3,A514D,0.8
P55017,SLC12A3,A514E,0.844
P55017,SLC12A3,A514L,0.848
P55017,SLC12A3,A514G,0.894
P55017,SLC12A3,A514H,0.766
P55017,SLC12A3,A514I,0.853
P55017,SLC12A3,A514F,0.796
P55017,SLC12A3,I515Y,0.633
P55017,SLC12A3,I515W,0.523
P55017,SLC12A3,I515V,0.856
P55017,SLC12A3,I515T,0.655
P55017,SLC12A3,I515S,0.569
P55017,SLC12A3,I515R,0.514
P55017,SLC12A3,I515Q,0.502
P55017,SLC12A3,I515N,0.546
P55017,SLC12A3,I515P,0.514
P55017,SLC12A3,I515M,0.77
P55017,SLC12A3,I515K,0.509
P55017,SLC12A3,I515H,0.512
P55017,SLC12A3,I515G,0.48
P55017,SLC12A3,I515F,0.722
P55017,SLC12A3,I515E,0.496
P55017,SLC12A3,I515D,0.48
P55017,SLC12A3,I515C,0.633
P55017,SLC12A3,I515A,0.626
P55017,SLC12A3,I515L,0.814
P55017,SLC12A3,A516P,0.454
P55017,SLC12A3,A516Q,0.428
P55017,SLC12A3,A516R,0.398
P55017,SLC12A3,A516N,0.403
P55017,SLC12A3,A516T,0.603
P55017,SLC12A3,A516V,0.694
P55017,SLC12A3,A516W,0.346
P55017,SLC12A3,A516S,0.625
P55017,SLC12A3,A516Y,0.442
P55017,SLC12A3,A516M,0.605
P55017,SLC12A3,A516K,0.392
P55017,SLC12A3,A516C,0.665
P55017,SLC12A3,A516D,0.371
P55017,SLC12A3,A516E,0.422
P55017,SLC12A3,A516L,0.622
P55017,SLC12A3,A516G,0.615
P55017,SLC12A3,A516H,0.404
P55017,SLC12A3,A516I,0.606
P55017,SLC12A3,A516F,0.525
P55017,SLC12A3,V517M,0.812
P55017,SLC12A3,V517W,0.541
P55017,SLC12A3,V517T,0.678
P55017,SLC12A3,V517S,0.552
P55017,SLC12A3,V517R,0.468
P55017,SLC12A3,V517Q,0.542
P55017,SLC12A3,V517P,0.51
P55017,SLC12A3,V517N,0.487
P55017,SLC12A3,V517Y,0.608
P55017,SLC12A3,V517L,0.816
P55017,SLC12A3,V517I,0.897
P55017,SLC12A3,V517H,0.494
P55017,SLC12A3,V517G,0.544
P55017,SLC12A3,V517F,0.702
P55017,SLC12A3,V517E,0.527
P55017,SLC12A3,V517D,0.466
P55017,SLC12A3,V517C,0.701
P55017,SLC12A3,V517A,0.732
P55017,SLC12A3,V517K,0.496
P55017,SLC12A3,A518P,0.779
P55017,SLC12A3,A518Q,0.728
P55017,SLC12A3,A518R,0.698
P55017,SLC12A3,A518N,0.707
P55017,SLC12A3,A518T,0.836
P55017,SLC12A3,A518V,0.843
P55017,SLC12A3,A518W,0.645
P55017,SLC12A3,A518S,0.843
P55017,SLC12A3,A518M,0.776
P55017,SLC12A3,A518Y,0.691
P55017,SLC12A3,A518K,0.718
P55017,SLC12A3,A518C,0.782
P55017,SLC12A3,A518D,0.708
P55017,SLC12A3,A518E,0.752
P55017,SLC12A3,A518L,0.754
P55017,SLC12A3,A518G,0.8
P55017,SLC12A3,A518H,0.673
P55017,SLC12A3,A518I,0.758
P55017,SLC12A3,A518F,0.701
P55017,SLC12A3,F519Y,0.771
P55017,SLC12A3,F519W,0.639
P55017,SLC12A3,F519V,0.648
P55017,SLC12A3,F519T,0.564
P55017,SLC12A3,F519S,0.564
P55017,SLC12A3,F519R,0.492
P55017,SLC12A3,F519Q,0.517
P55017,SLC12A3,F519N,0.478
P55017,SLC12A3,F519M,0.65
P55017,SLC12A3,F519P,0.472
P55017,SLC12A3,F519K,0.478
P55017,SLC12A3,F519I,0.684
P55017,SLC12A3,F519H,0.583
P55017,SLC12A3,F519G,0.48
P55017,SLC12A3,F519E,0.467
P55017,SLC12A3,F519D,0.506
P55017,SLC12A3,F519C,0.602
P55017,SLC12A3,F519A,0.574
P55017,SLC12A3,F519L,0.718
P55017,SLC12A3,I520Q,0.302
P55017,SLC12A3,I520R,0.317
P55017,SLC12A3,I520S,0.372
P55017,SLC12A3,I520Y,0.428
P55017,SLC12A3,I520V,0.758
P55017,SLC12A3,I520W,0.402
P55017,SLC12A3,I520T,0.498
P55017,SLC12A3,I520N,0.292
P55017,SLC12A3,I520P,0.256
P55017,SLC12A3,I520M,0.674
P55017,SLC12A3,I520A,0.507
P55017,SLC12A3,I520C,0.562
P55017,SLC12A3,I520D,0.224
P55017,SLC12A3,I520E,0.228
P55017,SLC12A3,I520L,0.723
P55017,SLC12A3,I520G,0.242
P55017,SLC12A3,I520H,0.376
P55017,SLC12A3,I520K,0.318
P55017,SLC12A3,I520F,0.592
P55017,SLC12A3,I521N,0.706
P55017,SLC12A3,I521W,0.657
P55017,SLC12A3,I521V,0.962
P55017,SLC12A3,I521T,0.799
P55017,SLC12A3,I521S,0.72
P55017,SLC12A3,I521R,0.674
P55017,SLC12A3,I521Q,0.656
P55017,SLC12A3,I521P,0.661
P55017,SLC12A3,I521Y,0.762
P55017,SLC12A3,I521L,0.907
P55017,SLC12A3,I521K,0.67
P55017,SLC12A3,I521H,0.659
P55017,SLC12A3,I521G,0.622
P55017,SLC12A3,I521F,0.819
P55017,SLC12A3,I521E,0.663
P55017,SLC12A3,I521D,0.646
P55017,SLC12A3,I521C,0.748
P55017,SLC12A3,I521A,0.756
P55017,SLC12A3,I521M,0.879
P55017,SLC12A3,I522P,0.532
P55017,SLC12A3,I522Q,0.526
P55017,SLC12A3,I522R,0.546
P55017,SLC12A3,I522Y,0.641
P55017,SLC12A3,I522T,0.672
P55017,SLC12A3,I522V,0.848
P55017,SLC12A3,I522W,0.538
P55017,SLC12A3,I522S,0.589
P55017,SLC12A3,I522N,0.573
P55017,SLC12A3,I522M,0.767
P55017,SLC12A3,I522K,0.54
P55017,SLC12A3,I522A,0.635
P55017,SLC12A3,I522C,0.632
P55017,SLC12A3,I522D,0.508
P55017,SLC12A3,I522L,0.798
P55017,SLC12A3,I522F,0.71
P55017,SLC12A3,I522G,0.493
P55017,SLC12A3,I522H,0.534
P55017,SLC12A3,I522E,0.526
P55017,SLC12A3,A523Y,0.582
P55017,SLC12A3,A523W,0.513
P55017,SLC12A3,A523V,0.739
P55017,SLC12A3,A523T,0.712
P55017,SLC12A3,A523S,0.716
P55017,SLC12A3,A523R,0.562
P55017,SLC12A3,A523Q,0.603
P55017,SLC12A3,A523N,0.579
P55017,SLC12A3,A523P,0.654
P55017,SLC12A3,A523M,0.671
P55017,SLC12A3,A523K,0.582
P55017,SLC12A3,A523I,0.66
P55017,SLC12A3,A523H,0.552
P55017,SLC12A3,A523G,0.676
P55017,SLC12A3,A523F,0.605
P55017,SLC12A3,A523E,0.626
P55017,SLC12A3,A523D,0.581
P55017,SLC12A3,A523C,0.672
P55017,SLC12A3,A523L,0.661
P55017,SLC12A3,E524P,0.698
P55017,SLC12A3,E524Q,0.856
P55017,SLC12A3,E524R,0.73
P55017,SLC12A3,E524N,0.748
P55017,SLC12A3,E524T,0.718
P55017,SLC12A3,E524V,0.726
P55017,SLC12A3,E524W,0.604
P55017,SLC12A3,E524S,0.733
P55017,SLC12A3,E524Y,0.653
P55017,SLC12A3,E524M,0.692
P55017,SLC12A3,E524K,0.809
P55017,SLC12A3,E524A,0.75
P55017,SLC12A3,E524C,0.59
P55017,SLC12A3,E524D,0.868
P55017,SLC12A3,E524L,0.661
P55017,SLC12A3,E524G,0.715
P55017,SLC12A3,E524H,0.742
P55017,SLC12A3,E524I,0.672
P55017,SLC12A3,E524F,0.628
P55017,SLC12A3,L525N,0.422
P55017,SLC12A3,L525W,0.543
P55017,SLC12A3,L525V,0.692
P55017,SLC12A3,L525T,0.534
P55017,SLC12A3,L525S,0.5
P55017,SLC12A3,L525R,0.494
P55017,SLC12A3,L525Q,0.518
P55017,SLC12A3,L525P,0.508
P55017,SLC12A3,L525Y,0.561
P55017,SLC12A3,L525M,0.74
P55017,SLC12A3,L525I,0.738
P55017,SLC12A3,L525H,0.502
P55017,SLC12A3,L525G,0.386
P55017,SLC12A3,L525F,0.688
P55017,SLC12A3,L525E,0.426
P55017,SLC12A3,L525D,0.378
P55017,SLC12A3,L525C,0.534
P55017,SLC12A3,L525A,0.538
P55017,SLC12A3,L525K,0.442
P55017,SLC12A3,N526P,0.56
P55017,SLC12A3,N526Q,0.672
P55017,SLC12A3,N526R,0.665
P55017,SLC12A3,N526M,0.637
P55017,SLC12A3,N526T,0.716
P55017,SLC12A3,N526V,0.595
P55017,SLC12A3,N526W,0.54
P55017,SLC12A3,N526S,0.758
P55017,SLC12A3,N526L,0.606
P55017,SLC12A3,N526Y,0.646
P55017,SLC12A3,N526I,0.64
P55017,SLC12A3,N526A,0.618
P55017,SLC12A3,N526C,0.598
P55017,SLC12A3,N526D,0.733
P55017,SLC12A3,N526K,0.684
P55017,SLC12A3,N526F,0.629
P55017,SLC12A3,N526G,0.686
P55017,SLC12A3,N526H,0.752
P55017,SLC12A3,N526E,0.637
P55017,SLC12A3,T527Y,0.707
P55017,SLC12A3,T527W,0.629
P55017,SLC12A3,T527V,0.832
P55017,SLC12A3,T527S,0.867
P55017,SLC12A3,T527R,0.77
P55017,SLC12A3,T527Q,0.754
P55017,SLC12A3,T527P,0.79
P55017,SLC12A3,T527M,0.833
P55017,SLC12A3,T527L,0.76
P55017,SLC12A3,T527N,0.832
P55017,SLC12A3,T527I,0.818
P55017,SLC12A3,T527K,0.778
P55017,SLC12A3,T527C,0.746
P55017,SLC12A3,T527D,0.711
P55017,SLC12A3,T527E,0.734
P55017,SLC12A3,T527A,0.848
P55017,SLC12A3,T527G,0.729
P55017,SLC12A3,T527H,0.733
P55017,SLC12A3,T527F,0.714
P55017,SLC12A3,I528N,0.472
P55017,SLC12A3,I528W,0.478
P55017,SLC12A3,I528V,0.8
P55017,SLC12A3,I528T,0.585
P55017,SLC12A3,I528S,0.495
P55017,SLC12A3,I528R,0.445
P55017,SLC12A3,I528Q,0.43
P55017,SLC12A3,I528Y,0.57
P55017,SLC12A3,I528M,0.714
P55017,SLC12A3,I528P,0.444
P55017,SLC12A3,I528K,0.432
P55017,SLC12A3,I528A,0.56
P55017,SLC12A3,I528C,0.574
P55017,SLC12A3,I528D,0.4
P55017,SLC12A3,I528L,0.765
P55017,SLC12A3,I528F,0.672
P55017,SLC12A3,I528G,0.408
P55017,SLC12A3,I528H,0.446
P55017,SLC12A3,I528E,0.42
P55017,SLC12A3,A529N,0.441
P55017,SLC12A3,A529W,0.432
P55017,SLC12A3,A529V,0.716
P55017,SLC12A3,A529T,0.63
P55017,SLC12A3,A529S,0.637
P55017,SLC12A3,A529R,0.446
P55017,SLC12A3,A529Q,0.464
P55017,SLC12A3,A529P,0.486
P55017,SLC12A3,A529Y,0.518
P55017,SLC12A3,A529L,0.646
P55017,SLC12A3,A529K,0.416
P55017,SLC12A3,A529I,0.647
P55017,SLC12A3,A529H,0.464
P55017,SLC12A3,A529G,0.626
P55017,SLC12A3,A529F,0.585
P55017,SLC12A3,A529E,0.456
P55017,SLC12A3,A529D,0.412
P55017,SLC12A3,A529C,0.687
P55017,SLC12A3,A529M,0.651
P55017,SLC12A3,P530Q,0.552
P55017,SLC12A3,P530R,0.48
P55017,SLC12A3,P530S,0.587
P55017,SLC12A3,P530Y,0.504
P55017,SLC12A3,P530V,0.572
P55017,SLC12A3,P530W,0.359
P55017,SLC12A3,P530T,0.596
P55017,SLC12A3,P530M,0.592
P55017,SLC12A3,P530N,0.444
P55017,SLC12A3,P530L,0.564
P55017,SLC12A3,P530A,0.64
P55017,SLC12A3,P530C,0.595
P55017,SLC12A3,P530D,0.458
P55017,SLC12A3,P530E,0.484
P55017,SLC12A3,P530K,0.46
P55017,SLC12A3,P530G,0.466
P55017,SLC12A3,P530H,0.544
P55017,SLC12A3,P530I,0.522
P55017,SLC12A3,P530F,0.531
P55017,SLC12A3,I531Y,0.644
P55017,SLC12A3,I531W,0.54
P55017,SLC12A3,I531V,0.852
P55017,SLC12A3,I531T,0.682
P55017,SLC12A3,I531S,0.602
P55017,SLC12A3,I531R,0.556
P55017,SLC12A3,I531Q,0.538
P55017,SLC12A3,I531N,0.585
P55017,SLC12A3,I531M,0.769
P55017,SLC12A3,I531P,0.546
P55017,SLC12A3,I531K,0.555
P55017,SLC12A3,I531A,0.646
P55017,SLC12A3,I531C,0.638
P55017,SLC12A3,I531D,0.519
P55017,SLC12A3,I531L,0.796
P55017,SLC12A3,I531F,0.708
P55017,SLC12A3,I531G,0.507
P55017,SLC12A3,I531H,0.541
P55017,SLC12A3,I531E,0.538
P55017,SLC12A3,I532N,0.351
P55017,SLC12A3,I532W,0.402
P55017,SLC12A3,I532V,0.738
P55017,SLC12A3,I532T,0.502
P55017,SLC12A3,I532S,0.382
P55017,SLC12A3,I532R,0.349
P55017,SLC12A3,I532Q,0.322
P55017,SLC12A3,I532P,0.289
P55017,SLC12A3,I532Y,0.424
P55017,SLC12A3,I532L,0.692
P55017,SLC12A3,I532K,0.352
P55017,SLC12A3,I532A,0.504
P55017,SLC12A3,I532C,0.551
P55017,SLC12A3,I532D,0.259
P55017,SLC12A3,I532M,0.661
P55017,SLC12A3,I532F,0.567
P55017,SLC12A3,I532G,0.279
P55017,SLC12A3,I532H,0.392
P55017,SLC12A3,I532E,0.272
P55017,SLC12A3,S533M,0.551
P55017,SLC12A3,S533W,0.405
P55017,SLC12A3,S533V,0.491
P55017,SLC12A3,S533T,0.584
P55017,SLC12A3,S533R,0.396
P55017,SLC12A3,S533Q,0.426
P55017,SLC12A3,S533P,0.42
P55017,SLC12A3,S533N,0.514
P55017,SLC12A3,S533Y,0.444
P55017,SLC12A3,S533L,0.528
P55017,SLC12A3,S533I,0.492
P55017,SLC12A3,S533H,0.452
P55017,SLC12A3,S533G,0.528
P55017,SLC12A3,S533F,0.494
P55017,SLC12A3,S533E,0.366
P55017,SLC12A3,S533D,0.405
P55017,SLC12A3,S533C,0.609
P55017,SLC12A3,S533A,0.618
P55017,SLC12A3,S533K,0.362
P55017,SLC12A3,N534P,0.422
P55017,SLC12A3,N534Q,0.524
P55017,SLC12A3,N534R,0.528
P55017,SLC12A3,N534Y,0.554
P55017,SLC12A3,N534T,0.591
P55017,SLC12A3,N534V,0.544
P55017,SLC12A3,N534W,0.442
P55017,SLC12A3,N534S,0.64
P55017,SLC12A3,N534M,0.592
P55017,SLC12A3,N534L,0.542
P55017,SLC12A3,N534I,0.589
P55017,SLC12A3,N534A,0.512
P55017,SLC12A3,N534C,0.576
P55017,SLC12A3,N534D,0.583
P55017,SLC12A3,N534K,0.544
P55017,SLC12A3,N534F,0.521
P55017,SLC12A3,N534G,0.534
P55017,SLC12A3,N534H,0.65
P55017,SLC12A3,N534E,0.492
P55017,SLC12A3,F535Y,0.74
P55017,SLC12A3,F535W,0.607
P55017,SLC12A3,F535V,0.612
P55017,SLC12A3,F535T,0.532
P55017,SLC12A3,F535S,0.534
P55017,SLC12A3,F535R,0.468
P55017,SLC12A3,F535Q,0.488
P55017,SLC12A3,F535N,0.45
P55017,SLC12A3,F535M,0.617
P55017,SLC12A3,F535P,0.44
P55017,SLC12A3,F535K,0.446
P55017,SLC12A3,F535I,0.652
P55017,SLC12A3,F535H,0.554
P55017,SLC12A3,F535G,0.448
P55017,SLC12A3,F535E,0.434
P55017,SLC12A3,F535D,0.475
P55017,SLC12A3,F535C,0.568
P55017,SLC12A3,F535A,0.54
P55017,SLC12A3,F535L,0.684
P55017,SLC12A3,F536Q,0.211
P55017,SLC12A3,F536R,0.211
P55017,SLC12A3,F536S,0.347
P55017,SLC12A3,F536Y,0.574
P55017,SLC12A3,F536V,0.462
P55017,SLC12A3,F536W,0.479
P55017,SLC12A3,F536T,0.314
P55017,SLC12A3,F536N,0.242
P55017,SLC12A3,F536P,0.158
P55017,SLC12A3,F536M,0.478
P55017,SLC12A3,F536A,0.32
P55017,SLC12A3,F536C,0.432
P55017,SLC12A3,F536D,0.19
P55017,SLC12A3,F536E,0.134
P55017,SLC12A3,F536L,0.54
P55017,SLC12A3,F536H,0.381
P55017,SLC12A3,F536I,0.497
P55017,SLC12A3,F536K,0.197
P55017,SLC12A3,F536G,0.236
P55017,SLC12A3,L537N,0.19
P55017,SLC12A3,L537W,0.308
P55017,SLC12A3,L537V,0.536
P55017,SLC12A3,L537T,0.33
P55017,SLC12A3,L537S,0.25
P55017,SLC12A3,L537R,0.24
P55017,SLC12A3,L537Q,0.257
P55017,SLC12A3,L537P,0.218
P55017,SLC12A3,L537Y,0.322
P55017,SLC12A3,L537K,0.207
P55017,SLC12A3,L537I,0.571
P55017,SLC12A3,L537H,0.229
P55017,SLC12A3,L537G,0.152
P55017,SLC12A3,L537F,0.499
P55017,SLC12A3,L537E,0.142
P55017,SLC12A3,L537D,0.074
P55017,SLC12A3,L537C,0.414
P55017,SLC12A3,L537A,0.355
P55017,SLC12A3,L537M,0.575
P55017,SLC12A3,C538P,0.372
P55017,SLC12A3,C538Q,0.43
P55017,SLC12A3,C538R,0.449
P55017,SLC12A3,C538Y,0.531
P55017,SLC12A3,C538T,0.535
P55017,SLC12A3,C538V,0.619
P55017,SLC12A3,C538W,0.528
P55017,SLC12A3,C538S,0.559
P55017,SLC12A3,C538N,0.442
P55017,SLC12A3,C538M,0.633
P55017,SLC12A3,C538K,0.362
P55017,SLC12A3,C538A,0.614
P55017,SLC12A3,C538D,0.408
P55017,SLC12A3,C538E,0.308
P55017,SLC12A3,C538L,0.628
P55017,SLC12A3,C538G,0.476
P55017,SLC12A3,C538H,0.458
P55017,SLC12A3,C538I,0.611
P55017,SLC12A3,C538F,0.598
P55017,SLC12A3,S539Y,0.551
P55017,SLC12A3,S539W,0.511
P55017,SLC12A3,S539V,0.562
P55017,SLC12A3,S539T,0.669
P55017,SLC12A3,S539R,0.496
P55017,SLC12A3,S539Q,0.518
P55017,SLC12A3,S539P,0.505
P55017,SLC12A3,S539M,0.634
P55017,SLC12A3,S539N,0.602
P55017,SLC12A3,S539L,0.598
P55017,SLC12A3,S539I,0.581
P55017,SLC12A3,S539H,0.542
P55017,SLC12A3,S539G,0.607
P55017,SLC12A3,S539F,0.568
P55017,SLC12A3,S539E,0.46
P55017,SLC12A3,S539D,0.497
P55017,SLC12A3,S539C,0.682
P55017,SLC12A3,S539A,0.702
P55017,SLC12A3,S539K,0.46
P55017,SLC12A3,Y540N,0.402
P55017,SLC12A3,Y540P,0.274
P55017,SLC12A3,Y540Q,0.436
P55017,SLC12A3,Y540M,0.5
P55017,SLC12A3,Y540S,0.387
P55017,SLC12A3,Y540T,0.383
P55017,SLC12A3,Y540V,0.507
P55017,SLC12A3,Y540R,0.4
P55017,SLC12A3,Y540W,0.598
P55017,SLC12A3,Y540L,0.554
P55017,SLC12A3,Y540I,0.506
P55017,SLC12A3,Y540A,0.397
P55017,SLC12A3,Y540C,0.512
P55017,SLC12A3,Y540D,0.29
P55017,SLC12A3,Y540K,0.334
P55017,SLC12A3,Y540F,0.726
P55017,SLC12A3,Y540G,0.363
P55017,SLC12A3,Y540H,0.594
P55017,SLC12A3,Y540E,0.32
P55017,SLC12A3,A541N,0.41
P55017,SLC12A3,A541W,0.332
P55017,SLC12A3,A541V,0.645
P55017,SLC12A3,A541T,0.586
P55017,SLC12A3,A541S,0.604
P55017,SLC12A3,A541R,0.403
P55017,SLC12A3,A541Q,0.426
P55017,SLC12A3,A541P,0.45
P55017,SLC12A3,A541Y,0.444
P55017,SLC12A3,A541M,0.576
P55017,SLC12A3,A541K,0.388
P55017,SLC12A3,A541I,0.581
P55017,SLC12A3,A541H,0.416
P55017,SLC12A3,A541G,0.592
P55017,SLC12A3,A541F,0.508
P55017,SLC12A3,A541E,0.422
P55017,SLC12A3,A541D,0.38
P55017,SLC12A3,A541C,0.63
P55017,SLC12A3,A541L,0.582
P55017,SLC12A3,L542P,0.38
P55017,SLC12A3,L542Q,0.412
P55017,SLC12A3,L542R,0.389
P55017,SLC12A3,L542N,0.345
P55017,SLC12A3,L542T,0.458
P55017,SLC12A3,L542V,0.647
P55017,SLC12A3,L542W,0.482
P55017,SLC12A3,L542S,0.399
P55017,SLC12A3,L542M,0.69
P55017,SLC12A3,L542Y,0.474
P55017,SLC12A3,L542I,0.688
P55017,SLC12A3,L542A,0.474
P55017,SLC12A3,L542C,0.534
P55017,SLC12A3,L542D,0.255
P55017,SLC12A3,L542K,0.362
P55017,SLC12A3,L542F,0.622
P55017,SLC12A3,L542G,0.302
P55017,SLC12A3,L542H,0.378
P55017,SLC12A3,L542E,0.3
P55017,SLC12A3,I543Y,0.52
P55017,SLC12A3,I543W,0.425
P55017,SLC12A3,I543V,0.75
P55017,SLC12A3,I543T,0.535
P55017,SLC12A3,I543S,0.443
P55017,SLC12A3,I543R,0.394
P55017,SLC12A3,I543Q,0.376
P55017,SLC12A3,I543N,0.42
P55017,SLC12A3,I543M,0.664
P55017,SLC12A3,I543P,0.388
P55017,SLC12A3,I543K,0.378
P55017,SLC12A3,I543L,0.719
P55017,SLC12A3,I543C,0.524
P55017,SLC12A3,I543D,0.354
P55017,SLC12A3,I543E,0.372
P55017,SLC12A3,I543A,0.507
P55017,SLC12A3,I543G,0.355
P55017,SLC12A3,I543H,0.394
P55017,SLC12A3,I543F,0.626
P55017,SLC12A3,N544M,0.508
P55017,SLC12A3,N544Y,0.438
P55017,SLC12A3,N544W,0.336
P55017,SLC12A3,N544V,0.464
P55017,SLC12A3,N544T,0.52
P55017,SLC12A3,N544S,0.566
P55017,SLC12A3,N544R,0.43
P55017,SLC12A3,N544Q,0.438
P55017,SLC12A3,N544L,0.46
P55017,SLC12A3,N544P,0.342
P55017,SLC12A3,N544I,0.49
P55017,SLC12A3,N544C,0.486
P55017,SLC12A3,N544D,0.506
P55017,SLC12A3,N544E,0.409
P55017,SLC12A3,N544A,0.426
P55017,SLC12A3,N544G,0.466
P55017,SLC12A3,N544H,0.572
P55017,SLC12A3,N544F,0.43
P55017,SLC12A3,N544K,0.457
P55017,SLC12A3,F545Y,0.768
P55017,SLC12A3,F545N,0.498
P55017,SLC12A3,F545W,0.629
P55017,SLC12A3,F545V,0.624
P55017,SLC12A3,F545T,0.57
P55017,SLC12A3,F545S,0.577
P55017,SLC12A3,F545R,0.516
P55017,SLC12A3,F545Q,0.532
P55017,SLC12A3,F545P,0.482
P55017,SLC12A3,F545M,0.634
P55017,SLC12A3,F545K,0.497
P55017,SLC12A3,F545I,0.66
P55017,SLC12A3,F545H,0.596
P55017,SLC12A3,F545G,0.486
P55017,SLC12A3,F545E,0.487
P55017,SLC12A3,F545D,0.528
P55017,SLC12A3,F545C,0.589
P55017,SLC12A3,F545A,0.569
P55017,SLC12A3,F545L,0.686
P55017,SLC12A3,S546Y,0.522
P55017,SLC12A3,S546P,0.502
P55017,SLC12A3,S546Q,0.511
P55017,SLC12A3,S546M,0.615
P55017,SLC12A3,S546T,0.664
P55017,SLC12A3,S546V,0.549
P55017,SLC12A3,S546W,0.48
P55017,SLC12A3,S546R,0.49
P55017,SLC12A3,S546L,0.581
P55017,SLC12A3,S546N,0.598
P55017,SLC12A3,S546I,0.56
P55017,SLC12A3,S546A,0.696
P55017,SLC12A3,S546C,0.67
P55017,SLC12A3,S546D,0.492
P55017,SLC12A3,S546K,0.458
P55017,SLC12A3,S546F,0.554
P55017,SLC12A3,S546G,0.604
P55017,SLC12A3,S546H,0.528
P55017,SLC12A3,S546E,0.457
P55017,SLC12A3,C547Y,0.431
P55017,SLC12A3,C547W,0.432
P55017,SLC12A3,C547V,0.536
P55017,SLC12A3,C547T,0.436
P55017,SLC12A3,C547S,0.46
P55017,SLC12A3,C547R,0.324
P55017,SLC12A3,C547Q,0.318
P55017,SLC12A3,C547N,0.336
P55017,SLC12A3,C547P,0.248
P55017,SLC12A3,C547M,0.55
P55017,SLC12A3,C547K,0.247
P55017,SLC12A3,C547I,0.528
P55017,SLC12A3,C547H,0.352
P55017,SLC12A3,C547G,0.384
P55017,SLC12A3,C547F,0.516
P55017,SLC12A3,C547E,0.17
P55017,SLC12A3,C547D,0.308
P55017,SLC12A3,C547A,0.52
P55017,SLC12A3,C547L,0.552
P55017,SLC12A3,F548P,0.2
P55017,SLC12A3,F548Q,0.253
P55017,SLC12A3,F548R,0.252
P55017,SLC12A3,F548N,0.295
P55017,SLC12A3,F548T,0.363
P55017,SLC12A3,F548V,0.52
P55017,SLC12A3,F548W,0.538
P55017,SLC12A3,F548S,0.391
P55017,SLC12A3,F548Y,0.633
P55017,SLC12A3,F548L,0.594
P55017,SLC12A3,F548K,0.232
P55017,SLC12A3,F548A,0.378
P55017,SLC12A3,F548C,0.489
P55017,SLC12A3,F548D,0.234
P55017,SLC12A3,F548M,0.537
P55017,SLC12A3,F548G,0.288
P55017,SLC12A3,F548H,0.436
P55017,SLC12A3,F548I,0.556
P55017,SLC12A3,F548E,0.184
P55017,SLC12A3,H549N,0.695
P55017,SLC12A3,H549W,0.574
P55017,SLC12A3,H549V,0.536
P55017,SLC12A3,H549T,0.563
P55017,SLC12A3,H549S,0.591
P55017,SLC12A3,H549R,0.676
P55017,SLC12A3,H549Q,0.674
P55017,SLC12A3,H549P,0.578
P55017,SLC12A3,H549Y,0.734
P55017,SLC12A3,H549L,0.595
P55017,SLC12A3,H549K,0.588
P55017,SLC12A3,H549I,0.547
P55017,SLC12A3,H549G,0.556
P55017,SLC12A3,H549F,0.64
P55017,SLC12A3,H549E,0.602
P55017,SLC12A3,H549D,0.609
P55017,SLC12A3,H549C,0.594
P55017,SLC12A3,H549A,0.552
P55017,SLC12A3,H549M,0.601
P55017,SLC12A3,A550Q,0.401
P55017,SLC12A3,A550R,0.374
P55017,SLC12A3,A550S,0.593
P55017,SLC12A3,A550Y,0.416
P55017,SLC12A3,A550V,0.64
P55017,SLC12A3,A550W,0.294
P55017,SLC12A3,A550T,0.575
P55017,SLC12A3,A550N,0.384
P55017,SLC12A3,A550P,0.44
P55017,SLC12A3,A550M,0.566
P55017,SLC12A3,A550C,0.62
P55017,SLC12A3,A550D,0.358
P55017,SLC12A3,A550E,0.403
P55017,SLC12A3,A550F,0.489
P55017,SLC12A3,A550L,0.556
P55017,SLC12A3,A550H,0.382
P55017,SLC12A3,A550I,0.556
P55017,SLC12A3,A550K,0.372
P55017,SLC12A3,A550G,0.583
P55017,SLC12A3,S551Y,0.539
P55017,SLC12A3,S551W,0.484
P55017,SLC12A3,S551V,0.546
P55017,SLC12A3,S551T,0.682
P55017,SLC12A3,S551R,0.516
P55017,SLC12A3,S551Q,0.537
P55017,SLC12A3,S551P,0.526
P55017,SLC12A3,S551M,0.618
P55017,SLC12A3,S551L,0.571
P55017,SLC12A3,S551N,0.63
P55017,SLC12A3,S551I,0.558
P55017,SLC12A3,S551K,0.487
P55017,SLC12A3,S551C,0.674
P55017,SLC12A3,S551D,0.53
P55017,SLC12A3,S551E,0.495
P55017,SLC12A3,S551A,0.706
P55017,SLC12A3,S551G,0.627
P55017,SLC12A3,S551H,0.554
P55017,SLC12A3,S551F,0.54
P55017,SLC12A3,I552N,0.664
P55017,SLC12A3,I552W,0.615
P55017,SLC12A3,I552V,0.92
P55017,SLC12A3,I552T,0.756
P55017,SLC12A3,I552S,0.676
P55017,SLC12A3,I552R,0.63
P55017,SLC12A3,I552Q,0.615
P55017,SLC12A3,I552Y,0.721
P55017,SLC12A3,I552M,0.839
P55017,SLC12A3,I552P,0.617
P55017,SLC12A3,I552K,0.628
P55017,SLC12A3,I552A,0.714
P55017,SLC12A3,I552C,0.706
P55017,SLC12A3,I552D,0.601
P55017,SLC12A3,I552L,0.865
P55017,SLC12A3,I552F,0.778
P55017,SLC12A3,I552G,0.578
P55017,SLC12A3,I552H,0.616
P55017,SLC12A3,I552E,0.62
P55017,SLC12A3,T553Y,0.616
P55017,SLC12A3,T553W,0.514
P55017,SLC12A3,T553V,0.772
P55017,SLC12A3,T553S,0.74
P55017,SLC12A3,T553R,0.597
P55017,SLC12A3,T553Q,0.593
P55017,SLC12A3,T553P,0.584
P55017,SLC12A3,T553M,0.758
P55017,SLC12A3,T553N,0.662
P55017,SLC12A3,T553L,0.708
P55017,SLC12A3,T553I,0.768
P55017,SLC12A3,T553H,0.576
P55017,SLC12A3,T553G,0.578
P55017,SLC12A3,T553F,0.65
P55017,SLC12A3,T553E,0.547
P55017,SLC12A3,T553D,0.554
P55017,SLC12A3,T553C,0.725
P55017,SLC12A3,T553A,0.758
P55017,SLC12A3,T553K,0.593
P55017,SLC12A3,N554P,0.686
P55017,SLC12A3,N554Q,0.817
P55017,SLC12A3,N554R,0.802
P55017,SLC12A3,N554M,0.734
P55017,SLC12A3,N554T,0.849
P55017,SLC12A3,N554V,0.698
P55017,SLC12A3,N554W,0.642
P55017,SLC12A3,N554S,0.9
P55017,SLC12A3,N554Y,0.756
P55017,SLC12A3,N554K,0.836
P55017,SLC12A3,N554I,0.722
P55017,SLC12A3,N554A,0.746
P55017,SLC12A3,N554C,0.712
P55017,SLC12A3,N554D,0.882
P55017,SLC12A3,N554L,0.677
P55017,SLC12A3,N554F,0.703
P55017,SLC12A3,N554G,0.822
P55017,SLC12A3,N554H,0.88
P55017,SLC12A3,N554E,0.776
P55017,SLC12A3,S555Y,0.598
P55017,SLC12A3,S555W,0.532
P55017,SLC12A3,S555V,0.6
P55017,SLC12A3,S555T,0.72
P55017,SLC12A3,S555R,0.572
P55017,SLC12A3,S555Q,0.571
P55017,SLC12A3,S555P,0.63
P55017,SLC12A3,S555M,0.63
P55017,SLC12A3,S555N,0.722
P55017,SLC12A3,S555L,0.637
P55017,SLC12A3,S555I,0.615
P55017,SLC12A3,S555H,0.57
P55017,SLC12A3,S555G,0.684
P55017,SLC12A3,S555F,0.648
P55017,SLC12A3,S555E,0.538
P55017,SLC12A3,S555D,0.576
P55017,SLC12A3,S555C,0.682
P55017,SLC12A3,S555A,0.727
P55017,SLC12A3,S555K,0.574
P55017,SLC12A3,P556N,0.665
P55017,SLC12A3,P556Q,0.78
P55017,SLC12A3,P556R,0.7
P55017,SLC12A3,P556M,0.724
P55017,SLC12A3,P556T,0.776
P55017,SLC12A3,P556V,0.714
P55017,SLC12A3,P556W,0.552
P55017,SLC12A3,P556S,0.784
P55017,SLC12A3,P556Y,0.67
P55017,SLC12A3,P556L,0.756
P55017,SLC12A3,P556I,0.683
P55017,SLC12A3,P556A,0.794
P55017,SLC12A3,P556C,0.654
P55017,SLC12A3,P556D,0.643
P55017,SLC12A3,P556K,0.676
P55017,SLC12A3,P556F,0.643
P55017,SLC12A3,P556G,0.647
P55017,SLC12A3,P556H,0.732
P55017,SLC12A3,P556E,0.689
P55017,SLC12A3,G557N,0.772
P55017,SLC12A3,G557W,0.708
P55017,SLC12A3,G557V,0.734
P55017,SLC12A3,G557T,0.702
P55017,SLC12A3,G557S,0.81
P55017,SLC12A3,G557R,0.742
P55017,SLC12A3,G557Q,0.685
P55017,SLC12A3,G557P,0.636
P55017,SLC12A3,G557Y,0.639
P55017,SLC12A3,G557M,0.649
P55017,SLC12A3,G557K,0.672
P55017,SLC12A3,G557I,0.656
P55017,SLC12A3,G557H,0.677
P55017,SLC12A3,G557F,0.686
P55017,SLC12A3,G557E,0.741
P55017,SLC12A3,G557D,0.758
P55017,SLC12A3,G557C,0.73
P55017,SLC12A3,G557A,0.802
P55017,SLC12A3,G557L,0.628
P55017,SLC12A3,W558N,0.246
P55017,SLC12A3,W558P,0.227
P55017,SLC12A3,W558Q,0.398
P55017,SLC12A3,W558Y,0.602
P55017,SLC12A3,W558S,0.354
P55017,SLC12A3,W558T,0.37
P55017,SLC12A3,W558V,0.462
P55017,SLC12A3,W558R,0.375
P55017,SLC12A3,W558M,0.53
P55017,SLC12A3,W558L,0.564
P55017,SLC12A3,W558I,0.444
P55017,SLC12A3,W558A,0.386
P55017,SLC12A3,W558C,0.542
P55017,SLC12A3,W558D,0.23
P55017,SLC12A3,W558K,0.323
P55017,SLC12A3,W558F,0.634
P55017,SLC12A3,W558G,0.417
P55017,SLC12A3,W558H,0.392
P55017,SLC12A3,W558E,0.309
P55017,SLC12A3,R559Y,0.645
P55017,SLC12A3,R559W,0.654
P55017,SLC12A3,R559V,0.613
P55017,SLC12A3,R559T,0.696
P55017,SLC12A3,R559S,0.693
P55017,SLC12A3,R559Q,0.79
P55017,SLC12A3,R559P,0.645
P55017,SLC12A3,R559M,0.696
P55017,SLC12A3,R559L,0.666
P55017,SLC12A3,R559N,0.726
P55017,SLC12A3,R559I,0.62
P55017,SLC12A3,R559K,0.827
P55017,SLC12A3,R559C,0.67
P55017,SLC12A3,R559D,0.595
P55017,SLC12A3,R559E,0.692
P55017,SLC12A3,R559A,0.65
P55017,SLC12A3,R559G,0.672
P55017,SLC12A3,R559H,0.764
P55017,SLC12A3,R559F,0.566
P55017,SLC12A3,P560M,0.538
P55017,SLC12A3,P560W,0.293
P55017,SLC12A3,P560V,0.512
P55017,SLC12A3,P560T,0.525
P55017,SLC12A3,P560S,0.516
P55017,SLC12A3,P560R,0.396
P55017,SLC12A3,P560Q,0.483
P55017,SLC12A3,P560Y,0.45
P55017,SLC12A3,P560L,0.512
P55017,SLC12A3,P560N,0.365
P55017,SLC12A3,P560I,0.456
P55017,SLC12A3,P560A,0.572
P55017,SLC12A3,P560C,0.532
P55017,SLC12A3,P560D,0.379
P55017,SLC12A3,P560K,0.382
P55017,SLC12A3,P560F,0.494
P55017,SLC12A3,P560G,0.396
P55017,SLC12A3,P560H,0.478
P55017,SLC12A3,P560E,0.404
P55017,SLC12A3,S561M,0.75
P55017,SLC12A3,S561W,0.644
P55017,SLC12A3,S561V,0.722
P55017,SLC12A3,S561T,0.864
P55017,SLC12A3,S561R,0.756
P55017,SLC12A3,S561Q,0.768
P55017,SLC12A3,S561P,0.784
P55017,SLC12A3,S561N,0.883
P55017,SLC12A3,S561Y,0.726
P55017,SLC12A3,S561K,0.774
P55017,SLC12A3,S561I,0.724
P55017,SLC12A3,S561H,0.738
P55017,SLC12A3,S561G,0.82
P55017,SLC12A3,S561F,0.751
P55017,SLC12A3,S561E,0.746
P55017,SLC12A3,S561D,0.769
P55017,SLC12A3,S561C,0.785
P55017,SLC12A3,S561A,0.86
P55017,SLC12A3,S561L,0.734
P55017,SLC12A3,F562Q,0.31
P55017,SLC12A3,F562R,0.326
P55017,SLC12A3,F562S,0.447
P55017,SLC12A3,F562Y,0.685
P55017,SLC12A3,F562V,0.563
P55017,SLC12A3,F562W,0.59
P55017,SLC12A3,F562T,0.416
P55017,SLC12A3,F562N,0.356
P55017,SLC12A3,F562P,0.247
P55017,SLC12A3,F562M,0.581
P55017,SLC12A3,F562A,0.424
P55017,SLC12A3,F562C,0.537
P55017,SLC12A3,F562D,0.286
P55017,SLC12A3,F562E,0.228
P55017,SLC12A3,F562L,0.638
P55017,SLC12A3,F562H,0.493
P55017,SLC12A3,F562I,0.602
P55017,SLC12A3,F562K,0.292
P55017,SLC12A3,F562G,0.339
P55017,SLC12A3,Q563Y,0.921
P55017,SLC12A3,Q563W,0.874
P55017,SLC12A3,Q563V,0.903
P55017,SLC12A3,Q563T,0.954
P55017,SLC12A3,Q563S,0.968
P55017,SLC12A3,Q563R,1.052
P55017,SLC12A3,Q563P,0.966
P55017,SLC12A3,Q563M,0.989
P55017,SLC12A3,Q563L,0.932
P55017,SLC12A3,Q563N,0.986
P55017,SLC12A3,Q563I,0.873
P55017,SLC12A3,Q563A,0.944
P55017,SLC12A3,Q563C,0.871
P55017,SLC12A3,Q563D,0.962
P55017,SLC12A3,Q563K,1.042
P55017,SLC12A3,Q563F,0.849
P55017,SLC12A3,Q563G,0.89
P55017,SLC12A3,Q563H,1.02
P55017,SLC12A3,Q563E,1.074
P55017,SLC12A3,Y564M,0.661
P55017,SLC12A3,Y564V,0.634
P55017,SLC12A3,Y564T,0.629
P55017,SLC12A3,Y564S,0.647
P55017,SLC12A3,Y564R,0.601
P55017,SLC12A3,Y564Q,0.677
P55017,SLC12A3,Y564P,0.597
P55017,SLC12A3,Y564N,0.64
P55017,SLC12A3,Y564W,0.7
P55017,SLC12A3,Y564K,0.602
P55017,SLC12A3,Y564I,0.639
P55017,SLC12A3,Y564A,0.624
P55017,SLC12A3,Y564C,0.672
P55017,SLC12A3,Y564D,0.606
P55017,SLC12A3,Y564L,0.659
P55017,SLC12A3,Y564F,0.838
P55017,SLC12A3,Y564G,0.546
P55017,SLC12A3,Y564H,0.808
P55017,SLC12A3,Y564E,0.612
P55017,SLC12A3,Y565M,0.64
P55017,SLC12A3,Y565V,0.617
P55017,SLC12A3,Y565T,0.56
P55017,SLC12A3,Y565S,0.568
P55017,SLC12A3,Y565R,0.512
P55017,SLC12A3,Y565Q,0.59
P55017,SLC12A3,Y565P,0.524
P55017,SLC12A3,Y565N,0.554
P55017,SLC12A3,Y565W,0.668
P55017,SLC12A3,Y565L,0.67
P55017,SLC12A3,Y565I,0.633
P55017,SLC12A3,Y565H,0.74
P55017,SLC12A3,Y565G,0.483
P55017,SLC12A3,Y565F,0.844
P55017,SLC12A3,Y565E,0.518
P55017,SLC12A3,Y565D,0.518
P55017,SLC12A3,Y565C,0.65
P55017,SLC12A3,Y565A,0.566
P55017,SLC12A3,Y565K,0.498
P55017,SLC12A3,N566P,0.76
P55017,SLC12A3,N566Q,0.868
P55017,SLC12A3,N566R,0.853
P55017,SLC12A3,N566Y,0.813
P55017,SLC12A3,N566T,0.906
P55017,SLC12A3,N566V,0.764
P55017,SLC12A3,N566W,0.682
P55017,SLC12A3,N566S,0.952
P55017,SLC12A3,N566M,0.805
P55017,SLC12A3,N566L,0.749
P55017,SLC12A3,N566I,0.786
P55017,SLC12A3,N566A,0.81
P55017,SLC12A3,N566C,0.774
P55017,SLC12A3,N566D,0.931
P55017,SLC12A3,N566K,0.883
P55017,SLC12A3,N566F,0.776
P55017,SLC12A3,N566G,0.881
P55017,SLC12A3,N566H,0.938
P55017,SLC12A3,N566E,0.838
P55017,SLC12A3,K567Y,0.674
P55017,SLC12A3,K567W,0.653
P55017,SLC12A3,K567V,0.735
P55017,SLC12A3,K567T,0.77
P55017,SLC12A3,K567S,0.768
P55017,SLC12A3,K567R,0.875
P55017,SLC12A3,K567Q,0.832
P55017,SLC12A3,K567N,0.801
P55017,SLC12A3,K567M,0.804
P55017,SLC12A3,K567P,0.714
P55017,SLC12A3,K567I,0.717
P55017,SLC12A3,K567H,0.744
P55017,SLC12A3,K567G,0.688
P55017,SLC12A3,K567F,0.669
P55017,SLC12A3,K567E,0.821
P55017,SLC12A3,K567D,0.705
P55017,SLC12A3,K567C,0.641
P55017,SLC12A3,K567A,0.745
P55017,SLC12A3,K567L,0.738
P55017,SLC12A3,W568P,0.539
P55017,SLC12A3,W568Q,0.677
P55017,SLC12A3,W568R,0.617
P55017,SLC12A3,W568Y,0.776
P55017,SLC12A3,W568T,0.614
P55017,SLC12A3,W568V,0.568
P55017,SLC12A3,W568S,0.586
P55017,SLC12A3,W568M,0.704
P55017,SLC12A3,W568N,0.505
P55017,SLC12A3,W568L,0.654
P55017,SLC12A3,W568A,0.546
P55017,SLC12A3,W568C,0.621
P55017,SLC12A3,W568D,0.446
P55017,SLC12A3,W568E,0.593
P55017,SLC12A3,W568K,0.594
P55017,SLC12A3,W568G,0.614
P55017,SLC12A3,W568H,0.573
P55017,SLC12A3,W568I,0.546
P55017,SLC12A3,W568F,0.76
P55017,SLC12A3,A569N,0.686
P55017,SLC12A3,A569W,0.597
P55017,SLC12A3,A569V,0.892
P55017,SLC12A3,A569T,0.856
P55017,SLC12A3,A569S,0.876
P55017,SLC12A3,A569R,0.686
P55017,SLC12A3,A569Q,0.704
P55017,SLC12A3,A569P,0.718
P55017,SLC12A3,A569Y,0.716
P55017,SLC12A3,A569L,0.822
P55017,SLC12A3,A569K,0.674
P55017,SLC12A3,A569I,0.827
P55017,SLC12A3,A569H,0.686
P55017,SLC12A3,A569G,0.856
P55017,SLC12A3,A569F,0.756
P55017,SLC12A3,A569E,0.703
P55017,SLC12A3,A569D,0.661
P55017,SLC12A3,A569C,0.876
P55017,SLC12A3,A569M,0.828
P55017,SLC12A3,A570P,0.548
P55017,SLC12A3,A570Q,0.524
P55017,SLC12A3,A570R,0.504
P55017,SLC12A3,A570Y,0.553
P55017,SLC12A3,A570T,0.684
P55017,SLC12A3,A570V,0.744
P55017,SLC12A3,A570W,0.44
P55017,SLC12A3,A570S,0.702
P55017,SLC12A3,A570N,0.509
P55017,SLC12A3,A570M,0.681
P55017,SLC12A3,A570K,0.486
P55017,SLC12A3,A570C,0.729
P55017,SLC12A3,A570D,0.483
P55017,SLC12A3,A570E,0.519
P55017,SLC12A3,A570L,0.686
P55017,SLC12A3,A570G,0.691
P55017,SLC12A3,A570H,0.518
P55017,SLC12A3,A570I,0.681
P55017,SLC12A3,A570F,0.619
P55017,SLC12A3,L571Y,0.476
P55017,SLC12A3,L571W,0.456
P55017,SLC12A3,L571V,0.653
P55017,SLC12A3,L571T,0.474
P55017,SLC12A3,L571S,0.399
P55017,SLC12A3,L571R,0.38
P55017,SLC12A3,L571Q,0.39
P55017,SLC12A3,L571N,0.338
P55017,SLC12A3,L571P,0.331
P55017,SLC12A3,L571M,0.698
P55017,SLC12A3,L571I,0.686
P55017,SLC12A3,L571H,0.336
P55017,SLC12A3,L571G,0.296
P55017,SLC12A3,L571F,0.614
P55017,SLC12A3,L571E,0.282
P55017,SLC12A3,L571D,0.224
P55017,SLC12A3,L571C,0.538
P55017,SLC12A3,L571A,0.494
P55017,SLC12A3,L571K,0.376
P55017,SLC12A3,F572P,0.708
P55017,SLC12A3,F572Q,0.76
P55017,SLC12A3,F572R,0.744
P55017,SLC12A3,F572N,0.724
P55017,SLC12A3,F572T,0.796
P55017,SLC12A3,F572V,0.846
P55017,SLC12A3,F572W,0.847
P55017,SLC12A3,F572S,0.804
P55017,SLC12A3,F572Y,0.988
P55017,SLC12A3,F572M,0.852
P55017,SLC12A3,F572K,0.729
P55017,SLC12A3,F572A,0.798
P55017,SLC12A3,F572C,0.81
P55017,SLC12A3,F572D,0.754
P55017,SLC12A3,F572L,0.902
P55017,SLC12A3,F572G,0.713
P55017,SLC12A3,F572H,0.817
P55017,SLC12A3,F572I,0.877
P55017,SLC12A3,F572E,0.716
P55017,SLC12A3,G573N,0.538
P55017,SLC12A3,G573W,0.495
P55017,SLC12A3,G573V,0.555
P55017,SLC12A3,G573T,0.5
P55017,SLC12A3,G573S,0.624
P55017,SLC12A3,G573R,0.479
P55017,SLC12A3,G573Q,0.428
P55017,SLC12A3,G573P,0.42
P55017,SLC12A3,G573Y,0.394
P55017,SLC12A3,G573M,0.535
P55017,SLC12A3,G573K,0.411
P55017,SLC12A3,G573I,0.507
P55017,SLC12A3,G573H,0.416
P55017,SLC12A3,G573F,0.492
P55017,SLC12A3,G573E,0.462
P55017,SLC12A3,G573D,0.47
P55017,SLC12A3,G573C,0.574
P55017,SLC12A3,G573A,0.708
P55017,SLC12A3,G573L,0.496
P55017,SLC12A3,A574P,0.496
P55017,SLC12A3,A574Q,0.474
P55017,SLC12A3,A574R,0.444
P55017,SLC12A3,A574N,0.45
P55017,SLC12A3,A574T,0.642
P55017,SLC12A3,A574V,0.705
P55017,SLC12A3,A574W,0.368
P55017,SLC12A3,A574S,0.673
P55017,SLC12A3,A574M,0.626
P55017,SLC12A3,A574Y,0.472
P55017,SLC12A3,A574K,0.446
P55017,SLC12A3,A574C,0.688
P55017,SLC12A3,A574D,0.422
P55017,SLC12A3,A574E,0.473
P55017,SLC12A3,A574L,0.628
P55017,SLC12A3,A574G,0.658
P55017,SLC12A3,A574H,0.446
P55017,SLC12A3,A574I,0.615
P55017,SLC12A3,A574F,0.534
P55017,SLC12A3,I575Y,0.791
P55017,SLC12A3,I575W,0.684
P55017,SLC12A3,I575V,1.008
P55017,SLC12A3,I575T,0.84
P55017,SLC12A3,I575S,0.758
P55017,SLC12A3,I575R,0.713
P55017,SLC12A3,I575Q,0.694
P55017,SLC12A3,I575N,0.744
P55017,SLC12A3,I575M,0.916
P55017,SLC12A3,I575P,0.7
P55017,SLC12A3,I575K,0.715
P55017,SLC12A3,I575L,0.934
P55017,SLC12A3,I575C,0.784
P55017,SLC12A3,I575D,0.678
P55017,SLC12A3,I575E,0.697
P55017,SLC12A3,I575A,0.796
P55017,SLC12A3,I575G,0.662
P55017,SLC12A3,I575H,0.694
P55017,SLC12A3,I575F,0.846
P55017,SLC12A3,I576N,0.654
P55017,SLC12A3,I576Y,0.75
P55017,SLC12A3,I576W,0.657
P55017,SLC12A3,I576V,0.987
P55017,SLC12A3,I576T,0.782
P55017,SLC12A3,I576S,0.676
P55017,SLC12A3,I576R,0.627
P55017,SLC12A3,I576Q,0.61
P55017,SLC12A3,I576M,0.893
P55017,SLC12A3,I576P,0.624
P55017,SLC12A3,I576K,0.614
P55017,SLC12A3,I576C,0.754
P55017,SLC12A3,I576D,0.582
P55017,SLC12A3,I576E,0.601
P55017,SLC12A3,I576A,0.74
P55017,SLC12A3,I576G,0.588
P55017,SLC12A3,I576H,0.624
P55017,SLC12A3,I576F,0.849
P55017,SLC12A3,I576L,0.944
P55017,SLC12A3,S577Y,0.633
P55017,SLC12A3,S577M,0.722
P55017,SLC12A3,S577W,0.599
P55017,SLC12A3,S577V,0.656
P55017,SLC12A3,S577T,0.75
P55017,SLC12A3,S577R,0.568
P55017,SLC12A3,S577Q,0.589
P55017,SLC12A3,S577P,0.582
P55017,SLC12A3,S577N,0.679
P55017,SLC12A3,S577L,0.7
P55017,SLC12A3,S577I,0.677
P55017,SLC12A3,S577H,0.617
P55017,SLC12A3,S577G,0.694
P55017,SLC12A3,S577F,0.665
P55017,SLC12A3,S577E,0.53
P55017,SLC12A3,S577D,0.572
P55017,SLC12A3,S577C,0.773
P55017,SLC12A3,S577A,0.785
P55017,SLC12A3,S577K,0.528
P55017,SLC12A3,V578P,0.545
P55017,SLC12A3,V578Q,0.581
P55017,SLC12A3,V578R,0.506
P55017,SLC12A3,V578M,0.84
P55017,SLC12A3,V578T,0.714
P55017,SLC12A3,V578W,0.574
P55017,SLC12A3,V578Y,0.643
P55017,SLC12A3,V578S,0.589
P55017,SLC12A3,V578L,0.836
P55017,SLC12A3,V578N,0.526
P55017,SLC12A3,V578I,0.921
P55017,SLC12A3,V578A,0.764
P55017,SLC12A3,V578C,0.73
P55017,SLC12A3,V578D,0.506
P55017,SLC12A3,V578E,0.567
P55017,SLC12A3,V578K,0.536
P55017,SLC12A3,V578G,0.578
P55017,SLC12A3,V578H,0.534
P55017,SLC12A3,V578F,0.728
P55017,SLC12A3,V579Y,0.688
P55017,SLC12A3,V579W,0.614
P55017,SLC12A3,V579T,0.774
P55017,SLC12A3,V579S,0.653
P55017,SLC12A3,V579R,0.571
P55017,SLC12A3,V579Q,0.645
P55017,SLC12A3,V579N,0.591
P55017,SLC12A3,V579M,0.878
P55017,SLC12A3,V579P,0.606
P55017,SLC12A3,V579L,0.864
P55017,SLC12A3,V579I,0.954
P55017,SLC12A3,V579H,0.589
P55017,SLC12A3,V579G,0.638
P55017,SLC12A3,V579F,0.756
P55017,SLC12A3,V579E,0.635
P55017,SLC12A3,V579D,0.574
P55017,SLC12A3,V579C,0.774
P55017,SLC12A3,V579A,0.818
P55017,SLC12A3,V579K,0.607
P55017,SLC12A3,I580P,0.416
P55017,SLC12A3,I580Q,0.466
P55017,SLC12A3,I580R,0.494
P55017,SLC12A3,I580N,0.474
P55017,SLC12A3,I580T,0.65
P55017,SLC12A3,I580V,0.916
P55017,SLC12A3,I580W,0.569
P55017,SLC12A3,I580S,0.522
P55017,SLC12A3,I580Y,0.587
P55017,SLC12A3,I580M,0.837
P55017,SLC12A3,I580K,0.489
P55017,SLC12A3,I580A,0.661
P55017,SLC12A3,I580C,0.718
P55017,SLC12A3,I580D,0.38
P55017,SLC12A3,I580L,0.882
P55017,SLC12A3,I580F,0.754
P55017,SLC12A3,I580G,0.405
P55017,SLC12A3,I580H,0.54
P55017,SLC12A3,I580E,0.397
P55017,SLC12A3,M581N,0.33
P55017,SLC12A3,M581W,0.44
P55017,SLC12A3,M581V,0.664
P55017,SLC12A3,M581T,0.478
P55017,SLC12A3,M581S,0.359
P55017,SLC12A3,M581R,0.342
P55017,SLC12A3,M581Q,0.432
P55017,SLC12A3,M581P,0.276
P55017,SLC12A3,M581Y,0.438
P55017,SLC12A3,M581L,0.72
P55017,SLC12A3,M581I,0.668
P55017,SLC12A3,M581H,0.376
P55017,SLC12A3,M581G,0.365
P55017,SLC12A3,M581F,0.566
P55017,SLC12A3,M581E,0.298
P55017,SLC12A3,M581D,0.211
P55017,SLC12A3,M581C,0.498
P55017,SLC12A3,M581A,0.488
P55017,SLC12A3,M581K,0.382
P55017,SLC12A3,F582Y,0.838
P55017,SLC12A3,F582Q,0.603
P55017,SLC12A3,F582R,0.586
P55017,SLC12A3,F582N,0.569
P55017,SLC12A3,F582T,0.643
P55017,SLC12A3,F582V,0.704
P55017,SLC12A3,F582W,0.7
P55017,SLC12A3,F582S,0.649
P55017,SLC12A3,F582M,0.707
P55017,SLC12A3,F582P,0.555
P55017,SLC12A3,F582K,0.569
P55017,SLC12A3,F582A,0.647
P55017,SLC12A3,F582C,0.664
P55017,SLC12A3,F582D,0.594
P55017,SLC12A3,F582L,0.764
P55017,SLC12A3,F582G,0.562
P55017,SLC12A3,F582H,0.663
P55017,SLC12A3,F582I,0.737
P55017,SLC12A3,F582E,0.556
P55017,SLC12A3,L583Y,0.752
P55017,SLC12A3,L583W,0.722
P55017,SLC12A3,L583V,0.874
P55017,SLC12A3,L583T,0.756
P55017,SLC12A3,L583S,0.732
P55017,SLC12A3,L583R,0.722
P55017,SLC12A3,L583Q,0.75
P55017,SLC12A3,L583N,0.655
P55017,SLC12A3,L583M,0.922
P55017,SLC12A3,L583P,0.738
P55017,SLC12A3,L583I,0.903
P55017,SLC12A3,L583H,0.719
P55017,SLC12A3,L583G,0.612
P55017,SLC12A3,L583F,0.843
P55017,SLC12A3,L583E,0.664
P55017,SLC12A3,L583D,0.615
P55017,SLC12A3,L583C,0.728
P55017,SLC12A3,L583A,0.755
P55017,SLC12A3,L583K,0.689
P55017,SLC12A3,L584Q,0.68
P55017,SLC12A3,L584R,0.654
P55017,SLC12A3,L584S,0.666
P55017,SLC12A3,L584Y,0.707
P55017,SLC12A3,L584V,0.836
P55017,SLC12A3,L584W,0.682
P55017,SLC12A3,L584T,0.694
P55017,SLC12A3,L584N,0.585
P55017,SLC12A3,L584P,0.671
P55017,SLC12A3,L584M,0.886
P55017,SLC12A3,L584A,0.696
P55017,SLC12A3,L584C,0.684
P55017,SLC12A3,L584D,0.544
P55017,SLC12A3,L584E,0.591
P55017,SLC12A3,L584K,0.61
P55017,SLC12A3,L584G,0.547
P55017,SLC12A3,L584H,0.661
P55017,SLC12A3,L584I,0.874
P55017,SLC12A3,L584F,0.822
P55017,SLC12A3,T585M,0.788
P55017,SLC12A3,T585W,0.548
P55017,SLC12A3,T585V,0.801
P55017,SLC12A3,T585S,0.774
P55017,SLC12A3,T585R,0.623
P55017,SLC12A3,T585Q,0.63
P55017,SLC12A3,T585P,0.618
P55017,SLC12A3,T585N,0.698
P55017,SLC12A3,T585Y,0.65
P55017,SLC12A3,T585K,0.635
P55017,SLC12A3,T585I,0.79
P55017,SLC12A3,T585H,0.596
P55017,SLC12A3,T585G,0.61
P55017,SLC12A3,T585F,0.676
P55017,SLC12A3,T585E,0.572
P55017,SLC12A3,T585D,0.585
P55017,SLC12A3,T585C,0.764
P55017,SLC12A3,T585A,0.791
P55017,SLC12A3,T585L,0.746
P55017,SLC12A3,W586N,0.554
P55017,SLC12A3,W586P,0.586
P55017,SLC12A3,W586Q,0.726
P55017,SLC12A3,W586Y,0.811
P55017,SLC12A3,W586S,0.635
P55017,SLC12A3,W586T,0.659
P55017,SLC12A3,W586V,0.594
P55017,SLC12A3,W586R,0.68
P55017,SLC12A3,W586M,0.73
P55017,SLC12A3,W586K,0.649
P55017,SLC12A3,W586I,0.569
P55017,SLC12A3,W586A,0.588
P55017,SLC12A3,W586C,0.653
P55017,SLC12A3,W586D,0.498
P55017,SLC12A3,W586L,0.671
P55017,SLC12A3,W586F,0.778
P55017,SLC12A3,W586G,0.66
P55017,SLC12A3,W586H,0.615
P55017,SLC12A3,W586E,0.646
P55017,SLC12A3,W587Y,0.845
P55017,SLC12A3,W587V,0.628
P55017,SLC12A3,W587T,0.696
P55017,SLC12A3,W587S,0.673
P55017,SLC12A3,W587R,0.719
P55017,SLC12A3,W587Q,0.763
P55017,SLC12A3,W587P,0.623
P55017,SLC12A3,W587M,0.763
P55017,SLC12A3,W587N,0.593
P55017,SLC12A3,W587L,0.703
P55017,SLC12A3,W587I,0.601
P55017,SLC12A3,W587H,0.654
P55017,SLC12A3,W587G,0.698
P55017,SLC12A3,W587F,0.81
P55017,SLC12A3,W587E,0.685
P55017,SLC12A3,W587D,0.538
P55017,SLC12A3,W587C,0.688
P55017,SLC12A3,W587A,0.623
P55017,SLC12A3,W587K,0.688
P55017,SLC12A3,A588P,0.581
P55017,SLC12A3,A588Q,0.568
P55017,SLC12A3,A588R,0.554
P55017,SLC12A3,A588N,0.554
P55017,SLC12A3,A588T,0.707
P55017,SLC12A3,A588V,0.75
P55017,SLC12A3,A588W,0.504
P55017,SLC12A3,A588S,0.727
P55017,SLC12A3,A588Y,0.596
P55017,SLC12A3,A588L,0.682
P55017,SLC12A3,A588K,0.534
P55017,SLC12A3,A588C,0.732
P55017,SLC12A3,A588D,0.536
P55017,SLC12A3,A588E,0.57
P55017,SLC12A3,A588M,0.686
P55017,SLC12A3,A588G,0.71
P55017,SLC12A3,A588H,0.558
P55017,SLC12A3,A588I,0.696
P55017,SLC12A3,A588F,0.628
P55017,SLC12A3,A589N,0.46
P55017,SLC12A3,A589W,0.408
P55017,SLC12A3,A589V,0.72
P55017,SLC12A3,A589T,0.654
P55017,SLC12A3,A589S,0.67
P55017,SLC12A3,A589R,0.458
P55017,SLC12A3,A589Q,0.485
P55017,SLC12A3,A589P,0.518
P55017,SLC12A3,A589Y,0.506
P55017,SLC12A3,A589L,0.653
P55017,SLC12A3,A589K,0.448
P55017,SLC12A3,A589I,0.641
P55017,SLC12A3,A589H,0.466
P55017,SLC12A3,A589G,0.658
P55017,SLC12A3,A589F,0.579
P55017,SLC12A3,A589E,0.482
P55017,SLC12A3,A589D,0.438
P55017,SLC12A3,A589C,0.697
P55017,SLC12A3,A589M,0.64
P55017,SLC12A3,L590Q,0.664
P55017,SLC12A3,L590R,0.639
P55017,SLC12A3,L590S,0.647
P55017,SLC12A3,L590Y,0.666
P55017,SLC12A3,L590V,0.786
P55017,SLC12A3,L590W,0.636
P55017,SLC12A3,L590T,0.67
P55017,SLC12A3,L590N,0.571
P55017,SLC12A3,L590P,0.656
P55017,SLC12A3,L590M,0.838
P55017,SLC12A3,L590A,0.668
P55017,SLC12A3,L590C,0.642
P55017,SLC12A3,L590D,0.532
P55017,SLC12A3,L590E,0.58
P55017,SLC12A3,L590K,0.604
P55017,SLC12A3,L590G,0.528
P55017,SLC12A3,L590H,0.636
P55017,SLC12A3,L590I,0.816
P55017,SLC12A3,L590F,0.758
P55017,SLC12A3,I591Y,0.736
P55017,SLC12A3,I591W,0.629
P55017,SLC12A3,I591V,0.937
P55017,SLC12A3,I591T,0.781
P55017,SLC12A3,I591S,0.703
P55017,SLC12A3,I591R,0.658
P55017,SLC12A3,I591Q,0.638
P55017,SLC12A3,I591N,0.689
P55017,SLC12A3,I591M,0.853
P55017,SLC12A3,I591P,0.644
P55017,SLC12A3,I591K,0.659
P55017,SLC12A3,I591L,0.876
P55017,SLC12A3,I591C,0.726
P55017,SLC12A3,I591D,0.625
P55017,SLC12A3,I591E,0.642
P55017,SLC12A3,I591A,0.74
P55017,SLC12A3,I591G,0.605
P55017,SLC12A3,I591H,0.639
P55017,SLC12A3,I591F,0.788
P55017,SLC12A3,A592N,0.588
P55017,SLC12A3,A592Y,0.654
P55017,SLC12A3,A592W,0.579
P55017,SLC12A3,A592V,0.845
P55017,SLC12A3,A592T,0.768
P55017,SLC12A3,A592S,0.781
P55017,SLC12A3,A592R,0.587
P55017,SLC12A3,A592Q,0.608
P55017,SLC12A3,A592M,0.782
P55017,SLC12A3,A592P,0.628
P55017,SLC12A3,A592K,0.562
P55017,SLC12A3,A592D,0.556
P55017,SLC12A3,A592E,0.597
P55017,SLC12A3,A592F,0.716
P55017,SLC12A3,A592C,0.824
P55017,SLC12A3,A592H,0.606
P55017,SLC12A3,A592I,0.793
P55017,SLC12A3,A592G,0.769
P55017,SLC12A3,A592L,0.787
P55017,SLC12A3,I593Y,0.783
P55017,SLC12A3,I593N,0.696
P55017,SLC12A3,I593W,0.688
P55017,SLC12A3,I593V,1.008
P55017,SLC12A3,I593T,0.802
P55017,SLC12A3,I593S,0.715
P55017,SLC12A3,I593R,0.668
P55017,SLC12A3,I593Q,0.65
P55017,SLC12A3,I593P,0.663
P55017,SLC12A3,I593M,0.92
P55017,SLC12A3,I593K,0.657
P55017,SLC12A3,I593H,0.662
P55017,SLC12A3,I593G,0.626
P55017,SLC12A3,I593F,0.874
P55017,SLC12A3,I593E,0.644
P55017,SLC12A3,I593D,0.624
P55017,SLC12A3,I593C,0.783
P55017,SLC12A3,I593A,0.775
P55017,SLC12A3,I593L,0.968
P55017,SLC12A3,G594Y,0.692
P55017,SLC12A3,G594Q,0.738
P55017,SLC12A3,G594R,0.766
P55017,SLC12A3,G594N,0.837
P55017,SLC12A3,G594T,0.752
P55017,SLC12A3,G594V,0.764
P55017,SLC12A3,G594W,0.748
P55017,SLC12A3,G594S,0.863
P55017,SLC12A3,G594M,0.672
P55017,SLC12A3,G594P,0.723
P55017,SLC12A3,G594K,0.733
P55017,SLC12A3,G594A,0.855
P55017,SLC12A3,G594C,0.755
P55017,SLC12A3,G594D,0.804
P55017,SLC12A3,G594L,0.664
P55017,SLC12A3,G594F,0.732
P55017,SLC12A3,G594H,0.736
P55017,SLC12A3,G594I,0.682
P55017,SLC12A3,G594E,0.766
P55017,SLC12A3,V595Y,0.733
P55017,SLC12A3,V595W,0.654
P55017,SLC12A3,V595T,0.829
P55017,SLC12A3,V595S,0.724
P55017,SLC12A3,V595R,0.678
P55017,SLC12A3,V595Q,0.708
P55017,SLC12A3,V595P,0.727
P55017,SLC12A3,V595M,0.869
P55017,SLC12A3,V595L,0.859
P55017,SLC12A3,V595N,0.687
P55017,SLC12A3,V595I,0.938
P55017,SLC12A3,V595H,0.667
P55017,SLC12A3,V595G,0.726
P55017,SLC12A3,V595F,0.782
P55017,SLC12A3,V595E,0.749
P55017,SLC12A3,V595D,0.697
P55017,SLC12A3,V595C,0.73
P55017,SLC12A3,V595A,0.819
P55017,SLC12A3,V595K,0.714
P55017,SLC12A3,V596P,0.448
P55017,SLC12A3,V596Q,0.482
P55017,SLC12A3,V596R,0.402
P55017,SLC12A3,V596Y,0.556
P55017,SLC12A3,V596T,0.621
P55017,SLC12A3,V596W,0.476
P55017,SLC12A3,V596S,0.492
P55017,SLC12A3,V596M,0.76
P55017,SLC12A3,V596N,0.426
P55017,SLC12A3,V596L,0.768
P55017,SLC12A3,V596A,0.673
P55017,SLC12A3,V596C,0.655
P55017,SLC12A3,V596D,0.406
P55017,SLC12A3,V596E,0.464
P55017,SLC12A3,V596K,0.43
P55017,SLC12A3,V596G,0.485
P55017,SLC12A3,V596H,0.438
P55017,SLC12A3,V596I,0.847
P55017,SLC12A3,V596F,0.657
P55017,SLC12A3,L597N,0.701
P55017,SLC12A3,L597W,0.764
P55017,SLC12A3,L597V,0.915
P55017,SLC12A3,L597T,0.801
P55017,SLC12A3,L597S,0.778
P55017,SLC12A3,L597R,0.768
P55017,SLC12A3,L597Q,0.794
P55017,SLC12A3,L597P,0.782
P55017,SLC12A3,L597Y,0.795
P55017,SLC12A3,L597K,0.734
P55017,SLC12A3,L597I,0.944
P55017,SLC12A3,L597H,0.762
P55017,SLC12A3,L597G,0.658
P55017,SLC12A3,L597F,0.884
P55017,SLC12A3,L597E,0.708
P55017,SLC12A3,L597D,0.662
P55017,SLC12A3,L597C,0.769
P55017,SLC12A3,L597A,0.797
P55017,SLC12A3,L597M,0.962
P55017,SLC12A3,F598P,0.736
P55017,SLC12A3,F598Q,0.792
P55017,SLC12A3,F598R,0.778
P55017,SLC12A3,F598Y,1.003
P55017,SLC12A3,F598T,0.822
P55017,SLC12A3,F598V,0.847
P55017,SLC12A3,F598W,0.857
P55017,SLC12A3,F598S,0.834
P55017,SLC12A3,F598N,0.76
P55017,SLC12A3,F598L,0.894
P55017,SLC12A3,F598K,0.768
P55017,SLC12A3,F598A,0.816
P55017,SLC12A3,F598C,0.818
P55017,SLC12A3,F598D,0.79
P55017,SLC12A3,F598M,0.855
P55017,SLC12A3,F598G,0.739
P55017,SLC12A3,F598H,0.844
P55017,SLC12A3,F598I,0.876
P55017,SLC12A3,F598E,0.752
P55017,SLC12A3,L599Y,0.564
P55017,SLC12A3,L599W,0.548
P55017,SLC12A3,L599V,0.74
P55017,SLC12A3,L599T,0.57
P55017,SLC12A3,L599S,0.516
P55017,SLC12A3,L599R,0.491
P55017,SLC12A3,L599Q,0.513
P55017,SLC12A3,L599N,0.451
P55017,SLC12A3,L599M,0.784
P55017,SLC12A3,L599P,0.446
P55017,SLC12A3,L599I,0.775
P55017,SLC12A3,L599H,0.469
P55017,SLC12A3,L599G,0.41
P55017,SLC12A3,L599F,0.706
P55017,SLC12A3,L599E,0.396
P55017,SLC12A3,L599D,0.346
P55017,SLC12A3,L599C,0.626
P55017,SLC12A3,L599A,0.582
P55017,SLC12A3,L599K,0.486
P55017,SLC12A3,L600Q,0.765
P55017,SLC12A3,L600R,0.739
P55017,SLC12A3,L600S,0.75
P55017,SLC12A3,L600Y,0.766
P55017,SLC12A3,L600V,0.886
P55017,SLC12A3,L600W,0.734
P55017,SLC12A3,L600T,0.774
P55017,SLC12A3,L600N,0.673
P55017,SLC12A3,L600P,0.754
P55017,SLC12A3,L600M,0.932
P55017,SLC12A3,L600A,0.769
P55017,SLC12A3,L600C,0.74
P55017,SLC12A3,L600D,0.635
P55017,SLC12A3,L600E,0.682
P55017,SLC12A3,L600K,0.706
P55017,SLC12A3,L600G,0.63
P55017,SLC12A3,L600H,0.734
P55017,SLC12A3,L600I,0.914
P55017,SLC12A3,L600F,0.855
P55017,SLC12A3,L601N,0.728
P55017,SLC12A3,L601W,0.782
P55017,SLC12A3,L601V,0.933
P55017,SLC12A3,L601T,0.827
P55017,SLC12A3,L601S,0.804
P55017,SLC12A3,L601R,0.794
P55017,SLC12A3,L601Q,0.821
P55017,SLC12A3,L601P,0.809
P55017,SLC12A3,L601Y,0.814
P55017,SLC12A3,L601K,0.764
P55017,SLC12A3,L601I,0.959
P55017,SLC12A3,L601H,0.787
P55017,SLC12A3,L601G,0.676
P55017,SLC12A3,L601F,0.897
P55017,SLC12A3,L601E,0.732
P55017,SLC12A3,L601D,0.682
P55017,SLC12A3,L601C,0.79
P55017,SLC12A3,L601A,0.822
P55017,SLC12A3,L601M,0.982
P55017,SLC12A3,Y602N,0.654
P55017,SLC12A3,Y602P,0.614
P55017,SLC12A3,Y602Q,0.69
P55017,SLC12A3,Y602W,0.724
P55017,SLC12A3,Y602S,0.662
P55017,SLC12A3,Y602T,0.647
P55017,SLC12A3,Y602V,0.666
P55017,SLC12A3,Y602R,0.609
P55017,SLC12A3,Y602M,0.69
P55017,SLC12A3,Y602L,0.698
P55017,SLC12A3,Y602I,0.67
P55017,SLC12A3,Y602A,0.643
P55017,SLC12A3,Y602C,0.7
P55017,SLC12A3,Y602D,0.623
P55017,SLC12A3,Y602K,0.608
P55017,SLC12A3,Y602F,0.874
P55017,SLC12A3,Y602G,0.568
P55017,SLC12A3,Y602H,0.822
P55017,SLC12A3,Y602E,0.629
P55017,SLC12A3,V603Y,0.566
P55017,SLC12A3,V603W,0.492
P55017,SLC12A3,V603T,0.619
P55017,SLC12A3,V603S,0.492
P55017,SLC12A3,V603R,0.422
P55017,SLC12A3,V603Q,0.484
P55017,SLC12A3,V603P,0.458
P55017,SLC12A3,V603M,0.754
P55017,SLC12A3,V603N,0.434
P55017,SLC12A3,V603L,0.756
P55017,SLC12A3,V603I,0.836
P55017,SLC12A3,V603H,0.444
P55017,SLC12A3,V603G,0.485
P55017,SLC12A3,V603F,0.658
P55017,SLC12A3,V603E,0.473
P55017,SLC12A3,V603D,0.416
P55017,SLC12A3,V603C,0.64
P55017,SLC12A3,V603A,0.664
P55017,SLC12A3,V603K,0.448
P55017,SLC12A3,I604P,0.76
P55017,SLC12A3,I604Q,0.752
P55017,SLC12A3,I604R,0.786
P55017,SLC12A3,I604N,0.808
P55017,SLC12A3,I604T,0.901
P55017,SLC12A3,I604V,1.089
P55017,SLC12A3,I604W,0.782
P55017,SLC12A3,I604S,0.816
P55017,SLC12A3,I604Y,0.876
P55017,SLC12A3,I604M,1.005
P55017,SLC12A3,I604K,0.776
P55017,SLC12A3,I604A,0.865
P55017,SLC12A3,I604C,0.868
P55017,SLC12A3,I604D,0.728
P55017,SLC12A3,I604L,1.044
P55017,SLC12A3,I604F,0.954
P55017,SLC12A3,I604G,0.72
P55017,SLC12A3,I604H,0.771
P55017,SLC12A3,I604E,0.748
P55017,SLC12A3,Y605M,0.731
P55017,SLC12A3,Y605V,0.706
P55017,SLC12A3,Y605T,0.713
P55017,SLC12A3,Y605S,0.732
P55017,SLC12A3,Y605R,0.688
P55017,SLC12A3,Y605Q,0.762
P55017,SLC12A3,Y605P,0.682
P55017,SLC12A3,Y605N,0.727
P55017,SLC12A3,Y605W,0.772
P55017,SLC12A3,Y605L,0.726
P55017,SLC12A3,Y605I,0.708
P55017,SLC12A3,Y605H,0.889
P55017,SLC12A3,Y605G,0.631
P55017,SLC12A3,Y605F,0.906
P55017,SLC12A3,Y605E,0.701
P55017,SLC12A3,Y605D,0.694
P55017,SLC12A3,Y605C,0.748
P55017,SLC12A3,Y605A,0.705
P55017,SLC12A3,Y605K,0.692
P55017,SLC12A3,K606P,0.678
P55017,SLC12A3,K606Q,0.813
P55017,SLC12A3,K606R,0.856
P55017,SLC12A3,K606Y,0.67
P55017,SLC12A3,K606T,0.748
P55017,SLC12A3,K606V,0.725
P55017,SLC12A3,K606W,0.686
P55017,SLC12A3,K606S,0.743
P55017,SLC12A3,K606N,0.782
P55017,SLC12A3,K606M,0.791
P55017,SLC12A3,K606I,0.724
P55017,SLC12A3,K606A,0.721
P55017,SLC12A3,K606C,0.649
P55017,SLC12A3,K606D,0.678
P55017,SLC12A3,K606L,0.737
P55017,SLC12A3,K606F,0.661
P55017,SLC12A3,K606G,0.669
P55017,SLC12A3,K606H,0.738
P55017,SLC12A3,K606E,0.8
P55017,SLC12A3,K607Y,0.719
P55017,SLC12A3,K607W,0.731
P55017,SLC12A3,K607V,0.773
P55017,SLC12A3,K607T,0.829
P55017,SLC12A3,K607S,0.8
P55017,SLC12A3,K607R,0.942
P55017,SLC12A3,K607Q,0.896
P55017,SLC12A3,K607N,0.867
P55017,SLC12A3,K607M,0.837
P55017,SLC12A3,K607P,0.738
P55017,SLC12A3,K607I,0.764
P55017,SLC12A3,K607L,0.759
P55017,SLC12A3,K607C,0.704
P55017,SLC12A3,K607D,0.749
P55017,SLC12A3,K607E,0.876
P55017,SLC12A3,K607A,0.78
P55017,SLC12A3,K607G,0.725
P55017,SLC12A3,K607H,0.805
P55017,SLC12A3,K607F,0.688
P55017,SLC12A3,P608M,0.767
P55017,SLC12A3,P608Y,0.698
P55017,SLC12A3,P608W,0.599
P55017,SLC12A3,P608V,0.765
P55017,SLC12A3,P608T,0.798
P55017,SLC12A3,P608S,0.802
P55017,SLC12A3,P608R,0.714
P55017,SLC12A3,P608Q,0.797
P55017,SLC12A3,P608L,0.804
P55017,SLC12A3,P608N,0.68
P55017,SLC12A3,P608I,0.73
P55017,SLC12A3,P608C,0.682
P55017,SLC12A3,P608D,0.656
P55017,SLC12A3,P608E,0.705
P55017,SLC12A3,P608A,0.83
P55017,SLC12A3,P608G,0.668
P55017,SLC12A3,P608H,0.752
P55017,SLC12A3,P608F,0.688
P55017,SLC12A3,P608K,0.68
P55017,SLC12A3,E609Y,0.78
P55017,SLC12A3,E609N,0.844
P55017,SLC12A3,E609W,0.724
P55017,SLC12A3,E609V,0.832
P55017,SLC12A3,E609T,0.813
P55017,SLC12A3,E609S,0.818
P55017,SLC12A3,E609R,0.842
P55017,SLC12A3,E609Q,0.97
P55017,SLC12A3,E609P,0.783
P55017,SLC12A3,E609M,0.807
P55017,SLC12A3,E609K,0.92
P55017,SLC12A3,E609I,0.791
P55017,SLC12A3,E609H,0.841
P55017,SLC12A3,E609G,0.828
P55017,SLC12A3,E609F,0.727
P55017,SLC12A3,E609D,0.976
P55017,SLC12A3,E609C,0.717
P55017,SLC12A3,E609A,0.858
P55017,SLC12A3,E609L,0.76
P55017,SLC12A3,V610Y,0.629
P55017,SLC12A3,V610P,0.594
P55017,SLC12A3,V610Q,0.611
P55017,SLC12A3,V610M,0.777
P55017,SLC12A3,V610S,0.611
P55017,SLC12A3,V610T,0.718
P55017,SLC12A3,V610W,0.556
P55017,SLC12A3,V610R,0.567
P55017,SLC12A3,V610L,0.744
P55017,SLC12A3,V610N,0.57
P55017,SLC12A3,V610I,0.846
P55017,SLC12A3,V610A,0.734
P55017,SLC12A3,V610C,0.67
P55017,SLC12A3,V610D,0.574
P55017,SLC12A3,V610K,0.603
P55017,SLC12A3,V610F,0.674
P55017,SLC12A3,V610G,0.589
P55017,SLC12A3,V610H,0.557
P55017,SLC12A3,V610E,0.634
P55017,SLC12A3,N611Y,0.603
P55017,SLC12A3,N611W,0.471
P55017,SLC12A3,N611V,0.534
P55017,SLC12A3,N611T,0.693
P55017,SLC12A3,N611S,0.748
P55017,SLC12A3,N611R,0.656
P55017,SLC12A3,N611Q,0.664
P55017,SLC12A3,N611M,0.587
P55017,SLC12A3,N611P,0.539
P55017,SLC12A3,N611L,0.515
P55017,SLC12A3,N611I,0.564
P55017,SLC12A3,N611H,0.739
P55017,SLC12A3,N611G,0.653
P55017,SLC12A3,N611F,0.531
P55017,SLC12A3,N611E,0.628
P55017,SLC12A3,N611D,0.724
P55017,SLC12A3,N611C,0.557
P55017,SLC12A3,N611A,0.583
P55017,SLC12A3,N611K,0.686
P55017,SLC12A3,W612N,0.48
P55017,SLC12A3,W612P,0.478
P55017,SLC12A3,W612Q,0.641
P55017,SLC12A3,W612M,0.656
P55017,SLC12A3,W612S,0.564
P55017,SLC12A3,W612T,0.582
P55017,SLC12A3,W612V,0.548
P55017,SLC12A3,W612R,0.614
P55017,SLC12A3,W612Y,0.742
P55017,SLC12A3,W612K,0.575
P55017,SLC12A3,W612I,0.528
P55017,SLC12A3,W612A,0.541
P55017,SLC12A3,W612C,0.635
P55017,SLC12A3,W612D,0.45
P55017,SLC12A3,W612L,0.618
P55017,SLC12A3,W612F,0.703
P55017,SLC12A3,W612G,0.598
P55017,SLC12A3,W612H,0.579
P55017,SLC12A3,W612E,0.564
P55017,SLC12A3,G613N,0.727
P55017,SLC12A3,G613W,0.649
P55017,SLC12A3,G613V,0.638
P55017,SLC12A3,G613T,0.654
P55017,SLC12A3,G613S,0.764
P55017,SLC12A3,G613R,0.684
P55017,SLC12A3,G613Q,0.646
P55017,SLC12A3,G613P,0.602
P55017,SLC12A3,G613Y,0.583
P55017,SLC12A3,G613L,0.542
P55017,SLC12A3,G613K,0.643
P55017,SLC12A3,G613I,0.57
P55017,SLC12A3,G613H,0.634
P55017,SLC12A3,G613F,0.6
P55017,SLC12A3,G613E,0.679
P55017,SLC12A3,G613D,0.708
P55017,SLC12A3,G613C,0.654
P55017,SLC12A3,G613A,0.77
P55017,SLC12A3,G613M,0.596
P55017,SLC12A3,S614P,0.674
P55017,SLC12A3,S614Q,0.662
P55017,SLC12A3,S614R,0.662
P55017,SLC12A3,S614Y,0.632
P55017,SLC12A3,S614V,0.611
P55017,SLC12A3,S614W,0.564
P55017,SLC12A3,S614T,0.762
P55017,SLC12A3,S614M,0.662
P55017,SLC12A3,S614N,0.774
P55017,SLC12A3,S614L,0.622
P55017,SLC12A3,S614A,0.762
P55017,SLC12A3,S614C,0.698
P55017,SLC12A3,S614D,0.66
P55017,SLC12A3,S614E,0.636
P55017,SLC12A3,S614K,0.664
P55017,SLC12A3,S614G,0.719
P55017,SLC12A3,S614H,0.651
P55017,SLC12A3,S614I,0.621
P55017,SLC12A3,S614F,0.635
P55017,SLC12A3,S615Y,0.685
P55017,SLC12A3,S615W,0.64
P55017,SLC12A3,S615V,0.69
P55017,SLC12A3,S615T,0.788
P55017,SLC12A3,S615R,0.639
P55017,SLC12A3,S615Q,0.639
P55017,SLC12A3,S615P,0.661
P55017,SLC12A3,S615M,0.742
P55017,SLC12A3,S615L,0.73
P55017,SLC12A3,S615N,0.764
P55017,SLC12A3,S615I,0.711
P55017,SLC12A3,S615K,0.607
P55017,SLC12A3,S615C,0.802
P55017,SLC12A3,S615D,0.635
P55017,SLC12A3,S615E,0.594
P55017,SLC12A3,S615A,0.802
P55017,SLC12A3,S615G,0.744
P55017,SLC12A3,S615H,0.662
P55017,SLC12A3,S615F,0.716
P55017,SLC12A3,V616M,0.859
P55017,SLC12A3,V616W,0.654
P55017,SLC12A3,V616T,0.796
P55017,SLC12A3,V616S,0.695
P55017,SLC12A3,V616R,0.663
P55017,SLC12A3,V616Q,0.682
P55017,SLC12A3,V616P,0.681
P55017,SLC12A3,V616Y,0.709
P55017,SLC12A3,V616L,0.845
P55017,SLC12A3,V616N,0.667
P55017,SLC12A3,V616I,0.917
P55017,SLC12A3,V616A,0.802
P55017,SLC12A3,V616C,0.726
P55017,SLC12A3,V616D,0.673
P55017,SLC12A3,V616K,0.679
P55017,SLC12A3,V616F,0.778
P55017,SLC12A3,V616G,0.708
P55017,SLC12A3,V616H,0.652
P55017,SLC12A3,V616E,0.72
P55017,SLC12A3,Q617Y,0.636
P55017,SLC12A3,Q617W,0.587
P55017,SLC12A3,Q617V,0.624
P55017,SLC12A3,Q617T,0.661
P55017,SLC12A3,Q617S,0.653
P55017,SLC12A3,Q617R,0.751
P55017,SLC12A3,Q617P,0.683
P55017,SLC12A3,Q617M,0.705
P55017,SLC12A3,Q617N,0.67
P55017,SLC12A3,Q617L,0.655
P55017,SLC12A3,Q617I,0.6
P55017,SLC12A3,Q617H,0.732
P55017,SLC12A3,Q617G,0.603
P55017,SLC12A3,Q617F,0.57
P55017,SLC12A3,Q617E,0.761
P55017,SLC12A3,Q617D,0.631
P55017,SLC12A3,Q617C,0.596
P55017,SLC12A3,Q617A,0.65
P55017,SLC12A3,Q617K,0.74
P55017,SLC12A3,A618P,0.647
P55017,SLC12A3,A618Q,0.602
P55017,SLC12A3,A618R,0.566
P55017,SLC12A3,A618N,0.605
P55017,SLC12A3,A618T,0.762
P55017,SLC12A3,A618V,0.784
P55017,SLC12A3,A618W,0.509
P55017,SLC12A3,A618S,0.751
P55017,SLC12A3,A618Y,0.61
P55017,SLC12A3,A618L,0.695
P55017,SLC12A3,A618K,0.574
P55017,SLC12A3,A618C,0.73
P55017,SLC12A3,A618D,0.587
P55017,SLC12A3,A618E,0.627
P55017,SLC12A3,A618M,0.718
P55017,SLC12A3,A618G,0.73
P55017,SLC12A3,A618H,0.574
P55017,SLC12A3,A618I,0.706
P55017,SLC12A3,A618F,0.644
P55017,SLC12A3,G619Y,0.607
P55017,SLC12A3,G619W,0.71
P55017,SLC12A3,G619V,0.766
P55017,SLC12A3,G619T,0.742
P55017,SLC12A3,G619S,0.872
P55017,SLC12A3,G619R,0.751
P55017,SLC12A3,G619Q,0.7
P55017,SLC12A3,G619N,0.797
P55017,SLC12A3,G619P,0.665
P55017,SLC12A3,G619M,0.742
P55017,SLC12A3,G619K,0.694
P55017,SLC12A3,G619I,0.688
P55017,SLC12A3,G619H,0.669
P55017,SLC12A3,G619F,0.664
P55017,SLC12A3,G619E,0.75
P55017,SLC12A3,G619D,0.758
P55017,SLC12A3,G619C,0.806
P55017,SLC12A3,G619A,0.902
P55017,SLC12A3,G619L,0.672
P55017,SLC12A3,S620N,0.912
P55017,SLC12A3,S620P,0.824
P55017,SLC12A3,S620Q,0.774
P55017,SLC12A3,S620M,0.794
P55017,SLC12A3,S620T,0.898
P55017,SLC12A3,S620V,0.766
P55017,SLC12A3,S620W,0.702
P55017,SLC12A3,S620R,0.776
P55017,SLC12A3,S620Y,0.774
P55017,SLC12A3,S620L,0.784
P55017,SLC12A3,S620I,0.771
P55017,SLC12A3,S620A,0.896
P55017,SLC12A3,S620C,0.819
P55017,SLC12A3,S620D,0.777
P55017,SLC12A3,S620K,0.784
P55017,SLC12A3,S620F,0.796
P55017,SLC12A3,S620G,0.86
P55017,SLC12A3,S620H,0.762
P55017,SLC12A3,S620E,0.744
P55017,SLC12A3,Y621M,0.738
P55017,SLC12A3,Y621V,0.715
P55017,SLC12A3,Y621T,0.7
P55017,SLC12A3,Y621S,0.714
P55017,SLC12A3,Y621R,0.666
P55017,SLC12A3,Y621Q,0.742
P55017,SLC12A3,Y621P,0.665
P55017,SLC12A3,Y621N,0.705
P55017,SLC12A3,Y621W,0.773
P55017,SLC12A3,Y621L,0.744
P55017,SLC12A3,Y621I,0.72
P55017,SLC12A3,Y621H,0.874
P55017,SLC12A3,Y621G,0.617
P55017,SLC12A3,Y621F,0.92
P55017,SLC12A3,Y621E,0.676
P55017,SLC12A3,Y621D,0.67
P55017,SLC12A3,Y621C,0.75
P55017,SLC12A3,Y621A,0.696
P55017,SLC12A3,Y621K,0.665
P55017,SLC12A3,N622P,0.686
P55017,SLC12A3,N622Q,0.802
P55017,SLC12A3,N622R,0.785
P55017,SLC12A3,N622Y,0.752
P55017,SLC12A3,N622T,0.843
P55017,SLC12A3,N622V,0.703
P55017,SLC12A3,N622W,0.645
P55017,SLC12A3,N622S,0.891
P55017,SLC12A3,N622M,0.738
P55017,SLC12A3,N622L,0.693
P55017,SLC12A3,N622I,0.733
P55017,SLC12A3,N622A,0.746
P55017,SLC12A3,N622C,0.714
P55017,SLC12A3,N622D,0.867
P55017,SLC12A3,N622K,0.817
P55017,SLC12A3,N622F,0.718
P55017,SLC12A3,N622G,0.82
P55017,SLC12A3,N622H,0.869
P55017,SLC12A3,N622E,0.763
P55017,SLC12A3,L623Y,0.762
P55017,SLC12A3,L623W,0.758
P55017,SLC12A3,L623V,0.916
P55017,SLC12A3,L623T,0.77
P55017,SLC12A3,L623S,0.733
P55017,SLC12A3,L623R,0.73
P55017,SLC12A3,L623Q,0.75
P55017,SLC12A3,L623N,0.682
P55017,SLC12A3,L623M,0.962
P55017,SLC12A3,L623P,0.713
P55017,SLC12A3,L623I,0.946
P55017,SLC12A3,L623K,0.7
P55017,SLC12A3,L623C,0.808
P55017,SLC12A3,L623D,0.607
P55017,SLC12A3,L623E,0.649
P55017,SLC12A3,L623A,0.775
P55017,SLC12A3,L623G,0.629
P55017,SLC12A3,L623H,0.717
P55017,SLC12A3,L623F,0.874
P55017,SLC12A3,A624N,0.643
P55017,SLC12A3,A624W,0.55
P55017,SLC12A3,A624V,0.776
P55017,SLC12A3,A624T,0.775
P55017,SLC12A3,A624S,0.786
P55017,SLC12A3,A624R,0.632
P55017,SLC12A3,A624Q,0.667
P55017,SLC12A3,A624Y,0.607
P55017,SLC12A3,A624M,0.71
P55017,SLC12A3,A624P,0.72
P55017,SLC12A3,A624K,0.662
P55017,SLC12A3,A624C,0.718
P55017,SLC12A3,A624D,0.645
P55017,SLC12A3,A624E,0.694
P55017,SLC12A3,A624L,0.685
P55017,SLC12A3,A624G,0.743
P55017,SLC12A3,A624H,0.598
P55017,SLC12A3,A624I,0.686
P55017,SLC12A3,A624F,0.622
P55017,SLC12A3,L625N,0.584
P55017,SLC12A3,L625W,0.635
P55017,SLC12A3,L625V,0.794
P55017,SLC12A3,L625T,0.684
P55017,SLC12A3,L625S,0.662
P55017,SLC12A3,L625R,0.65
P55017,SLC12A3,L625Q,0.677
P55017,SLC12A3,L625P,0.667
P55017,SLC12A3,L625Y,0.676
P55017,SLC12A3,L625K,0.62
P55017,SLC12A3,L625I,0.824
P55017,SLC12A3,L625H,0.636
P55017,SLC12A3,L625G,0.541
P55017,SLC12A3,L625F,0.766
P55017,SLC12A3,L625E,0.59
P55017,SLC12A3,L625D,0.534
P55017,SLC12A3,L625C,0.65
P55017,SLC12A3,L625A,0.679
P55017,SLC12A3,L625M,0.842
P55017,SLC12A3,S626P,0.871
P55017,SLC12A3,S626Q,0.852
P55017,SLC12A3,S626R,0.833
P55017,SLC12A3,S626Y,0.814
P55017,SLC12A3,S626V,0.826
P55017,SLC12A3,S626W,0.738
P55017,SLC12A3,S626T,0.947
P55017,SLC12A3,S626M,0.85
P55017,SLC12A3,S626N,0.958
P55017,SLC12A3,S626L,0.842
P55017,SLC12A3,S626A,0.948
P55017,SLC12A3,S626C,0.874
P55017,SLC12A3,S626D,0.85
P55017,SLC12A3,S626E,0.834
P55017,SLC12A3,S626K,0.858
P55017,SLC12A3,S626G,0.909
P55017,SLC12A3,S626H,0.82
P55017,SLC12A3,S626I,0.826
P55017,SLC12A3,S626F,0.853
P55017,SLC12A3,Y627W,0.856
P55017,SLC12A3,Y627V,0.802
P55017,SLC12A3,Y627T,0.796
P55017,SLC12A3,Y627S,0.812
P55017,SLC12A3,Y627R,0.762
P55017,SLC12A3,Y627Q,0.839
P55017,SLC12A3,Y627P,0.764
P55017,SLC12A3,Y627M,0.824
P55017,SLC12A3,Y627L,0.825
P55017,SLC12A3,Y627N,0.804
P55017,SLC12A3,Y627I,0.802
P55017,SLC12A3,Y627A,0.792
P55017,SLC12A3,Y627C,0.84
P55017,SLC12A3,Y627D,0.77
P55017,SLC12A3,Y627K,0.767
P55017,SLC12A3,Y627F,1.0
P55017,SLC12A3,Y627G,0.716
P55017,SLC12A3,Y627H,0.967
P55017,SLC12A3,Y627E,0.776
P55017,SLC12A3,S628M,0.806
P55017,SLC12A3,S628W,0.711
P55017,SLC12A3,S628V,0.738
P55017,SLC12A3,S628T,0.843
P55017,SLC12A3,S628R,0.674
P55017,SLC12A3,S628Q,0.694
P55017,SLC12A3,S628P,0.681
P55017,SLC12A3,S628N,0.78
P55017,SLC12A3,S628Y,0.736
P55017,SLC12A3,S628K,0.634
P55017,SLC12A3,S628I,0.771
P55017,SLC12A3,S628A,0.876
P55017,SLC12A3,S628C,0.857
P55017,SLC12A3,S628D,0.67
P55017,SLC12A3,S628L,0.782
P55017,SLC12A3,S628F,0.772
P55017,SLC12A3,S628G,0.783
P55017,SLC12A3,S628H,0.718
P55017,SLC12A3,S628E,0.637
P55017,SLC12A3,V629M,0.892
P55017,SLC12A3,V629W,0.68
P55017,SLC12A3,V629T,0.849
P55017,SLC12A3,V629S,0.742
P55017,SLC12A3,V629R,0.7
P55017,SLC12A3,V629Q,0.726
P55017,SLC12A3,V629P,0.744
P55017,SLC12A3,V629N,0.707
P55017,SLC12A3,V629Y,0.758
P55017,SLC12A3,V629L,0.887
P55017,SLC12A3,V629I,0.962
P55017,SLC12A3,V629H,0.689
P55017,SLC12A3,V629G,0.744
P55017,SLC12A3,V629F,0.81
P55017,SLC12A3,V629E,0.77
P55017,SLC12A3,V629D,0.718
P55017,SLC12A3,V629C,0.752
P55017,SLC12A3,V629A,0.837
P55017,SLC12A3,V629K,0.731
P55017,SLC12A3,G630P,0.645
P55017,SLC12A3,G630Q,0.681
P55017,SLC12A3,G630R,0.733
P55017,SLC12A3,G630Y,0.592
P55017,SLC12A3,G630T,0.727
P55017,SLC12A3,G630V,0.747
P55017,SLC12A3,G630W,0.702
P55017,SLC12A3,G630S,0.848
P55017,SLC12A3,G630N,0.768
P55017,SLC12A3,G630M,0.744
P55017,SLC12A3,G630K,0.676
P55017,SLC12A3,G630A,0.901
P55017,SLC12A3,G630C,0.791
P55017,SLC12A3,G630D,0.72
P55017,SLC12A3,G630L,0.67
P55017,SLC12A3,G630F,0.644
P55017,SLC12A3,G630H,0.645
P55017,SLC12A3,G630I,0.685
P55017,SLC12A3,G630E,0.722
P55017,SLC12A3,L631Y,0.672
P55017,SLC12A3,L631W,0.63
P55017,SLC12A3,L631V,0.792
P55017,SLC12A3,L631T,0.681
P55017,SLC12A3,L631S,0.657
P55017,SLC12A3,L631R,0.64
P55017,SLC12A3,L631Q,0.672
P55017,SLC12A3,L631N,0.575
P55017,SLC12A3,L631M,0.838
P55017,SLC12A3,L631P,0.662
P55017,SLC12A3,L631I,0.82
P55017,SLC12A3,L631H,0.628
P55017,SLC12A3,L631G,0.534
P55017,SLC12A3,L631F,0.764
P55017,SLC12A3,L631E,0.58
P55017,SLC12A3,L631D,0.524
P55017,SLC12A3,L631C,0.648
P55017,SLC12A3,L631A,0.676
P55017,SLC12A3,L631K,0.612
P55017,SLC12A3,N632Q,0.853
P55017,SLC12A3,N632R,0.836
P55017,SLC12A3,N632S,0.941
P55017,SLC12A3,N632Y,0.82
P55017,SLC12A3,N632V,0.774
P55017,SLC12A3,N632W,0.718
P55017,SLC12A3,N632T,0.898
P55017,SLC12A3,N632M,0.81
P55017,SLC12A3,N632P,0.746
P55017,SLC12A3,N632L,0.778
P55017,SLC12A3,N632A,0.802
P55017,SLC12A3,N632C,0.782
P55017,SLC12A3,N632D,0.918
P55017,SLC12A3,N632E,0.822
P55017,SLC12A3,N632K,0.858
P55017,SLC12A3,N632G,0.874
P55017,SLC12A3,N632H,0.926
P55017,SLC12A3,N632I,0.812
P55017,SLC12A3,N632F,0.802
P55017,SLC12A3,E633N,0.934
P55017,SLC12A3,E633W,0.792
P55017,SLC12A3,E633V,0.903
P55017,SLC12A3,E633T,0.901
P55017,SLC12A3,E633S,0.918
P55017,SLC12A3,E633R,0.922
P55017,SLC12A3,E633Q,1.044
P55017,SLC12A3,E633P,0.883
P55017,SLC12A3,E633Y,0.84
P55017,SLC12A3,E633L,0.834
P55017,SLC12A3,E633K,0.999
P55017,SLC12A3,E633I,0.852
P55017,SLC12A3,E633H,0.928
P55017,SLC12A3,E633G,0.897
P55017,SLC12A3,E633F,0.806
P55017,SLC12A3,E633D,1.056
P55017,SLC12A3,E633C,0.769
P55017,SLC12A3,E633A,0.933
P55017,SLC12A3,E633M,0.871
P55017,SLC12A3,V634N,0.663
P55017,SLC12A3,V634P,0.685
P55017,SLC12A3,V634Q,0.684
P55017,SLC12A3,V634Y,0.694
P55017,SLC12A3,V634S,0.696
P55017,SLC12A3,V634T,0.8
P55017,SLC12A3,V634W,0.629
P55017,SLC12A3,V634R,0.652
P55017,SLC12A3,V634M,0.832
P55017,SLC12A3,V634L,0.816
P55017,SLC12A3,V634I,0.9
P55017,SLC12A3,V634A,0.786
P55017,SLC12A3,V634C,0.692
P55017,SLC12A3,V634D,0.674
P55017,SLC12A3,V634K,0.685
P55017,SLC12A3,V634F,0.742
P55017,SLC12A3,V634G,0.694
P55017,SLC12A3,V634H,0.635
P55017,SLC12A3,V634E,0.728
P55017,SLC12A3,E635Y,0.823
P55017,SLC12A3,E635W,0.778
P55017,SLC12A3,E635V,0.879
P55017,SLC12A3,E635T,0.885
P55017,SLC12A3,E635S,0.904
P55017,SLC12A3,E635R,0.912
P55017,SLC12A3,E635Q,1.033
P55017,SLC12A3,E635N,0.922
P55017,SLC12A3,E635P,0.868
P55017,SLC12A3,E635M,0.848
P55017,SLC12A3,E635K,0.99
P55017,SLC12A3,E635I,0.829
P55017,SLC12A3,E635H,0.915
P55017,SLC12A3,E635G,0.879
P55017,SLC12A3,E635F,0.784
P55017,SLC12A3,E635D,1.044
P55017,SLC12A3,E635C,0.758
P55017,SLC12A3,E635A,0.915
P55017,SLC12A3,E635L,0.808
P55017,SLC12A3,D636P,0.793
P55017,SLC12A3,D636Q,0.893
P55017,SLC12A3,D636R,0.798
P55017,SLC12A3,D636N,0.981
P55017,SLC12A3,D636T,0.865
P55017,SLC12A3,D636V,0.835
P55017,SLC12A3,D636W,0.728
P55017,SLC12A3,D636S,0.902
P55017,SLC12A3,D636Y,0.868
P55017,SLC12A3,D636M,0.812
P55017,SLC12A3,D636K,0.853
P55017,SLC12A3,D636A,0.872
P55017,SLC12A3,D636C,0.805
P55017,SLC12A3,D636E,1.016
P55017,SLC12A3,D636L,0.769
P55017,SLC12A3,D636G,0.911
P55017,SLC12A3,D636H,0.898
P55017,SLC12A3,D636I,0.819
P55017,SLC12A3,D636F,0.831
P55017,SLC12A3,H637N,0.833
P55017,SLC12A3,H637W,0.729
P55017,SLC12A3,H637V,0.671
P55017,SLC12A3,H637T,0.71
P55017,SLC12A3,H637S,0.733
P55017,SLC12A3,H637R,0.818
P55017,SLC12A3,H637Q,0.817
P55017,SLC12A3,H637P,0.722
P55017,SLC12A3,H637Y,0.866
P55017,SLC12A3,H637M,0.729
P55017,SLC12A3,H637K,0.739
P55017,SLC12A3,H637I,0.69
P55017,SLC12A3,H637G,0.695
P55017,SLC12A3,H637F,0.768
P55017,SLC12A3,H637E,0.758
P55017,SLC12A3,H637D,0.767
P55017,SLC12A3,H637C,0.725
P55017,SLC12A3,H637A,0.688
P55017,SLC12A3,H637L,0.726
P55017,SLC12A3,I638P,0.714
P55017,SLC12A3,I638Q,0.726
P55017,SLC12A3,I638R,0.76
P55017,SLC12A3,I638N,0.782
P55017,SLC12A3,I638T,0.858
P55017,SLC12A3,I638V,1.009
P55017,SLC12A3,I638W,0.72
P55017,SLC12A3,I638S,0.787
P55017,SLC12A3,I638M,0.929
P55017,SLC12A3,I638Y,0.808
P55017,SLC12A3,I638K,0.753
P55017,SLC12A3,I638A,0.818
P55017,SLC12A3,I638C,0.816
P55017,SLC12A3,I638D,0.694
P55017,SLC12A3,I638L,0.944
P55017,SLC12A3,I638F,0.864
P55017,SLC12A3,I638G,0.689
P55017,SLC12A3,I638H,0.742
P55017,SLC12A3,I638E,0.72
P55017,SLC12A3,K639Y,0.68
P55017,SLC12A3,K639W,0.688
P55017,SLC12A3,K639V,0.739
P55017,SLC12A3,K639T,0.776
P55017,SLC12A3,K639S,0.757
P55017,SLC12A3,K639R,0.875
P55017,SLC12A3,K639Q,0.834
P55017,SLC12A3,K639N,0.809
P55017,SLC12A3,K639M,0.804
P55017,SLC12A3,K639P,0.695
P55017,SLC12A3,K639I,0.736
P55017,SLC12A3,K639L,0.74
P55017,SLC12A3,K639C,0.668
P55017,SLC12A3,K639D,0.702
P55017,SLC12A3,K639E,0.822
P55017,SLC12A3,K639A,0.742
P55017,SLC12A3,K639G,0.686
P55017,SLC12A3,K639H,0.762
P55017,SLC12A3,K639F,0.665
P55017,SLC12A3,N640M,0.738
P55017,SLC12A3,N640Y,0.756
P55017,SLC12A3,N640W,0.646
P55017,SLC12A3,N640V,0.698
P55017,SLC12A3,N640T,0.824
P55017,SLC12A3,N640S,0.864
P55017,SLC12A3,N640R,0.785
P55017,SLC12A3,N640Q,0.794
P55017,SLC12A3,N640L,0.684
P55017,SLC12A3,N640P,0.683
P55017,SLC12A3,N640I,0.726
P55017,SLC12A3,N640C,0.714
P55017,SLC12A3,N640D,0.85
P55017,SLC12A3,N640E,0.76
P55017,SLC12A3,N640A,0.736
P55017,SLC12A3,N640G,0.792
P55017,SLC12A3,N640H,0.858
P55017,SLC12A3,N640F,0.712
P55017,SLC12A3,N640K,0.808
P55017,SLC12A3,Y641W,0.764
P55017,SLC12A3,Y641M,0.732
P55017,SLC12A3,Y641V,0.71
P55017,SLC12A3,Y641T,0.678
P55017,SLC12A3,Y641S,0.688
P55017,SLC12A3,Y641R,0.638
P55017,SLC12A3,Y641Q,0.716
P55017,SLC12A3,Y641P,0.642
P55017,SLC12A3,Y641N,0.678
P55017,SLC12A3,Y641L,0.748
P55017,SLC12A3,Y641I,0.716
P55017,SLC12A3,Y641H,0.852
P55017,SLC12A3,Y641G,0.596
P55017,SLC12A3,Y641F,0.922
P55017,SLC12A3,Y641E,0.647
P55017,SLC12A3,Y641D,0.641
P55017,SLC12A3,Y641C,0.741
P55017,SLC12A3,Y641A,0.678
P55017,SLC12A3,Y641K,0.633
P55017,SLC12A3,R642P,0.646
P55017,SLC12A3,R642Q,0.79
P55017,SLC12A3,R642S,0.695
P55017,SLC12A3,R642M,0.696
P55017,SLC12A3,R642V,0.614
P55017,SLC12A3,R642W,0.651
P55017,SLC12A3,R642Y,0.643
P55017,SLC12A3,R642T,0.698
P55017,SLC12A3,R642L,0.666
P55017,SLC12A3,R642N,0.726
P55017,SLC12A3,R642I,0.619
P55017,SLC12A3,R642A,0.652
P55017,SLC12A3,R642C,0.672
P55017,SLC12A3,R642D,0.597
P55017,SLC12A3,R642E,0.695
P55017,SLC12A3,R642K,0.828
P55017,SLC12A3,R642G,0.674
P55017,SLC12A3,R642H,0.764
P55017,SLC12A3,R642F,0.566
P55017,SLC12A3,P643Y,0.55
P55017,SLC12A3,P643W,0.418
P55017,SLC12A3,P643V,0.628
P55017,SLC12A3,P643T,0.601
P55017,SLC12A3,P643S,0.584
P55017,SLC12A3,P643R,0.468
P55017,SLC12A3,P643N,0.42
P55017,SLC12A3,P643M,0.652
P55017,SLC12A3,P643Q,0.552
P55017,SLC12A3,P643L,0.648
P55017,SLC12A3,P643I,0.6
P55017,SLC12A3,P643H,0.558
P55017,SLC12A3,P643G,0.468
P55017,SLC12A3,P643F,0.619
P55017,SLC12A3,P643E,0.465
P55017,SLC12A3,P643D,0.436
P55017,SLC12A3,P643C,0.641
P55017,SLC12A3,P643A,0.658
P55017,SLC12A3,P643K,0.438
P55017,SLC12A3,Q644N,0.489
P55017,SLC12A3,Q644P,0.526
P55017,SLC12A3,Q644R,0.613
P55017,SLC12A3,Q644M,0.654
P55017,SLC12A3,Q644T,0.5
P55017,SLC12A3,Q644V,0.528
P55017,SLC12A3,Q644W,0.584
P55017,SLC12A3,Q644S,0.511
P55017,SLC12A3,Q644Y,0.566
P55017,SLC12A3,Q644L,0.591
P55017,SLC12A3,Q644I,0.486
P55017,SLC12A3,Q644A,0.51
P55017,SLC12A3,Q644C,0.546
P55017,SLC12A3,Q644D,0.452
P55017,SLC12A3,Q644K,0.573
P55017,SLC12A3,Q644F,0.472
P55017,SLC12A3,Q644G,0.469
P55017,SLC12A3,Q644H,0.624
P55017,SLC12A3,Q644E,0.613
P55017,SLC12A3,C645N,0.293
P55017,SLC12A3,C645W,0.409
P55017,SLC12A3,C645V,0.512
P55017,SLC12A3,C645T,0.418
P55017,SLC12A3,C645S,0.426
P55017,SLC12A3,C645R,0.303
P55017,SLC12A3,C645Q,0.292
P55017,SLC12A3,C645P,0.218
P55017,SLC12A3,C645Y,0.407
P55017,SLC12A3,C645M,0.516
P55017,SLC12A3,C645K,0.224
P55017,SLC12A3,C645I,0.484
P55017,SLC12A3,C645H,0.324
P55017,SLC12A3,C645G,0.322
P55017,SLC12A3,C645F,0.481
P55017,SLC12A3,C645E,0.148
P55017,SLC12A3,C645D,0.25
P55017,SLC12A3,C645A,0.513
P55017,SLC12A3,C645L,0.515
P55017,SLC12A3,L646Q,0.378
P55017,SLC12A3,L646R,0.364
P55017,SLC12A3,L646S,0.378
P55017,SLC12A3,L646N,0.317
P55017,SLC12A3,L646V,0.661
P55017,SLC12A3,L646W,0.494
P55017,SLC12A3,L646Y,0.484
P55017,SLC12A3,L646T,0.446
P55017,SLC12A3,L646M,0.705
P55017,SLC12A3,L646P,0.334
P55017,SLC12A3,L646I,0.71
P55017,SLC12A3,L646A,0.469
P55017,SLC12A3,L646C,0.535
P55017,SLC12A3,L646D,0.196
P55017,SLC12A3,L646E,0.262
P55017,SLC12A3,L646K,0.34
P55017,SLC12A3,L646G,0.282
P55017,SLC12A3,L646H,0.336
P55017,SLC12A3,L646F,0.648
P55017,SLC12A3,V647Y,0.382
P55017,SLC12A3,V647W,0.295
P55017,SLC12A3,V647T,0.437
P55017,SLC12A3,V647S,0.304
P55017,SLC12A3,V647R,0.192
P55017,SLC12A3,V647Q,0.292
P55017,SLC12A3,V647P,0.271
P55017,SLC12A3,V647M,0.6
P55017,SLC12A3,V647L,0.621
P55017,SLC12A3,V647N,0.227
P55017,SLC12A3,V647I,0.696
P55017,SLC12A3,V647K,0.242
P55017,SLC12A3,V647C,0.496
P55017,SLC12A3,V647D,0.202
P55017,SLC12A3,V647E,0.276
P55017,SLC12A3,V647A,0.498
P55017,SLC12A3,V647G,0.301
P55017,SLC12A3,V647H,0.246
P55017,SLC12A3,V647F,0.506
P55017,SLC12A3,L648P,0.61
P55017,SLC12A3,L648W,0.628
P55017,SLC12A3,L648V,0.782
P55017,SLC12A3,L648T,0.632
P55017,SLC12A3,L648S,0.601
P55017,SLC12A3,L648R,0.594
P55017,SLC12A3,L648Y,0.649
P55017,SLC12A3,L648N,0.522
P55017,SLC12A3,L648Q,0.619
P55017,SLC12A3,L648M,0.832
P55017,SLC12A3,L648A,0.638
P55017,SLC12A3,L648C,0.626
P55017,SLC12A3,L648D,0.477
P55017,SLC12A3,L648E,0.526
P55017,SLC12A3,L648K,0.548
P55017,SLC12A3,L648G,0.487
P55017,SLC12A3,L648H,0.597
P55017,SLC12A3,L648I,0.821
P55017,SLC12A3,L648F,0.766
P55017,SLC12A3,T649M,0.679
P55017,SLC12A3,T649W,0.436
P55017,SLC12A3,T649V,0.697
P55017,SLC12A3,T649S,0.639
P55017,SLC12A3,T649R,0.481
P55017,SLC12A3,T649Q,0.493
P55017,SLC12A3,T649P,0.486
P55017,SLC12A3,T649N,0.556
P55017,SLC12A3,T649Y,0.528
P55017,SLC12A3,T649K,0.486
P55017,SLC12A3,T649I,0.688
P55017,SLC12A3,T649H,0.452
P55017,SLC12A3,T649G,0.481
P55017,SLC12A3,T649F,0.576
P55017,SLC12A3,T649E,0.432
P55017,SLC12A3,T649D,0.442
P55017,SLC12A3,T649C,0.656
P55017,SLC12A3,T649A,0.669
P55017,SLC12A3,T649L,0.66
P55017,SLC12A3,G650P,0.477
P55017,SLC12A3,G650Q,0.512
P55017,SLC12A3,G650R,0.556
P55017,SLC12A3,G650Y,0.466
P55017,SLC12A3,G650T,0.556
P55017,SLC12A3,G650V,0.594
P55017,SLC12A3,G650W,0.574
P55017,SLC12A3,G650S,0.674
P55017,SLC12A3,G650N,0.592
P55017,SLC12A3,G650M,0.583
P55017,SLC12A3,G650K,0.485
P55017,SLC12A3,G650A,0.733
P55017,SLC12A3,G650C,0.637
P55017,SLC12A3,G650D,0.552
P55017,SLC12A3,G650L,0.532
P55017,SLC12A3,G650F,0.536
P55017,SLC12A3,G650H,0.5
P55017,SLC12A3,G650I,0.54
P55017,SLC12A3,G650E,0.55
P55017,SLC12A3,P651Y,0.548
P55017,SLC12A3,P651W,0.396
P55017,SLC12A3,P651V,0.626
P55017,SLC12A3,P651T,0.651
P55017,SLC12A3,P651S,0.643
P55017,SLC12A3,P651R,0.514
P55017,SLC12A3,P651Q,0.6
P55017,SLC12A3,P651M,0.651
P55017,SLC12A3,P651N,0.493
P55017,SLC12A3,P651L,0.617
P55017,SLC12A3,P651I,0.56
P55017,SLC12A3,P651H,0.594
P55017,SLC12A3,P651G,0.523
P55017,SLC12A3,P651F,0.583
P55017,SLC12A3,P651E,0.533
P55017,SLC12A3,P651D,0.508
P55017,SLC12A3,P651C,0.653
P55017,SLC12A3,P651A,0.694
P55017,SLC12A3,P651K,0.506
P55017,SLC12A3,P652N,0.335
P55017,SLC12A3,P652Q,0.466
P55017,SLC12A3,P652R,0.364
P55017,SLC12A3,P652M,0.556
P55017,SLC12A3,P652T,0.524
P55017,SLC12A3,P652V,0.543
P55017,SLC12A3,P652W,0.302
P55017,SLC12A3,P652S,0.51
P55017,SLC12A3,P652Y,0.43
P55017,SLC12A3,P652L,0.559
P55017,SLC12A3,P652I,0.482
P55017,SLC12A3,P652A,0.58
P55017,SLC12A3,P652C,0.548
P55017,SLC12A3,P652D,0.362
P55017,SLC12A3,P652K,0.359
P55017,SLC12A3,P652F,0.508
P55017,SLC12A3,P652G,0.398
P55017,SLC12A3,P652H,0.456
P55017,SLC12A3,P652E,0.386
P55017,SLC12A3,N653M,0.656
P55017,SLC12A3,N653W,0.535
P55017,SLC12A3,N653V,0.613
P55017,SLC12A3,N653T,0.75
P55017,SLC12A3,N653S,0.794
P55017,SLC12A3,N653R,0.69
P55017,SLC12A3,N653Q,0.706
P55017,SLC12A3,N653P,0.603
P55017,SLC12A3,N653Y,0.657
P55017,SLC12A3,N653L,0.601
P55017,SLC12A3,N653I,0.634
P55017,SLC12A3,N653H,0.782
P55017,SLC12A3,N653G,0.726
P55017,SLC12A3,N653F,0.626
P55017,SLC12A3,N653E,0.678
P55017,SLC12A3,N653D,0.772
P55017,SLC12A3,N653C,0.624
P55017,SLC12A3,N653A,0.653
P55017,SLC12A3,N653K,0.718
P55017,SLC12A3,F654Y,0.92
P55017,SLC12A3,F654Q,0.592
P55017,SLC12A3,F654R,0.597
P55017,SLC12A3,F654N,0.618
P55017,SLC12A3,F654T,0.669
P55017,SLC12A3,F654V,0.782
P55017,SLC12A3,F654W,0.818
P55017,SLC12A3,F654S,0.704
P55017,SLC12A3,F654M,0.8
P55017,SLC12A3,F654P,0.526
P55017,SLC12A3,F654K,0.568
P55017,SLC12A3,F654A,0.668
P55017,SLC12A3,F654C,0.766
P55017,SLC12A3,F654D,0.57
P55017,SLC12A3,F654L,0.841
P55017,SLC12A3,F654G,0.591
P55017,SLC12A3,F654H,0.742
P55017,SLC12A3,F654I,0.812
P55017,SLC12A3,F654E,0.51
P55017,SLC12A3,R655Y,0.61
P55017,SLC12A3,R655W,0.628
P55017,SLC12A3,R655V,0.603
P55017,SLC12A3,R655T,0.639
P55017,SLC12A3,R655S,0.628
P55017,SLC12A3,R655Q,0.72
P55017,SLC12A3,R655P,0.583
P55017,SLC12A3,R655M,0.684
P55017,SLC12A3,R655L,0.678
P55017,SLC12A3,R655N,0.655
P55017,SLC12A3,R655I,0.618
P55017,SLC12A3,R655K,0.742
P55017,SLC12A3,R655C,0.648
P55017,SLC12A3,R655D,0.518
P55017,SLC12A3,R655E,0.613
P55017,SLC12A3,R655A,0.604
P55017,SLC12A3,R655G,0.617
P55017,SLC12A3,R655H,0.706
P55017,SLC12A3,R655F,0.56
P55017,SLC12A3,P656M,0.544
P55017,SLC12A3,P656W,0.306
P55017,SLC12A3,P656V,0.538
P55017,SLC12A3,P656T,0.552
P55017,SLC12A3,P656S,0.542
P55017,SLC12A3,P656R,0.41
P55017,SLC12A3,P656Q,0.492
P55017,SLC12A3,P656Y,0.458
P55017,SLC12A3,P656L,0.566
P55017,SLC12A3,P656N,0.374
P55017,SLC12A3,P656I,0.492
P55017,SLC12A3,P656A,0.606
P55017,SLC12A3,P656C,0.541
P55017,SLC12A3,P656D,0.389
P55017,SLC12A3,P656K,0.39
P55017,SLC12A3,P656F,0.51
P55017,SLC12A3,P656G,0.428
P55017,SLC12A3,P656H,0.482
P55017,SLC12A3,P656E,0.41
P55017,SLC12A3,A657N,0.498
P55017,SLC12A3,A657W,0.462
P55017,SLC12A3,A657V,0.756
P55017,SLC12A3,A657T,0.68
P55017,SLC12A3,A657S,0.692
P55017,SLC12A3,A657R,0.505
P55017,SLC12A3,A657Q,0.52
P55017,SLC12A3,A657P,0.539
P55017,SLC12A3,A657Y,0.552
P55017,SLC12A3,A657L,0.708
P55017,SLC12A3,A657K,0.478
P55017,SLC12A3,A657I,0.704
P55017,SLC12A3,A657H,0.513
P55017,SLC12A3,A657G,0.678
P55017,SLC12A3,A657F,0.633
P55017,SLC12A3,A657E,0.51
P55017,SLC12A3,A657D,0.464
P55017,SLC12A3,A657C,0.731
P55017,SLC12A3,A657M,0.694
P55017,SLC12A3,L658Q,0.437
P55017,SLC12A3,L658R,0.426
P55017,SLC12A3,L658S,0.436
P55017,SLC12A3,L658Y,0.523
P55017,SLC12A3,L658V,0.694
P55017,SLC12A3,L658W,0.525
P55017,SLC12A3,L658T,0.496
P55017,SLC12A3,L658N,0.383
P55017,SLC12A3,L658P,0.37
P55017,SLC12A3,L658M,0.738
P55017,SLC12A3,L658A,0.513
P55017,SLC12A3,L658C,0.572
P55017,SLC12A3,L658D,0.264
P55017,SLC12A3,L658E,0.326
P55017,SLC12A3,L658K,0.394
P55017,SLC12A3,L658G,0.34
P55017,SLC12A3,L658H,0.388
P55017,SLC12A3,L658I,0.74
P55017,SLC12A3,L658F,0.676
P55017,SLC12A3,V659Y,0.485
P55017,SLC12A3,V659W,0.43
P55017,SLC12A3,V659T,0.527
P55017,SLC12A3,V659S,0.399
P55017,SLC12A3,V659R,0.326
P55017,SLC12A3,V659Q,0.386
P55017,SLC12A3,V659P,0.37
P55017,SLC12A3,V659M,0.696
P55017,SLC12A3,V659L,0.718
P55017,SLC12A3,V659N,0.347
P55017,SLC12A3,V659I,0.79
P55017,SLC12A3,V659A,0.582
P55017,SLC12A3,V659C,0.581
P55017,SLC12A3,V659D,0.339
P55017,SLC12A3,V659K,0.341
P55017,SLC12A3,V659F,0.606
P55017,SLC12A3,V659G,0.416
P55017,SLC12A3,V659H,0.352
P55017,SLC12A3,V659E,0.396
P55017,SLC12A3,D660N,0.656
P55017,SLC12A3,D660W,0.442
P55017,SLC12A3,D660V,0.579
P55017,SLC12A3,D660T,0.532
P55017,SLC12A3,D660S,0.552
P55017,SLC12A3,D660R,0.426
P55017,SLC12A3,D660Q,0.566
P55017,SLC12A3,D660P,0.378
P55017,SLC12A3,D660Y,0.534
P55017,SLC12A3,D660L,0.522
P55017,SLC12A3,D660K,0.453
P55017,SLC12A3,D660A,0.55
P55017,SLC12A3,D660C,0.587
P55017,SLC12A3,D660E,0.662
P55017,SLC12A3,D660M,0.503
P55017,SLC12A3,D660G,0.534
P55017,SLC12A3,D660H,0.608
P55017,SLC12A3,D660I,0.571
P55017,SLC12A3,D660F,0.575
P55017,SLC12A3,F661N,0.402
P55017,SLC12A3,F661W,0.64
P55017,SLC12A3,F661V,0.618
P55017,SLC12A3,F661T,0.467
P55017,SLC12A3,F661S,0.497
P55017,SLC12A3,F661R,0.372
P55017,SLC12A3,F661Q,0.374
P55017,SLC12A3,F661P,0.318
P55017,SLC12A3,F661Y,0.734
P55017,SLC12A3,F661M,0.637
P55017,SLC12A3,F661K,0.346
P55017,SLC12A3,F661I,0.653
P55017,SLC12A3,F661H,0.543
P55017,SLC12A3,F661G,0.389
P55017,SLC12A3,F661E,0.29
P55017,SLC12A3,F661D,0.348
P55017,SLC12A3,F661C,0.592
P55017,SLC12A3,F661A,0.482
P55017,SLC12A3,F661L,0.69
P55017,SLC12A3,V662N,0.212
P55017,SLC12A3,V662P,0.264
P55017,SLC12A3,V662Q,0.275
P55017,SLC12A3,V662Y,0.342
P55017,SLC12A3,V662S,0.301
P55017,SLC12A3,V662T,0.446
P55017,SLC12A3,V662W,0.252
P55017,SLC12A3,V662R,0.174
P55017,SLC12A3,V662M,0.593
P55017,SLC12A3,V662K,0.231
P55017,SLC12A3,V662I,0.678
P55017,SLC12A3,V662A,0.502
P55017,SLC12A3,V662C,0.482
P55017,SLC12A3,V662D,0.197
P55017,SLC12A3,V662L,0.601
P55017,SLC12A3,V662F,0.452
P55017,SLC12A3,V662G,0.276
P55017,SLC12A3,V662H,0.218
P55017,SLC12A3,V662E,0.254
P55017,SLC12A3,G663Y,0.478
P55017,SLC12A3,G663W,0.589
P55017,SLC12A3,G663V,0.644
P55017,SLC12A3,G663T,0.604
P55017,SLC12A3,G663S,0.722
P55017,SLC12A3,G663R,0.599
P55017,SLC12A3,G663Q,0.554
P55017,SLC12A3,G663N,0.638
P55017,SLC12A3,G663M,0.639
P55017,SLC12A3,G663P,0.524
P55017,SLC12A3,G663K,0.539
P55017,SLC12A3,G663I,0.584
P55017,SLC12A3,G663H,0.522
P55017,SLC12A3,G663F,0.549
P55017,SLC12A3,G663E,0.593
P55017,SLC12A3,G663D,0.588
P55017,SLC12A3,G663C,0.684
P55017,SLC12A3,G663A,0.787
P55017,SLC12A3,G663L,0.571
P55017,SLC12A3,T664P,0.629
P55017,SLC12A3,T664Q,0.642
P55017,SLC12A3,T664R,0.629
P55017,SLC12A3,T664Y,0.671
P55017,SLC12A3,T664V,0.816
P55017,SLC12A3,T664W,0.559
P55017,SLC12A3,T664S,0.783
P55017,SLC12A3,T664M,0.802
P55017,SLC12A3,T664N,0.707
P55017,SLC12A3,T664L,0.775
P55017,SLC12A3,T664A,0.802
P55017,SLC12A3,T664C,0.773
P55017,SLC12A3,T664D,0.599
P55017,SLC12A3,T664E,0.592
P55017,SLC12A3,T664K,0.64
P55017,SLC12A3,T664G,0.618
P55017,SLC12A3,T664H,0.593
P55017,SLC12A3,T664I,0.803
P55017,SLC12A3,T664F,0.706
P55017,SLC12A3,F665N,0.346
P55017,SLC12A3,F665W,0.596
P55017,SLC12A3,F665V,0.573
P55017,SLC12A3,F665T,0.414
P55017,SLC12A3,F665S,0.442
P55017,SLC12A3,F665R,0.317
P55017,SLC12A3,F665Q,0.306
P55017,SLC12A3,F665P,0.242
P55017,SLC12A3,F665Y,0.684
P55017,SLC12A3,F665L,0.648
P55017,SLC12A3,F665K,0.284
P55017,SLC12A3,F665I,0.609
P55017,SLC12A3,F665H,0.489
P55017,SLC12A3,F665G,0.336
P55017,SLC12A3,F665E,0.216
P55017,SLC12A3,F665D,0.264
P55017,SLC12A3,F665C,0.55
P55017,SLC12A3,F665A,0.429
P55017,SLC12A3,F665M,0.589
P55017,SLC12A3,T666N,0.6
P55017,SLC12A3,T666P,0.525
P55017,SLC12A3,T666Q,0.518
P55017,SLC12A3,T666Y,0.525
P55017,SLC12A3,T666S,0.681
P55017,SLC12A3,T666V,0.723
P55017,SLC12A3,T666W,0.444
P55017,SLC12A3,T666R,0.498
P55017,SLC12A3,T666M,0.69
P55017,SLC12A3,T666K,0.522
P55017,SLC12A3,T666I,0.685
P55017,SLC12A3,T666A,0.706
P55017,SLC12A3,T666C,0.681
P55017,SLC12A3,T666D,0.474
P55017,SLC12A3,T666L,0.67
P55017,SLC12A3,T666F,0.576
P55017,SLC12A3,T666G,0.517
P55017,SLC12A3,T666H,0.46
P55017,SLC12A3,T666E,0.46
P55017,SLC12A3,R667Y,0.85
P55017,SLC12A3,R667W,0.869
P55017,SLC12A3,R667V,0.819
P55017,SLC12A3,R667T,0.903
P55017,SLC12A3,R667S,0.9
P55017,SLC12A3,R667Q,0.998
P55017,SLC12A3,R667P,0.85
P55017,SLC12A3,R667M,0.901
P55017,SLC12A3,R667N,0.933
P55017,SLC12A3,R667L,0.871
P55017,SLC12A3,R667I,0.825
P55017,SLC12A3,R667H,0.968
P55017,SLC12A3,R667G,0.878
P55017,SLC12A3,R667F,0.751
P55017,SLC12A3,R667E,0.888
P55017,SLC12A3,R667D,0.784
P55017,SLC12A3,R667C,0.883
P55017,SLC12A3,R667A,0.847
P55017,SLC12A3,R667K,1.031
P55017,SLC12A3,N668P,0.684
P55017,SLC12A3,N668Q,0.806
P55017,SLC12A3,N668R,0.79
P55017,SLC12A3,N668M,0.746
P55017,SLC12A3,N668T,0.836
P55017,SLC12A3,N668V,0.71
P55017,SLC12A3,N668W,0.655
P55017,SLC12A3,N668S,0.883
P55017,SLC12A3,N668Y,0.768
P55017,SLC12A3,N668K,0.818
P55017,SLC12A3,N668I,0.738
P55017,SLC12A3,N668A,0.748
P55017,SLC12A3,N668C,0.721
P55017,SLC12A3,N668D,0.868
P55017,SLC12A3,N668L,0.695
P55017,SLC12A3,N668F,0.722
P55017,SLC12A3,N668G,0.803
P55017,SLC12A3,N668H,0.866
P55017,SLC12A3,N668E,0.766
P55017,SLC12A3,L669N,0.78
P55017,SLC12A3,L669W,0.814
P55017,SLC12A3,L669V,0.948
P55017,SLC12A3,L669T,0.867
P55017,SLC12A3,L669S,0.85
P55017,SLC12A3,L669R,0.848
P55017,SLC12A3,L669Q,0.871
P55017,SLC12A3,L669P,0.851
P55017,SLC12A3,L669Y,0.85
P55017,SLC12A3,L669K,0.82
P55017,SLC12A3,L669I,0.976
P55017,SLC12A3,L669H,0.832
P55017,SLC12A3,L669G,0.716
P55017,SLC12A3,L669F,0.912
P55017,SLC12A3,L669E,0.786
P55017,SLC12A3,L669D,0.734
P55017,SLC12A3,L669C,0.81
P55017,SLC12A3,L669A,0.853
P55017,SLC12A3,L669M,0.999
P55017,SLC12A3,S670P,0.704
P55017,SLC12A3,S670Q,0.684
P55017,SLC12A3,S670R,0.667
P55017,SLC12A3,S670Y,0.661
P55017,SLC12A3,S670V,0.667
P55017,SLC12A3,S670W,0.583
P55017,SLC12A3,S670T,0.782
P55017,SLC12A3,S670M,0.694
P55017,SLC12A3,S670N,0.794
P55017,SLC12A3,S670L,0.693
P55017,SLC12A3,S670A,0.778
P55017,SLC12A3,S670C,0.714
P55017,SLC12A3,S670D,0.688
P55017,SLC12A3,S670E,0.654
P55017,SLC12A3,S670K,0.683
P55017,SLC12A3,S670G,0.742
P55017,SLC12A3,S670H,0.659
P55017,SLC12A3,S670I,0.673
P55017,SLC12A3,S670F,0.706
P55017,SLC12A3,L671Y,0.536
P55017,SLC12A3,L671W,0.513
P55017,SLC12A3,L671V,0.661
P55017,SLC12A3,L671T,0.522
P55017,SLC12A3,L671S,0.492
P55017,SLC12A3,L671R,0.483
P55017,SLC12A3,L671Q,0.51
P55017,SLC12A3,L671N,0.416
P55017,SLC12A3,L671M,0.712
P55017,SLC12A3,L671P,0.502
P55017,SLC12A3,L671I,0.698
P55017,SLC12A3,L671K,0.44
P55017,SLC12A3,L671C,0.512
P55017,SLC12A3,L671D,0.372
P55017,SLC12A3,L671E,0.418
P55017,SLC12A3,L671A,0.522
P55017,SLC12A3,L671G,0.378
P55017,SLC12A3,L671H,0.489
P55017,SLC12A3,L671F,0.649
P55017,SLC12A3,M672N,0.34
P55017,SLC12A3,M672Y,0.488
P55017,SLC12A3,M672W,0.505
P55017,SLC12A3,M672V,0.683
P55017,SLC12A3,M672T,0.486
P55017,SLC12A3,M672S,0.352
P55017,SLC12A3,M672R,0.366
P55017,SLC12A3,M672Q,0.432
P55017,SLC12A3,M672L,0.754
P55017,SLC12A3,M672P,0.278
P55017,SLC12A3,M672I,0.701
P55017,SLC12A3,M672C,0.518
P55017,SLC12A3,M672D,0.227
P55017,SLC12A3,M672E,0.311
P55017,SLC12A3,M672A,0.49
P55017,SLC12A3,M672G,0.364
P55017,SLC12A3,M672H,0.414
P55017,SLC12A3,M672F,0.618
P55017,SLC12A3,M672K,0.375
P55017,SLC12A3,I673Y,0.639
P55017,SLC12A3,I673N,0.538
P55017,SLC12A3,I673W,0.546
P55017,SLC12A3,I673V,0.863
P55017,SLC12A3,I673T,0.648
P55017,SLC12A3,I673S,0.559
P55017,SLC12A3,I673R,0.51
P55017,SLC12A3,I673Q,0.492
P55017,SLC12A3,I673P,0.504
P55017,SLC12A3,I673M,0.78
P55017,SLC12A3,I673K,0.492
P55017,SLC12A3,I673H,0.51
P55017,SLC12A3,I673G,0.472
P55017,SLC12A3,I673F,0.74
P55017,SLC12A3,I673E,0.482
P55017,SLC12A3,I673D,0.467
P55017,SLC12A3,I673C,0.638
P55017,SLC12A3,I673A,0.619
P55017,SLC12A3,I673L,0.831
P55017,SLC12A3,C674Q,0.344
P55017,SLC12A3,C674R,0.36
P55017,SLC12A3,C674S,0.503
P55017,SLC12A3,C674N,0.359
P55017,SLC12A3,C674V,0.572
P55017,SLC12A3,C674W,0.472
P55017,SLC12A3,C674Y,0.471
P55017,SLC12A3,C674T,0.482
P55017,SLC12A3,C674M,0.578
P55017,SLC12A3,C674P,0.276
P55017,SLC12A3,C674K,0.266
P55017,SLC12A3,C674A,0.57
P55017,SLC12A3,C674D,0.322
P55017,SLC12A3,C674E,0.212
P55017,SLC12A3,C674F,0.542
P55017,SLC12A3,C674L,0.578
P55017,SLC12A3,C674H,0.388
P55017,SLC12A3,C674I,0.551
P55017,SLC12A3,C674G,0.391
P55017,SLC12A3,G675Y,0.412
P55017,SLC12A3,G675W,0.52
P55017,SLC12A3,G675V,0.591
P55017,SLC12A3,G675T,0.534
P55017,SLC12A3,G675S,0.648
P55017,SLC12A3,G675R,0.512
P55017,SLC12A3,G675P,0.45
P55017,SLC12A3,G675N,0.56
P55017,SLC12A3,G675Q,0.474
P55017,SLC12A3,G675M,0.58
P55017,SLC12A3,G675K,0.454
P55017,SLC12A3,G675I,0.524
P55017,SLC12A3,G675H,0.446
P55017,SLC12A3,G675F,0.508
P55017,SLC12A3,G675E,0.504
P55017,SLC12A3,G675D,0.508
P55017,SLC12A3,G675C,0.619
P55017,SLC12A3,G675A,0.722
P55017,SLC12A3,G675L,0.516
P55017,SLC12A3,H676P,0.596
P55017,SLC12A3,H676Q,0.69
P55017,SLC12A3,H676R,0.691
P55017,SLC12A3,H676N,0.746
P55017,SLC12A3,H676T,0.599
P55017,SLC12A3,H676V,0.608
P55017,SLC12A3,H676W,0.636
P55017,SLC12A3,H676S,0.625
P55017,SLC12A3,H676Y,0.851
P55017,SLC12A3,H676M,0.644
P55017,SLC12A3,H676K,0.588
P55017,SLC12A3,H676A,0.584
P55017,SLC12A3,H676C,0.629
P55017,SLC12A3,H676D,0.62
P55017,SLC12A3,H676L,0.678
P55017,SLC12A3,H676F,0.75
P55017,SLC12A3,H676G,0.559
P55017,SLC12A3,H676I,0.639
P55017,SLC12A3,H676E,0.644
P55017,SLC12A3,V677M,0.783
P55017,SLC12A3,V677W,0.567
P55017,SLC12A3,V677T,0.69
P55017,SLC12A3,V677S,0.572
P55017,SLC12A3,V677R,0.532
P55017,SLC12A3,V677Q,0.56
P55017,SLC12A3,V677P,0.582
P55017,SLC12A3,V677N,0.532
P55017,SLC12A3,V677Y,0.631
P55017,SLC12A3,V677L,0.802
P55017,SLC12A3,V677I,0.871
P55017,SLC12A3,V677H,0.534
P55017,SLC12A3,V677G,0.582
P55017,SLC12A3,V677F,0.722
P55017,SLC12A3,V677E,0.588
P55017,SLC12A3,V677D,0.535
P55017,SLC12A3,V677C,0.631
P55017,SLC12A3,V677A,0.694
P55017,SLC12A3,V677K,0.548
P55017,SLC12A3,L678Y,0.782
P55017,SLC12A3,L678Q,0.758
P55017,SLC12A3,L678R,0.74
P55017,SLC12A3,L678N,0.668
P55017,SLC12A3,L678T,0.772
P55017,SLC12A3,L678V,0.902
P55017,SLC12A3,L678W,0.755
P55017,SLC12A3,L678S,0.744
P55017,SLC12A3,L678M,0.952
P55017,SLC12A3,L678P,0.747
P55017,SLC12A3,L678I,0.94
P55017,SLC12A3,L678A,0.765
P55017,SLC12A3,L678C,0.752
P55017,SLC12A3,L678D,0.629
P55017,SLC12A3,L678K,0.694
P55017,SLC12A3,L678F,0.887
P55017,SLC12A3,L678G,0.623
P55017,SLC12A3,L678H,0.74
P55017,SLC12A3,L678E,0.673
P55017,SLC12A3,I679Y,0.899
P55017,SLC12A3,I679W,0.798
P55017,SLC12A3,I679V,1.104
P55017,SLC12A3,I679T,0.924
P55017,SLC12A3,I679S,0.841
P55017,SLC12A3,I679R,0.802
P55017,SLC12A3,I679Q,0.78
P55017,SLC12A3,I679N,0.827
P55017,SLC12A3,I679M,1.021
P55017,SLC12A3,I679P,0.785
P55017,SLC12A3,I679K,0.794
P55017,SLC12A3,I679L,1.055
P55017,SLC12A3,I679C,0.887
P55017,SLC12A3,I679D,0.76
P55017,SLC12A3,I679E,0.778
P55017,SLC12A3,I679A,0.889
P55017,SLC12A3,I679G,0.746
P55017,SLC12A3,I679H,0.788
P55017,SLC12A3,I679F,0.969
P55017,SLC12A3,G680N,0.914
P55017,SLC12A3,G680W,0.817
P55017,SLC12A3,G680V,0.812
P55017,SLC12A3,G680T,0.82
P55017,SLC12A3,G680S,0.934
P55017,SLC12A3,G680R,0.845
P55017,SLC12A3,G680Q,0.814
P55017,SLC12A3,G680Y,0.764
P55017,SLC12A3,G680M,0.726
P55017,SLC12A3,G680P,0.79
P55017,SLC12A3,G680K,0.808
P55017,SLC12A3,G680A,0.913
P55017,SLC12A3,G680C,0.808
P55017,SLC12A3,G680D,0.888
P55017,SLC12A3,G680L,0.711
P55017,SLC12A3,G680F,0.785
P55017,SLC12A3,G680H,0.811
P55017,SLC12A3,G680I,0.735
P55017,SLC12A3,G680E,0.849
P55017,SLC12A3,P681M,0.826
P55017,SLC12A3,P681W,0.686
P55017,SLC12A3,P681V,0.826
P55017,SLC12A3,P681T,0.887
P55017,SLC12A3,P681S,0.893
P55017,SLC12A3,P681R,0.822
P55017,SLC12A3,P681Q,0.89
P55017,SLC12A3,P681N,0.803
P55017,SLC12A3,P681Y,0.774
P55017,SLC12A3,P681K,0.83
P55017,SLC12A3,P681I,0.787
P55017,SLC12A3,P681H,0.833
P55017,SLC12A3,P681G,0.79
P55017,SLC12A3,P681F,0.748
P55017,SLC12A3,P681E,0.836
P55017,SLC12A3,P681D,0.8
P55017,SLC12A3,P681C,0.746
P55017,SLC12A3,P681A,0.899
P55017,SLC12A3,P681L,0.842
P55017,SLC12A3,H682Q,1.068
P55017,SLC12A3,H682R,1.072
P55017,SLC12A3,H682S,0.977
P55017,SLC12A3,H682Y,1.12
P55017,SLC12A3,H682V,0.905
P55017,SLC12A3,H682W,0.961
P55017,SLC12A3,H682T,0.948
P55017,SLC12A3,H682N,1.086
P55017,SLC12A3,H682P,0.965
P55017,SLC12A3,H682M,0.972
P55017,SLC12A3,H682A,0.933
P55017,SLC12A3,H682C,0.967
P55017,SLC12A3,H682D,1.002
P55017,SLC12A3,H682E,0.998
P55017,SLC12A3,H682L,0.965
P55017,SLC12A3,H682G,0.938
P55017,SLC12A3,H682I,0.918
P55017,SLC12A3,H682K,0.987
P55017,SLC12A3,H682F,1.007
P55017,SLC12A3,K683Y,0.883
P55017,SLC12A3,K683W,0.871
P55017,SLC12A3,K683V,0.914
P55017,SLC12A3,K683T,0.98
P55017,SLC12A3,K683S,0.984
P55017,SLC12A3,K683R,1.102
P55017,SLC12A3,K683Q,1.054
P55017,SLC12A3,K683N,1.024
P55017,SLC12A3,K683M,0.986
P55017,SLC12A3,K683P,0.915
P55017,SLC12A3,K683I,0.904
P55017,SLC12A3,K683A,0.946
P55017,SLC12A3,K683C,0.844
P55017,SLC12A3,K683D,0.924
P55017,SLC12A3,K683L,0.906
P55017,SLC12A3,K683F,0.853
P55017,SLC12A3,K683G,0.895
P55017,SLC12A3,K683H,0.958
P55017,SLC12A3,K683E,1.047
P55017,SLC12A3,Q684M,0.937
P55017,SLC12A3,Q684W,0.82
P55017,SLC12A3,Q684V,0.857
P55017,SLC12A3,Q684T,0.893
P55017,SLC12A3,Q684S,0.905
P55017,SLC12A3,Q684R,0.986
P55017,SLC12A3,Q684P,0.904
P55017,SLC12A3,Q684N,0.922
P55017,SLC12A3,Q684Y,0.876
P55017,SLC12A3,Q684K,0.974
P55017,SLC12A3,Q684I,0.834
P55017,SLC12A3,Q684A,0.885
P55017,SLC12A3,Q684C,0.822
P55017,SLC12A3,Q684D,0.894
P55017,SLC12A3,Q684L,0.89
P55017,SLC12A3,Q684F,0.82
P55017,SLC12A3,Q684G,0.834
P55017,SLC12A3,Q684H,0.958
P55017,SLC12A3,Q684E,1.007
P55017,SLC12A3,R685M,0.989
P55017,SLC12A3,R685W,0.958
P55017,SLC12A3,R685V,0.908
P55017,SLC12A3,R685T,0.972
P55017,SLC12A3,R685S,0.965
P55017,SLC12A3,R685Q,1.058
P55017,SLC12A3,R685P,0.918
P55017,SLC12A3,R685N,0.994
P55017,SLC12A3,R685Y,0.926
P55017,SLC12A3,R685L,0.968
P55017,SLC12A3,R685I,0.922
P55017,SLC12A3,R685H,1.037
P55017,SLC12A3,R685G,0.947
P55017,SLC12A3,R685F,0.851
P55017,SLC12A3,R685E,0.946
P55017,SLC12A3,R685D,0.845
P55017,SLC12A3,R685C,0.974
P55017,SLC12A3,R685A,0.927
P55017,SLC12A3,R685K,1.094
P55017,SLC12A3,M686P,0.796
P55017,SLC12A3,M686Q,0.883
P55017,SLC12A3,M686R,0.86
P55017,SLC12A3,M686Y,0.8
P55017,SLC12A3,M686T,0.908
P55017,SLC12A3,M686V,0.986
P55017,SLC12A3,M686W,0.841
P55017,SLC12A3,M686S,0.854
P55017,SLC12A3,M686N,0.798
P55017,SLC12A3,M686K,0.855
P55017,SLC12A3,M686I,0.97
P55017,SLC12A3,M686A,0.869
P55017,SLC12A3,M686C,0.839
P55017,SLC12A3,M686D,0.706
P55017,SLC12A3,M686L,1.014
P55017,SLC12A3,M686F,0.887
P55017,SLC12A3,M686G,0.71
P55017,SLC12A3,M686H,0.776
P55017,SLC12A3,M686E,0.794
P55017,SLC12A3,P687Y,0.872
P55017,SLC12A3,P687W,0.76
P55017,SLC12A3,P687V,0.926
P55017,SLC12A3,P687T,0.992
P55017,SLC12A3,P687S,1.002
P55017,SLC12A3,P687R,0.925
P55017,SLC12A3,P687Q,0.997
P55017,SLC12A3,P687M,0.924
P55017,SLC12A3,P687L,0.94
P55017,SLC12A3,P687N,0.896
P55017,SLC12A3,P687I,0.882
P55017,SLC12A3,P687K,0.915
P55017,SLC12A3,P687C,0.849
P55017,SLC12A3,P687D,0.88
P55017,SLC12A3,P687E,0.927
P55017,SLC12A3,P687A,1.005
P55017,SLC12A3,P687G,0.884
P55017,SLC12A3,P687H,0.937
P55017,SLC12A3,P687F,0.839
P55017,SLC12A3,E688N,0.892
P55017,SLC12A3,E688W,0.765
P55017,SLC12A3,E688V,0.904
P55017,SLC12A3,E688T,0.875
P55017,SLC12A3,E688S,0.872
P55017,SLC12A3,E688R,0.873
P55017,SLC12A3,E688Q,1.014
P55017,SLC12A3,E688Y,0.821
P55017,SLC12A3,E688M,0.868
P55017,SLC12A3,E688P,0.839
P55017,SLC12A3,E688K,0.958
P55017,SLC12A3,E688A,0.916
P55017,SLC12A3,E688C,0.77
P55017,SLC12A3,E688D,1.024
P55017,SLC12A3,E688L,0.841
P55017,SLC12A3,E688G,0.874
P55017,SLC12A3,E688H,0.886
P55017,SLC12A3,E688I,0.862
P55017,SLC12A3,E688F,0.792
P55017,SLC12A3,L689N,0.765
P55017,SLC12A3,L689W,0.89
P55017,SLC12A3,L689V,1.047
P55017,SLC12A3,L689T,0.869
P55017,SLC12A3,L689S,0.822
P55017,SLC12A3,L689R,0.819
P55017,SLC12A3,L689Q,0.837
P55017,SLC12A3,L689P,0.801
P55017,SLC12A3,L689Y,0.882
P55017,SLC12A3,L689K,0.784
P55017,SLC12A3,L689I,1.083
P55017,SLC12A3,L689H,0.817
P55017,SLC12A3,L689G,0.718
P55017,SLC12A3,L689F,1.022
P55017,SLC12A3,L689E,0.724
P55017,SLC12A3,L689D,0.68
P55017,SLC12A3,L689C,0.922
P55017,SLC12A3,L689A,0.883
P55017,SLC12A3,L689M,1.098
P55017,SLC12A3,Q690P,1.056
P55017,SLC12A3,Q690R,1.134
P55017,SLC12A3,Q690S,1.034
P55017,SLC12A3,Q690Y,1.011
P55017,SLC12A3,Q690V,1.002
P55017,SLC12A3,Q690W,0.964
P55017,SLC12A3,Q690T,1.042
P55017,SLC12A3,Q690M,1.09
P55017,SLC12A3,Q690N,1.055
P55017,SLC12A3,Q690L,1.033
P55017,SLC12A3,Q690A,1.031
P55017,SLC12A3,Q690C,0.965
P55017,SLC12A3,Q690D,1.012
P55017,SLC12A3,Q690E,1.148
P55017,SLC12A3,Q690K,1.123
P55017,SLC12A3,Q690G,0.973
P55017,SLC12A3,Q690H,1.108
P55017,SLC12A3,Q690I,0.972
P55017,SLC12A3,Q690F,0.95
P55017,SLC12A3,L691Y,0.969
P55017,SLC12A3,L691W,0.964
P55017,SLC12A3,L691V,1.106
P55017,SLC12A3,L691T,1.0
P55017,SLC12A3,L691S,0.988
P55017,SLC12A3,L691R,0.98
P55017,SLC12A3,L691Q,1.015
P55017,SLC12A3,L691N,0.918
P55017,SLC12A3,L691M,1.156
P55017,SLC12A3,L691P,1.002
P55017,SLC12A3,L691I,1.12
P55017,SLC12A3,L691A,0.987
P55017,SLC12A3,L691C,0.96
P55017,SLC12A3,L691D,0.876
P55017,SLC12A3,L691K,0.944
P55017,SLC12A3,L691F,1.063
P55017,SLC12A3,L691G,0.86
P55017,SLC12A3,L691H,0.974
P55017,SLC12A3,L691E,0.917
P55017,SLC12A3,I692N,0.928
P55017,SLC12A3,I692W,0.873
P55017,SLC12A3,I692V,1.18
P55017,SLC12A3,I692T,1.022
P55017,SLC12A3,I692S,0.942
P55017,SLC12A3,I692R,0.901
P55017,SLC12A3,I692Q,0.876
P55017,SLC12A3,I692P,0.883
P55017,SLC12A3,I692Y,0.98
P55017,SLC12A3,I692L,1.124
P55017,SLC12A3,I692K,0.9
P55017,SLC12A3,I692A,0.977
P55017,SLC12A3,I692C,0.97
P55017,SLC12A3,I692D,0.861
P55017,SLC12A3,I692M,1.1
P55017,SLC12A3,I692F,1.038
P55017,SLC12A3,I692G,0.843
P55017,SLC12A3,I692H,0.884
P55017,SLC12A3,I692E,0.88
P55017,SLC12A3,A693N,0.804
P55017,SLC12A3,A693W,0.744
P55017,SLC12A3,A693V,1.013
P55017,SLC12A3,A693T,0.972
P55017,SLC12A3,A693S,0.993
P55017,SLC12A3,A693R,0.806
P55017,SLC12A3,A693Q,0.818
P55017,SLC12A3,A693P,0.839
P55017,SLC12A3,A693Y,0.834
P55017,SLC12A3,A693M,0.95
P55017,SLC12A3,A693K,0.791
P55017,SLC12A3,A693I,0.952
P55017,SLC12A3,A693H,0.806
P55017,SLC12A3,A693G,0.974
P55017,SLC12A3,A693F,0.868
P55017,SLC12A3,A693E,0.817
P55017,SLC12A3,A693D,0.779
P55017,SLC12A3,A693C,0.995
P55017,SLC12A3,A693L,0.941
P55017,SLC12A3,N694P,0.935
P55017,SLC12A3,N694Q,1.05
P55017,SLC12A3,N694R,1.03
P55017,SLC12A3,N694Y,0.992
P55017,SLC12A3,N694T,1.085
P55017,SLC12A3,N694V,0.937
P55017,SLC12A3,N694W,0.857
P55017,SLC12A3,N694S,1.133
P55017,SLC12A3,N694M,0.976
P55017,SLC12A3,N694L,0.922
P55017,SLC12A3,N694I,0.964
P55017,SLC12A3,N694A,0.984
P55017,SLC12A3,N694C,0.947
P55017,SLC12A3,N694D,1.117
P55017,SLC12A3,N694K,1.06
P55017,SLC12A3,N694F,0.948
P55017,SLC12A3,N694G,1.058
P55017,SLC12A3,N694H,1.115
P55017,SLC12A3,N694E,1.024
P55017,SLC12A3,G695Y,0.743
P55017,SLC12A3,G695W,0.801
P55017,SLC12A3,G695V,0.813
P55017,SLC12A3,G695T,0.818
P55017,SLC12A3,G695S,0.932
P55017,SLC12A3,G695R,0.83
P55017,SLC12A3,G695Q,0.806
P55017,SLC12A3,G695N,0.91
P55017,SLC12A3,G695M,0.721
P55017,SLC12A3,G695P,0.788
P55017,SLC12A3,G695K,0.803
P55017,SLC12A3,G695I,0.726
P55017,SLC12A3,G695H,0.8
P55017,SLC12A3,G695F,0.775
P55017,SLC12A3,G695E,0.843
P55017,SLC12A3,G695D,0.883
P55017,SLC12A3,G695C,0.807
P55017,SLC12A3,G695A,0.914
P55017,SLC12A3,G695L,0.707
P55017,SLC12A3,H696Q,0.689
P55017,SLC12A3,H696R,0.682
P55017,SLC12A3,H696S,0.624
P55017,SLC12A3,H696Y,0.848
P55017,SLC12A3,H696V,0.61
P55017,SLC12A3,H696W,0.634
P55017,SLC12A3,H696T,0.598
P55017,SLC12A3,H696N,0.742
P55017,SLC12A3,H696P,0.596
P55017,SLC12A3,H696M,0.645
P55017,SLC12A3,H696A,0.585
P55017,SLC12A3,H696C,0.63
P55017,SLC12A3,H696D,0.62
P55017,SLC12A3,H696E,0.646
P55017,SLC12A3,H696L,0.68
P55017,SLC12A3,H696G,0.56
P55017,SLC12A3,H696I,0.636
P55017,SLC12A3,H696K,0.582
P55017,SLC12A3,H696F,0.748
P55017,SLC12A3,T697M,0.874
P55017,SLC12A3,T697W,0.673
P55017,SLC12A3,T697V,0.88
P55017,SLC12A3,T697S,0.896
P55017,SLC12A3,T697R,0.79
P55017,SLC12A3,T697Q,0.782
P55017,SLC12A3,T697P,0.818
P55017,SLC12A3,T697N,0.859
P55017,SLC12A3,T697Y,0.739
P55017,SLC12A3,T697K,0.794
P55017,SLC12A3,T697I,0.862
P55017,SLC12A3,T697H,0.764
P55017,SLC12A3,T697G,0.764
P55017,SLC12A3,T697F,0.762
P55017,SLC12A3,T697E,0.768
P55017,SLC12A3,T697D,0.752
P55017,SLC12A3,T697C,0.784
P55017,SLC12A3,T697A,0.883
P55017,SLC12A3,T697L,0.816
P55017,SLC12A3,K698P,0.82
P55017,SLC12A3,K698Q,0.941
P55017,SLC12A3,K698R,0.984
P55017,SLC12A3,K698Y,0.771
P55017,SLC12A3,K698T,0.875
P55017,SLC12A3,K698V,0.824
P55017,SLC12A3,K698W,0.747
P55017,SLC12A3,K698S,0.876
P55017,SLC12A3,K698N,0.914
P55017,SLC12A3,K698M,0.894
P55017,SLC12A3,K698I,0.802
P55017,SLC12A3,K698A,0.844
P55017,SLC12A3,K698C,0.734
P55017,SLC12A3,K698D,0.818
P55017,SLC12A3,K698L,0.82
P55017,SLC12A3,K698F,0.753
P55017,SLC12A3,K698G,0.796
P55017,SLC12A3,K698H,0.848
P55017,SLC12A3,K698E,0.931
P55017,SLC12A3,W699Y,0.706
P55017,SLC12A3,W699V,0.52
P55017,SLC12A3,W699T,0.493
P55017,SLC12A3,W699S,0.469
P55017,SLC12A3,W699R,0.494
P55017,SLC12A3,W699Q,0.494
P55017,SLC12A3,W699P,0.323
P55017,SLC12A3,W699M,0.604
P55017,SLC12A3,W699N,0.351
P55017,SLC12A3,W699L,0.599
P55017,SLC12A3,W699I,0.468
P55017,SLC12A3,W699H,0.486
P55017,SLC12A3,W699G,0.546
P55017,SLC12A3,W699F,0.689
P55017,SLC12A3,W699E,0.425
P55017,SLC12A3,W699D,0.342
P55017,SLC12A3,W699C,0.612
P55017,SLC12A3,W699A,0.486
P55017,SLC12A3,W699K,0.436
P55017,SLC12A3,L700P,0.402
P55017,SLC12A3,L700Q,0.482
P55017,SLC12A3,L700R,0.468
P55017,SLC12A3,L700N,0.428
P55017,SLC12A3,L700T,0.55
P55017,SLC12A3,L700V,0.741
P55017,SLC12A3,L700W,0.55
P55017,SLC12A3,L700S,0.49
P55017,SLC12A3,L700Y,0.56
P55017,SLC12A3,L700M,0.784
P55017,SLC12A3,L700I,0.781
P55017,SLC12A3,L700A,0.567
P55017,SLC12A3,L700C,0.627
P55017,SLC12A3,L700D,0.308
P55017,SLC12A3,L700K,0.454
P55017,SLC12A3,L700F,0.714
P55017,SLC12A3,L700G,0.39
P55017,SLC12A3,L700H,0.434
P55017,SLC12A3,L700E,0.368
P55017,SLC12A3,N701M,0.833
P55017,SLC12A3,N701W,0.716
P55017,SLC12A3,N701V,0.794
P55017,SLC12A3,N701T,0.949
P55017,SLC12A3,N701S,0.998
P55017,SLC12A3,N701R,0.896
P55017,SLC12A3,N701Q,0.912
P55017,SLC12A3,N701P,0.8
P55017,SLC12A3,N701Y,0.846
P55017,SLC12A3,N701L,0.772
P55017,SLC12A3,N701I,0.828
P55017,SLC12A3,N701H,0.977
P55017,SLC12A3,N701G,0.923
P55017,SLC12A3,N701F,0.799
P55017,SLC12A3,N701E,0.885
P55017,SLC12A3,N701D,0.978
P55017,SLC12A3,N701C,0.818
P55017,SLC12A3,N701A,0.848
P55017,SLC12A3,N701K,0.93
P55017,SLC12A3,K702P,0.663
P55017,SLC12A3,K702Q,0.78
P55017,SLC12A3,K702R,0.824
P55017,SLC12A3,K702Y,0.604
P55017,SLC12A3,K702T,0.716
P55017,SLC12A3,K702V,0.658
P55017,SLC12A3,K702W,0.576
P55017,SLC12A3,K702S,0.718
P55017,SLC12A3,K702N,0.754
P55017,SLC12A3,K702M,0.727
P55017,SLC12A3,K702I,0.633
P55017,SLC12A3,K702A,0.684
P55017,SLC12A3,K702C,0.569
P55017,SLC12A3,K702D,0.659
P55017,SLC12A3,K702L,0.65
P55017,SLC12A3,K702F,0.581
P55017,SLC12A3,K702G,0.637
P55017,SLC12A3,K702H,0.685
P55017,SLC12A3,K702E,0.774
P55017,SLC12A3,R703Y,0.58
P55017,SLC12A3,R703W,0.644
P55017,SLC12A3,R703V,0.609
P55017,SLC12A3,R703T,0.606
P55017,SLC12A3,R703S,0.583
P55017,SLC12A3,R703Q,0.689
P55017,SLC12A3,R703P,0.477
P55017,SLC12A3,R703M,0.724
P55017,SLC12A3,R703L,0.7
P55017,SLC12A3,R703N,0.601
P55017,SLC12A3,R703I,0.633
P55017,SLC12A3,R703K,0.712
P55017,SLC12A3,R703C,0.654
P55017,SLC12A3,R703D,0.458
P55017,SLC12A3,R703E,0.532
P55017,SLC12A3,R703A,0.601
P55017,SLC12A3,R703G,0.565
P55017,SLC12A3,R703H,0.711
P55017,SLC12A3,R703F,0.576
P55017,SLC12A3,K704N,0.857
P55017,SLC12A3,K704Y,0.707
P55017,SLC12A3,K704W,0.68
P55017,SLC12A3,K704V,0.747
P55017,SLC12A3,K704T,0.812
P55017,SLC12A3,K704S,0.817
P55017,SLC12A3,K704R,0.932
P55017,SLC12A3,K704Q,0.887
P55017,SLC12A3,K704M,0.819
P55017,SLC12A3,K704P,0.76
P55017,SLC12A3,K704I,0.727
P55017,SLC12A3,K704C,0.66
P55017,SLC12A3,K704D,0.764
P55017,SLC12A3,K704E,0.88
P55017,SLC12A3,K704A,0.779
P55017,SLC12A3,K704G,0.73
P55017,SLC12A3,K704H,0.79
P55017,SLC12A3,K704F,0.674
P55017,SLC12A3,K704L,0.736
P55017,SLC12A3,I705Y,0.74
P55017,SLC12A3,I705N,0.64
P55017,SLC12A3,I705W,0.647
P55017,SLC12A3,I705V,0.956
P55017,SLC12A3,I705T,0.749
P55017,SLC12A3,I705S,0.658
P55017,SLC12A3,I705R,0.613
P55017,SLC12A3,I705Q,0.592
P55017,SLC12A3,I705P,0.602
P55017,SLC12A3,I705M,0.872
P55017,SLC12A3,I705K,0.594
P55017,SLC12A3,I705H,0.612
P55017,SLC12A3,I705G,0.57
P55017,SLC12A3,I705F,0.837
P55017,SLC12A3,I705E,0.586
P55017,SLC12A3,I705D,0.57
P55017,SLC12A3,I705C,0.732
P55017,SLC12A3,I705A,0.716
P55017,SLC12A3,I705L,0.927
P55017,SLC12A3,K706Q,0.879
P55017,SLC12A3,K706R,0.924
P55017,SLC12A3,K706S,0.809
P55017,SLC12A3,K706N,0.849
P55017,SLC12A3,K706V,0.746
P55017,SLC12A3,K706W,0.704
P55017,SLC12A3,K706Y,0.714
P55017,SLC12A3,K706T,0.806
P55017,SLC12A3,K706M,0.818
P55017,SLC12A3,K706P,0.752
P55017,SLC12A3,K706I,0.738
P55017,SLC12A3,K706A,0.773
P55017,SLC12A3,K706C,0.675
P55017,SLC12A3,K706D,0.756
P55017,SLC12A3,K706E,0.871
P55017,SLC12A3,K706L,0.744
P55017,SLC12A3,K706G,0.723
P55017,SLC12A3,K706H,0.784
P55017,SLC12A3,K706F,0.692
P55017,SLC12A3,A707Y,0.646
P55017,SLC12A3,A707W,0.598
P55017,SLC12A3,A707V,0.8
P55017,SLC12A3,A707T,0.771
P55017,SLC12A3,A707S,0.775
P55017,SLC12A3,A707R,0.634
P55017,SLC12A3,A707P,0.714
P55017,SLC12A3,A707N,0.639
P55017,SLC12A3,A707Q,0.664
P55017,SLC12A3,A707M,0.736
P55017,SLC12A3,A707K,0.644
P55017,SLC12A3,A707I,0.726
P55017,SLC12A3,A707H,0.617
P55017,SLC12A3,A707G,0.734
P55017,SLC12A3,A707F,0.674
P55017,SLC12A3,A707E,0.68
P55017,SLC12A3,A707D,0.635
P55017,SLC12A3,A707C,0.74
P55017,SLC12A3,A707L,0.722
P55017,SLC12A3,F708P,0.55
P55017,SLC12A3,F708Q,0.606
P55017,SLC12A3,F708R,0.591
P55017,SLC12A3,F708N,0.569
P55017,SLC12A3,F708T,0.638
P55017,SLC12A3,F708V,0.688
P55017,SLC12A3,F708W,0.696
P55017,SLC12A3,F708S,0.646
P55017,SLC12A3,F708Y,0.836
P55017,SLC12A3,F708M,0.696
P55017,SLC12A3,F708K,0.574
P55017,SLC12A3,F708A,0.638
P55017,SLC12A3,F708C,0.651
P55017,SLC12A3,F708D,0.597
P55017,SLC12A3,F708L,0.746
P55017,SLC12A3,F708G,0.552
P55017,SLC12A3,F708H,0.664
P55017,SLC12A3,F708I,0.724
P55017,SLC12A3,F708E,0.56
P55017,SLC12A3,Y709M,0.684
P55017,SLC12A3,Y709V,0.658
P55017,SLC12A3,Y709T,0.617
P55017,SLC12A3,Y709S,0.626
P55017,SLC12A3,Y709R,0.574
P55017,SLC12A3,Y709Q,0.649
P55017,SLC12A3,Y709P,0.579
P55017,SLC12A3,Y709N,0.614
P55017,SLC12A3,Y709W,0.718
P55017,SLC12A3,Y709L,0.706
P55017,SLC12A3,Y709I,0.671
P55017,SLC12A3,Y709H,0.801
P55017,SLC12A3,Y709G,0.535
P55017,SLC12A3,Y709F,0.882
P55017,SLC12A3,Y709E,0.578
P55017,SLC12A3,Y709D,0.579
P55017,SLC12A3,Y709C,0.694
P55017,SLC12A3,Y709A,0.616
P55017,SLC12A3,Y709K,0.562
P55017,SLC12A3,S710Y,0.812
P55017,SLC12A3,S710P,0.842
P55017,SLC12A3,S710Q,0.82
P55017,SLC12A3,S710M,0.854
P55017,SLC12A3,S710T,0.928
P55017,SLC12A3,S710V,0.824
P55017,SLC12A3,S710W,0.742
P55017,SLC12A3,S710R,0.805
P55017,SLC12A3,S710L,0.856
P55017,SLC12A3,S710N,0.935
P55017,SLC12A3,S710I,0.838
P55017,SLC12A3,S710A,0.934
P55017,SLC12A3,S710C,0.872
P55017,SLC12A3,S710D,0.812
P55017,SLC12A3,S710K,0.816
P55017,SLC12A3,S710F,0.869
P55017,SLC12A3,S710G,0.881
P55017,SLC12A3,S710H,0.8
P55017,SLC12A3,S710E,0.789
P55017,SLC12A3,D711Y,0.86
P55017,SLC12A3,D711W,0.742
P55017,SLC12A3,D711V,0.855
P55017,SLC12A3,D711T,0.868
P55017,SLC12A3,D711S,0.906
P55017,SLC12A3,D711R,0.789
P55017,SLC12A3,D711Q,0.887
P55017,SLC12A3,D711N,0.974
P55017,SLC12A3,D711M,0.84
P55017,SLC12A3,D711P,0.832
P55017,SLC12A3,D711K,0.838
P55017,SLC12A3,D711I,0.843
P55017,SLC12A3,D711H,0.884
P55017,SLC12A3,D711G,0.911
P55017,SLC12A3,D711F,0.862
P55017,SLC12A3,D711E,1.008
P55017,SLC12A3,D711C,0.808
P55017,SLC12A3,D711A,0.872
P55017,SLC12A3,D711L,0.813
P55017,SLC12A3,V712P,0.624
P55017,SLC12A3,V712Q,0.601
P55017,SLC12A3,V712R,0.574
P55017,SLC12A3,V712Y,0.661
P55017,SLC12A3,V712T,0.732
P55017,SLC12A3,V712W,0.59
P55017,SLC12A3,V712S,0.618
P55017,SLC12A3,V712M,0.808
P55017,SLC12A3,V712N,0.578
P55017,SLC12A3,V712L,0.82
P55017,SLC12A3,V712A,0.73
P55017,SLC12A3,V712C,0.661
P55017,SLC12A3,V712D,0.585
P55017,SLC12A3,V712E,0.636
P55017,SLC12A3,V712K,0.595
P55017,SLC12A3,V712G,0.626
P55017,SLC12A3,V712H,0.573
P55017,SLC12A3,V712I,0.89
P55017,SLC12A3,V712F,0.742
P55017,SLC12A3,I713N,0.868
P55017,SLC12A3,I713W,0.848
P55017,SLC12A3,I713V,1.174
P55017,SLC12A3,I713T,0.987
P55017,SLC12A3,I713S,0.878
P55017,SLC12A3,I713R,0.838
P55017,SLC12A3,I713Q,0.818
P55017,SLC12A3,I713P,0.825
P55017,SLC12A3,I713Y,0.944
P55017,SLC12A3,I713L,1.108
P55017,SLC12A3,I713K,0.828
P55017,SLC12A3,I713H,0.831
P55017,SLC12A3,I713G,0.783
P55017,SLC12A3,I713F,1.023
P55017,SLC12A3,I713E,0.816
P55017,SLC12A3,I713D,0.796
P55017,SLC12A3,I713C,0.934
P55017,SLC12A3,I713A,0.928
P55017,SLC12A3,I713M,1.085
P55017,SLC12A3,A714P,0.753
P55017,SLC12A3,A714Q,0.701
P55017,SLC12A3,A714R,0.676
P55017,SLC12A3,A714Y,0.706
P55017,SLC12A3,A714T,0.816
P55017,SLC12A3,A714V,0.866
P55017,SLC12A3,A714W,0.657
P55017,SLC12A3,A714S,0.815
P55017,SLC12A3,A714N,0.677
P55017,SLC12A3,A714L,0.804
P55017,SLC12A3,A714K,0.676
P55017,SLC12A3,A714C,0.794
P55017,SLC12A3,A714D,0.674
P55017,SLC12A3,A714E,0.717
P55017,SLC12A3,A714M,0.798
P55017,SLC12A3,A714G,0.778
P55017,SLC12A3,A714H,0.662
P55017,SLC12A3,A714I,0.798
P55017,SLC12A3,A714F,0.75
P55017,SLC12A3,E715Y,0.855
P55017,SLC12A3,E715W,0.806
P55017,SLC12A3,E715V,0.912
P55017,SLC12A3,E715T,0.912
P55017,SLC12A3,E715S,0.929
P55017,SLC12A3,E715R,0.935
P55017,SLC12A3,E715Q,1.058
P55017,SLC12A3,E715N,0.946
P55017,SLC12A3,E715P,0.894
P55017,SLC12A3,E715M,0.882
P55017,SLC12A3,E715K,1.008
P55017,SLC12A3,E715I,0.865
P55017,SLC12A3,E715H,0.942
P55017,SLC12A3,E715G,0.905
P55017,SLC12A3,E715F,0.818
P55017,SLC12A3,E715D,1.073
P55017,SLC12A3,E715C,0.777
P55017,SLC12A3,E715A,0.942
P55017,SLC12A3,E715L,0.846
P55017,SLC12A3,D716P,0.712
P55017,SLC12A3,D716Q,0.77
P55017,SLC12A3,D716R,0.674
P55017,SLC12A3,D716N,0.863
P55017,SLC12A3,D716T,0.751
P55017,SLC12A3,D716V,0.716
P55017,SLC12A3,D716W,0.598
P55017,SLC12A3,D716S,0.792
P55017,SLC12A3,D716Y,0.731
P55017,SLC12A3,D716L,0.667
P55017,SLC12A3,D716K,0.728
P55017,SLC12A3,D716A,0.748
P55017,SLC12A3,D716C,0.674
P55017,SLC12A3,D716E,0.896
P55017,SLC12A3,D716M,0.698
P55017,SLC12A3,D716G,0.796
P55017,SLC12A3,D716H,0.762
P55017,SLC12A3,D716I,0.7
P55017,SLC12A3,D716F,0.716
P55017,SLC12A3,L717N,0.572
P55017,SLC12A3,L717W,0.664
P55017,SLC12A3,L717V,0.811
P55017,SLC12A3,L717T,0.678
P55017,SLC12A3,L717S,0.65
P55017,SLC12A3,L717R,0.648
P55017,SLC12A3,L717Q,0.668
P55017,SLC12A3,L717P,0.656
P55017,SLC12A3,L717Y,0.689
P55017,SLC12A3,L717K,0.605
P55017,SLC12A3,L717I,0.85
P55017,SLC12A3,L717H,0.645
P55017,SLC12A3,L717G,0.53
P55017,SLC12A3,L717F,0.794
P55017,SLC12A3,L717E,0.578
P55017,SLC12A3,L717D,0.529
P55017,SLC12A3,L717C,0.661
P55017,SLC12A3,L717A,0.678
P55017,SLC12A3,L717M,0.858
P55017,SLC12A3,R718P,0.45
P55017,SLC12A3,R718Q,0.687
P55017,SLC12A3,R718S,0.582
P55017,SLC12A3,R718Y,0.548
P55017,SLC12A3,R718V,0.56
P55017,SLC12A3,R718W,0.574
P55017,SLC12A3,R718T,0.598
P55017,SLC12A3,R718M,0.681
P55017,SLC12A3,R718N,0.602
P55017,SLC12A3,R718L,0.642
P55017,SLC12A3,R718A,0.584
P55017,SLC12A3,R718C,0.581
P55017,SLC12A3,R718D,0.462
P55017,SLC12A3,R718E,0.531
P55017,SLC12A3,R718K,0.722
P55017,SLC12A3,R718G,0.552
P55017,SLC12A3,R718H,0.7
P55017,SLC12A3,R718I,0.568
P55017,SLC12A3,R718F,0.516
P55017,SLC12A3,R719Y,0.888
P55017,SLC12A3,R719W,0.936
P55017,SLC12A3,R719V,0.871
P55017,SLC12A3,R719T,0.962
P55017,SLC12A3,R719S,0.956
P55017,SLC12A3,R719Q,1.072
P55017,SLC12A3,R719P,0.886
P55017,SLC12A3,R719M,0.97
P55017,SLC12A3,R719L,0.934
P55017,SLC12A3,R719N,0.98
P55017,SLC12A3,R719I,0.881
P55017,SLC12A3,R719K,1.118
P55017,SLC12A3,R719C,0.975
P55017,SLC12A3,R719D,0.816
P55017,SLC12A3,R719E,0.915
P55017,SLC12A3,R719A,0.886
P55017,SLC12A3,R719G,0.946
P55017,SLC12A3,R719H,1.058
P55017,SLC12A3,R719F,0.809
P55017,SLC12A3,G720N,0.524
P55017,SLC12A3,G720Y,0.401
P55017,SLC12A3,G720W,0.501
P55017,SLC12A3,G720V,0.574
P55017,SLC12A3,G720T,0.487
P55017,SLC12A3,G720S,0.622
P55017,SLC12A3,G720R,0.486
P55017,SLC12A3,G720Q,0.431
P55017,SLC12A3,G720M,0.526
P55017,SLC12A3,G720P,0.406
P55017,SLC12A3,G720K,0.412
P55017,SLC12A3,G720C,0.594
P55017,SLC12A3,G720D,0.466
P55017,SLC12A3,G720E,0.467
P55017,SLC12A3,G720A,0.704
P55017,SLC12A3,G720H,0.421
P55017,SLC12A3,G720I,0.518
P55017,SLC12A3,G720F,0.5
P55017,SLC12A3,G720L,0.504
P55017,SLC12A3,V721Y,0.57
P55017,SLC12A3,V721M,0.786
P55017,SLC12A3,V721W,0.506
P55017,SLC12A3,V721T,0.626
P55017,SLC12A3,V721S,0.493
P55017,SLC12A3,V721R,0.405
P55017,SLC12A3,V721Q,0.483
P55017,SLC12A3,V721P,0.456
P55017,SLC12A3,V721N,0.424
P55017,SLC12A3,V721L,0.802
P55017,SLC12A3,V721I,0.878
P55017,SLC12A3,V721H,0.442
P55017,SLC12A3,V721G,0.491
P55017,SLC12A3,V721F,0.686
P55017,SLC12A3,V721E,0.462
P55017,SLC12A3,V721D,0.396
P55017,SLC12A3,V721C,0.67
P55017,SLC12A3,V721A,0.688
P55017,SLC12A3,V721K,0.428
P55017,SLC12A3,Q722Y,0.671
P55017,SLC12A3,Q722P,0.628
P55017,SLC12A3,Q722R,0.724
P55017,SLC12A3,Q722M,0.733
P55017,SLC12A3,Q722T,0.6
P55017,SLC12A3,Q722V,0.607
P55017,SLC12A3,Q722W,0.688
P55017,SLC12A3,Q722S,0.617
P55017,SLC12A3,Q722L,0.653
P55017,SLC12A3,Q722N,0.598
P55017,SLC12A3,Q722I,0.566
P55017,SLC12A3,Q722A,0.604
P55017,SLC12A3,Q722C,0.619
P55017,SLC12A3,Q722D,0.566
P55017,SLC12A3,Q722K,0.687
P55017,SLC12A3,Q722F,0.558
P55017,SLC12A3,Q722G,0.568
P55017,SLC12A3,Q722H,0.728
P55017,SLC12A3,Q722E,0.726
P55017,SLC12A3,I723Y,0.843
P55017,SLC12A3,I723W,0.744
P55017,SLC12A3,I723V,1.083
P55017,SLC12A3,I723T,0.897
P55017,SLC12A3,I723S,0.788
P55017,SLC12A3,I723R,0.74
P55017,SLC12A3,I723Q,0.721
P55017,SLC12A3,I723N,0.777
P55017,SLC12A3,I723M,0.989
P55017,SLC12A3,I723P,0.73
P55017,SLC12A3,I723K,0.736
P55017,SLC12A3,I723H,0.73
P55017,SLC12A3,I723G,0.698
P55017,SLC12A3,I723F,0.92
P55017,SLC12A3,I723E,0.718
P55017,SLC12A3,I723D,0.703
P55017,SLC12A3,I723C,0.839
P55017,SLC12A3,I723A,0.84
P55017,SLC12A3,I723L,1.01
P55017,SLC12A3,L724Q,0.369
P55017,SLC12A3,L724R,0.36
P55017,SLC12A3,L724S,0.382
P55017,SLC12A3,L724Y,0.482
P55017,SLC12A3,L724V,0.686
P55017,SLC12A3,L724W,0.476
P55017,SLC12A3,L724T,0.466
P55017,SLC12A3,L724N,0.318
P55017,SLC12A3,L724P,0.307
P55017,SLC12A3,L724M,0.726
P55017,SLC12A3,L724A,0.494
P55017,SLC12A3,L724C,0.562
P55017,SLC12A3,L724D,0.2
P55017,SLC12A3,L724E,0.252
P55017,SLC12A3,L724K,0.342
P55017,SLC12A3,L724G,0.286
P55017,SLC12A3,L724H,0.324
P55017,SLC12A3,L724I,0.731
P55017,SLC12A3,L724F,0.659
P55017,SLC12A3,M725N,0.494
P55017,SLC12A3,M725W,0.622
P55017,SLC12A3,M725V,0.802
P55017,SLC12A3,M725T,0.633
P55017,SLC12A3,M725S,0.503
P55017,SLC12A3,M725R,0.518
P55017,SLC12A3,M725Q,0.583
P55017,SLC12A3,M725P,0.426
P55017,SLC12A3,M725Y,0.615
P55017,SLC12A3,M725K,0.54
P55017,SLC12A3,M725I,0.81
P55017,SLC12A3,M725H,0.554
P55017,SLC12A3,M725G,0.512
P55017,SLC12A3,M725F,0.722
P55017,SLC12A3,M725E,0.471
P55017,SLC12A3,M725D,0.384
P55017,SLC12A3,M725C,0.632
P55017,SLC12A3,M725A,0.631
P55017,SLC12A3,M725L,0.857
P55017,SLC12A3,Q726N,0.77
P55017,SLC12A3,Q726P,0.756
P55017,SLC12A3,Q726R,0.834
P55017,SLC12A3,Q726Y,0.712
P55017,SLC12A3,Q726T,0.744
P55017,SLC12A3,Q726V,0.705
P55017,SLC12A3,Q726W,0.617
P55017,SLC12A3,Q726S,0.756
P55017,SLC12A3,Q726M,0.791
P55017,SLC12A3,Q726K,0.823
P55017,SLC12A3,Q726I,0.664
P55017,SLC12A3,Q726A,0.738
P55017,SLC12A3,Q726C,0.65
P55017,SLC12A3,Q726D,0.744
P55017,SLC12A3,Q726L,0.732
P55017,SLC12A3,Q726F,0.649
P55017,SLC12A3,Q726G,0.683
P55017,SLC12A3,Q726H,0.808
P55017,SLC12A3,Q726E,0.855
P55017,SLC12A3,A727Y,0.698
P55017,SLC12A3,A727W,0.652
P55017,SLC12A3,A727V,0.836
P55017,SLC12A3,A727T,0.841
P55017,SLC12A3,A727S,0.852
P55017,SLC12A3,A727R,0.715
P55017,SLC12A3,A727Q,0.742
P55017,SLC12A3,A727N,0.721
P55017,SLC12A3,A727M,0.772
P55017,SLC12A3,A727P,0.786
P55017,SLC12A3,A727K,0.734
P55017,SLC12A3,A727I,0.755
P55017,SLC12A3,A727H,0.685
P55017,SLC12A3,A727G,0.804
P55017,SLC12A3,A727F,0.698
P55017,SLC12A3,A727E,0.766
P55017,SLC12A3,A727D,0.722
P55017,SLC12A3,A727C,0.78
P55017,SLC12A3,A727L,0.744
P55017,SLC12A3,A728Q,0.722
P55017,SLC12A3,A728R,0.694
P55017,SLC12A3,A728S,0.834
P55017,SLC12A3,A728Y,0.712
P55017,SLC12A3,A728V,0.867
P55017,SLC12A3,A728W,0.661
P55017,SLC12A3,A728T,0.832
P55017,SLC12A3,A728N,0.698
P55017,SLC12A3,A728P,0.772
P55017,SLC12A3,A728M,0.801
P55017,SLC12A3,A728C,0.8
P55017,SLC12A3,A728D,0.695
P55017,SLC12A3,A728E,0.739
P55017,SLC12A3,A728F,0.742
P55017,SLC12A3,A728L,0.794
P55017,SLC12A3,A728H,0.677
P55017,SLC12A3,A728I,0.794
P55017,SLC12A3,A728K,0.7
P55017,SLC12A3,A728G,0.794
P55017,SLC12A3,G729N,0.79
P55017,SLC12A3,G729W,0.728
P55017,SLC12A3,G729V,0.725
P55017,SLC12A3,G729T,0.704
P55017,SLC12A3,G729S,0.812
P55017,SLC12A3,G729R,0.727
P55017,SLC12A3,G729Q,0.696
P55017,SLC12A3,G729P,0.672
P55017,SLC12A3,G729Y,0.668
P55017,SLC12A3,G729L,0.654
P55017,SLC12A3,G729K,0.684
P55017,SLC12A3,G729I,0.673
P55017,SLC12A3,G729H,0.698
P55017,SLC12A3,G729F,0.714
P55017,SLC12A3,G729E,0.72
P55017,SLC12A3,G729D,0.757
P55017,SLC12A3,G729C,0.718
P55017,SLC12A3,G729A,0.805
P55017,SLC12A3,G729M,0.657
P55017,SLC12A3,L730P,0.748
P55017,SLC12A3,L730Q,0.766
P55017,SLC12A3,L730R,0.742
P55017,SLC12A3,L730Y,0.762
P55017,SLC12A3,L730T,0.766
P55017,SLC12A3,L730V,0.864
P55017,SLC12A3,L730W,0.729
P55017,SLC12A3,L730S,0.745
P55017,SLC12A3,L730N,0.674
P55017,SLC12A3,L730M,0.916
P55017,SLC12A3,L730I,0.898
P55017,SLC12A3,L730A,0.756
P55017,SLC12A3,L730C,0.724
P55017,SLC12A3,L730D,0.637
P55017,SLC12A3,L730K,0.708
P55017,SLC12A3,L730F,0.839
P55017,SLC12A3,L730G,0.62
P55017,SLC12A3,L730H,0.734
P55017,SLC12A3,L730E,0.684
P55017,SLC12A3,G731Y,0.687
P55017,SLC12A3,G731W,0.742
P55017,SLC12A3,G731V,0.735
P55017,SLC12A3,G731T,0.732
P55017,SLC12A3,G731S,0.843
P55017,SLC12A3,G731R,0.755
P55017,SLC12A3,G731Q,0.724
P55017,SLC12A3,G731N,0.824
P55017,SLC12A3,G731P,0.701
P55017,SLC12A3,G731M,0.668
P55017,SLC12A3,G731K,0.718
P55017,SLC12A3,G731I,0.68
P55017,SLC12A3,G731H,0.725
P55017,SLC12A3,G731F,0.721
P55017,SLC12A3,G731E,0.754
P55017,SLC12A3,G731D,0.792
P55017,SLC12A3,G731C,0.734
P55017,SLC12A3,G731A,0.828
P55017,SLC12A3,G731L,0.658
P55017,SLC12A3,R732N,0.829
P55017,SLC12A3,R732P,0.748
P55017,SLC12A3,R732Q,0.891
P55017,SLC12A3,R732M,0.803
P55017,SLC12A3,R732T,0.802
P55017,SLC12A3,R732V,0.722
P55017,SLC12A3,R732W,0.765
P55017,SLC12A3,R732S,0.798
P55017,SLC12A3,R732Y,0.748
P55017,SLC12A3,R732L,0.777
P55017,SLC12A3,R732I,0.728
P55017,SLC12A3,R732A,0.756
P55017,SLC12A3,R732C,0.784
P55017,SLC12A3,R732D,0.696
P55017,SLC12A3,R732K,0.93
P55017,SLC12A3,R732F,0.681
P55017,SLC12A3,R732G,0.778
P55017,SLC12A3,R732H,0.866
P55017,SLC12A3,R732E,0.792
P55017,SLC12A3,M733N,0.611
P55017,SLC12A3,M733W,0.668
P55017,SLC12A3,M733V,0.817
P55017,SLC12A3,M733T,0.726
P55017,SLC12A3,M733S,0.672
P55017,SLC12A3,M733R,0.673
P55017,SLC12A3,M733Q,0.698
P55017,SLC12A3,M733P,0.624
P55017,SLC12A3,M733Y,0.622
P55017,SLC12A3,M733L,0.847
P55017,SLC12A3,M733I,0.802
P55017,SLC12A3,M733H,0.592
P55017,SLC12A3,M733G,0.531
P55017,SLC12A3,M733F,0.719
P55017,SLC12A3,M733E,0.603
P55017,SLC12A3,M733D,0.534
P55017,SLC12A3,M733C,0.664
P55017,SLC12A3,M733A,0.692
P55017,SLC12A3,M733K,0.666
P55017,SLC12A3,K734P,0.706
P55017,SLC12A3,K734Q,0.828
P55017,SLC12A3,K734R,0.873
P55017,SLC12A3,K734Y,0.647
P55017,SLC12A3,K734T,0.758
P55017,SLC12A3,K734V,0.693
P55017,SLC12A3,K734W,0.618
P55017,SLC12A3,K734S,0.762
P55017,SLC12A3,K734N,0.8
P55017,SLC12A3,K734M,0.762
P55017,SLC12A3,K734I,0.669
P55017,SLC12A3,K734A,0.726
P55017,SLC12A3,K734C,0.605
P55017,SLC12A3,K734D,0.706
P55017,SLC12A3,K734L,0.68
P55017,SLC12A3,K734F,0.615
P55017,SLC12A3,K734G,0.678
P55017,SLC12A3,K734H,0.732
P55017,SLC12A3,K734E,0.822
P55017,SLC12A3,P735Y,0.48
P55017,SLC12A3,P735W,0.348
P55017,SLC12A3,P735V,0.592
P55017,SLC12A3,P735T,0.578
P55017,SLC12A3,P735S,0.558
P55017,SLC12A3,P735R,0.421
P55017,SLC12A3,P735Q,0.518
P55017,SLC12A3,P735M,0.605
P55017,SLC12A3,P735L,0.588
P55017,SLC12A3,P735N,0.393
P55017,SLC12A3,P735I,0.519
P55017,SLC12A3,P735K,0.422
P55017,SLC12A3,P735C,0.591
P55017,SLC12A3,P735D,0.418
P55017,SLC12A3,P735E,0.444
P55017,SLC12A3,P735A,0.631
P55017,SLC12A3,P735G,0.45
P55017,SLC12A3,P735H,0.51
P55017,SLC12A3,P735F,0.542
P55017,SLC12A3,N736M,0.578
P55017,SLC12A3,N736Y,0.555
P55017,SLC12A3,N736W,0.411
P55017,SLC12A3,N736V,0.526
P55017,SLC12A3,N736T,0.616
P55017,SLC12A3,N736S,0.672
P55017,SLC12A3,N736R,0.57
P55017,SLC12A3,N736Q,0.558
P55017,SLC12A3,N736L,0.51
P55017,SLC12A3,N736P,0.453
P55017,SLC12A3,N736I,0.552
P55017,SLC12A3,N736C,0.564
P55017,SLC12A3,N736D,0.626
P55017,SLC12A3,N736E,0.538
P55017,SLC12A3,N736A,0.524
P55017,SLC12A3,N736G,0.557
P55017,SLC12A3,N736H,0.672
P55017,SLC12A3,N736F,0.468
P55017,SLC12A3,N736K,0.599
P55017,SLC12A3,I737Y,0.546
P55017,SLC12A3,I737N,0.487
P55017,SLC12A3,I737W,0.522
P55017,SLC12A3,I737V,0.863
P55017,SLC12A3,I737T,0.641
P55017,SLC12A3,I737S,0.519
P55017,SLC12A3,I737R,0.478
P55017,SLC12A3,I737Q,0.45
P55017,SLC12A3,I737P,0.426
P55017,SLC12A3,I737M,0.78
P55017,SLC12A3,I737K,0.482
P55017,SLC12A3,I737H,0.512
P55017,SLC12A3,I737G,0.417
P55017,SLC12A3,I737F,0.686
P55017,SLC12A3,I737E,0.408
P55017,SLC12A3,I737D,0.396
P55017,SLC12A3,I737C,0.681
P55017,SLC12A3,I737A,0.624
P55017,SLC12A3,I737L,0.811
P55017,SLC12A3,L738Y,0.52
P55017,SLC12A3,L738Q,0.418
P55017,SLC12A3,L738R,0.41
P55017,SLC12A3,L738N,0.36
P55017,SLC12A3,L738T,0.483
P55017,SLC12A3,L738V,0.704
P55017,SLC12A3,L738W,0.537
P55017,SLC12A3,L738S,0.418
P55017,SLC12A3,L738M,0.746
P55017,SLC12A3,L738P,0.369
P55017,SLC12A3,L738I,0.754
P55017,SLC12A3,L738A,0.508
P55017,SLC12A3,L738C,0.574
P55017,SLC12A3,L738D,0.236
P55017,SLC12A3,L738K,0.38
P55017,SLC12A3,L738F,0.69
P55017,SLC12A3,L738G,0.324
P55017,SLC12A3,L738H,0.374
P55017,SLC12A3,L738E,0.3
P55017,SLC12A3,V739Y,0.53
P55017,SLC12A3,V739W,0.457
P55017,SLC12A3,V739T,0.595
P55017,SLC12A3,V739S,0.465
P55017,SLC12A3,V739R,0.375
P55017,SLC12A3,V739Q,0.455
P55017,SLC12A3,V739P,0.424
P55017,SLC12A3,V739M,0.741
P55017,SLC12A3,V739N,0.398
P55017,SLC12A3,V739L,0.75
P55017,SLC12A3,V739I,0.83
P55017,SLC12A3,V739H,0.414
P55017,SLC12A3,V739G,0.459
P55017,SLC12A3,V739F,0.637
P55017,SLC12A3,V739E,0.434
P55017,SLC12A3,V739D,0.37
P55017,SLC12A3,V739C,0.639
P55017,SLC12A3,V739A,0.652
P55017,SLC12A3,V739K,0.401
P55017,SLC12A3,V740N,0.651
P55017,SLC12A3,V740P,0.7
P55017,SLC12A3,V740Q,0.676
P55017,SLC12A3,V740M,0.878
P55017,SLC12A3,V740S,0.69
P55017,SLC12A3,V740T,0.802
P55017,SLC12A3,V740W,0.658
P55017,SLC12A3,V740R,0.649
P55017,SLC12A3,V740Y,0.728
P55017,SLC12A3,V740K,0.673
P55017,SLC12A3,V740I,0.957
P55017,SLC12A3,V740A,0.802
P55017,SLC12A3,V740C,0.728
P55017,SLC12A3,V740D,0.655
P55017,SLC12A3,V740L,0.885
P55017,SLC12A3,V740F,0.805
P55017,SLC12A3,V740G,0.696
P55017,SLC12A3,V740H,0.645
P55017,SLC12A3,V740E,0.712
P55017,SLC12A3,G741N,0.705
P55017,SLC12A3,G741W,0.66
P55017,SLC12A3,G741V,0.667
P55017,SLC12A3,G741T,0.626
P55017,SLC12A3,G741S,0.73
P55017,SLC12A3,G741R,0.639
P55017,SLC12A3,G741Q,0.611
P55017,SLC12A3,G741P,0.594
P55017,SLC12A3,G741Y,0.595
P55017,SLC12A3,G741L,0.585
P55017,SLC12A3,G741K,0.59
P55017,SLC12A3,G741I,0.593
P55017,SLC12A3,G741H,0.619
P55017,SLC12A3,G741F,0.656
P55017,SLC12A3,G741E,0.637
P55017,SLC12A3,G741D,0.671
P55017,SLC12A3,G741C,0.639
P55017,SLC12A3,G741A,0.733
P55017,SLC12A3,G741M,0.577
P55017,SLC12A3,F742Q,0.392
P55017,SLC12A3,F742R,0.408
P55017,SLC12A3,F742S,0.526
P55017,SLC12A3,F742Y,0.768
P55017,SLC12A3,F742V,0.644
P55017,SLC12A3,F742W,0.673
P55017,SLC12A3,F742T,0.497
P55017,SLC12A3,F742N,0.434
P55017,SLC12A3,F742P,0.332
P55017,SLC12A3,F742M,0.661
P55017,SLC12A3,F742A,0.504
P55017,SLC12A3,F742C,0.615
P55017,SLC12A3,F742D,0.37
P55017,SLC12A3,F742E,0.312
P55017,SLC12A3,F742L,0.72
P55017,SLC12A3,F742H,0.574
P55017,SLC12A3,F742I,0.683
P55017,SLC12A3,F742K,0.372
P55017,SLC12A3,F742G,0.416
P55017,SLC12A3,K743Y,0.558
P55017,SLC12A3,K743W,0.596
P55017,SLC12A3,K743V,0.624
P55017,SLC12A3,K743T,0.612
P55017,SLC12A3,K743S,0.55
P55017,SLC12A3,K743R,0.754
P55017,SLC12A3,K743Q,0.694
P55017,SLC12A3,K743N,0.624
P55017,SLC12A3,K743M,0.669
P55017,SLC12A3,K743P,0.398
P55017,SLC12A3,K743I,0.585
P55017,SLC12A3,K743L,0.643
P55017,SLC12A3,K743C,0.614
P55017,SLC12A3,K743D,0.478
P55017,SLC12A3,K743E,0.616
P55017,SLC12A3,K743A,0.578
P55017,SLC12A3,K743G,0.451
P55017,SLC12A3,K743H,0.595
P55017,SLC12A3,K743F,0.526
P55017,SLC12A3,K744N,0.878
P55017,SLC12A3,K744W,0.718
P55017,SLC12A3,K744V,0.788
P55017,SLC12A3,K744T,0.838
P55017,SLC12A3,K744S,0.839
P55017,SLC12A3,K744R,0.95
P55017,SLC12A3,K744Q,0.907
P55017,SLC12A3,K744Y,0.741
P55017,SLC12A3,K744M,0.858
P55017,SLC12A3,K744P,0.784
P55017,SLC12A3,K744I,0.77
P55017,SLC12A3,K744A,0.806
P55017,SLC12A3,K744C,0.695
P55017,SLC12A3,K744D,0.786
P55017,SLC12A3,K744L,0.786
P55017,SLC12A3,K744F,0.72
P55017,SLC12A3,K744G,0.757
P55017,SLC12A3,K744H,0.814
P55017,SLC12A3,K744E,0.9
P55017,SLC12A3,N745Y,0.756
P55017,SLC12A3,N745W,0.624
P55017,SLC12A3,N745V,0.704
P55017,SLC12A3,N745T,0.844
P55017,SLC12A3,N745S,0.889
P55017,SLC12A3,N745R,0.784
P55017,SLC12A3,N745Q,0.804
P55017,SLC12A3,N745M,0.742
P55017,SLC12A3,N745P,0.69
P55017,SLC12A3,N745L,0.694
P55017,SLC12A3,N745I,0.73
P55017,SLC12A3,N745H,0.873
P55017,SLC12A3,N745G,0.816
P55017,SLC12A3,N745F,0.72
P55017,SLC12A3,N745E,0.778
P55017,SLC12A3,N745D,0.871
P55017,SLC12A3,N745C,0.71
P55017,SLC12A3,N745A,0.744
P55017,SLC12A3,N745K,0.812
P55017,SLC12A3,W746N,0.37
P55017,SLC12A3,W746P,0.32
P55017,SLC12A3,W746Q,0.504
P55017,SLC12A3,W746M,0.645
P55017,SLC12A3,W746S,0.48
P55017,SLC12A3,W746T,0.514
P55017,SLC12A3,W746V,0.564
P55017,SLC12A3,W746R,0.487
P55017,SLC12A3,W746Y,0.73
P55017,SLC12A3,W746K,0.448
P55017,SLC12A3,W746I,0.522
P55017,SLC12A3,W746A,0.516
P55017,SLC12A3,W746C,0.641
P55017,SLC12A3,W746D,0.351
P55017,SLC12A3,W746L,0.651
P55017,SLC12A3,W746F,0.731
P55017,SLC12A3,W746G,0.554
P55017,SLC12A3,W746H,0.518
P55017,SLC12A3,W746E,0.425
P55017,SLC12A3,Q747Y,0.936
P55017,SLC12A3,Q747W,0.873
P55017,SLC12A3,Q747V,0.922
P55017,SLC12A3,Q747T,0.958
P55017,SLC12A3,Q747S,0.966
P55017,SLC12A3,Q747R,1.054
P55017,SLC12A3,Q747P,0.966
P55017,SLC12A3,Q747M,1.01
P55017,SLC12A3,Q747N,0.984
P55017,SLC12A3,Q747L,0.957
P55017,SLC12A3,Q747I,0.891
P55017,SLC12A3,Q747H,1.026
P55017,SLC12A3,Q747G,0.891
P55017,SLC12A3,Q747F,0.876
P55017,SLC12A3,Q747E,1.067
P55017,SLC12A3,Q747D,0.954
P55017,SLC12A3,Q747C,0.869
P55017,SLC12A3,Q747A,0.949
P55017,SLC12A3,Q747K,1.038
P55017,SLC12A3,S748N,1.051
P55017,SLC12A3,S748P,0.955
P55017,SLC12A3,S748Q,0.946
P55017,SLC12A3,S748M,0.92
P55017,SLC12A3,S748T,1.032
P55017,SLC12A3,S748V,0.892
P55017,SLC12A3,S748W,0.818
P55017,SLC12A3,S748R,0.928
P55017,SLC12A3,S748Y,0.899
P55017,SLC12A3,S748L,0.904
P55017,SLC12A3,S748I,0.894
P55017,SLC12A3,S748A,1.024
P55017,SLC12A3,S748C,0.944
P55017,SLC12A3,S748D,0.948
P55017,SLC12A3,S748K,0.953
P55017,SLC12A3,S748F,0.922
P55017,SLC12A3,S748G,0.99
P55017,SLC12A3,S748H,0.91
P55017,SLC12A3,S748E,0.93
P55017,SLC12A3,A749N,0.765
P55017,SLC12A3,A749W,0.702
P55017,SLC12A3,A749V,0.907
P55017,SLC12A3,A749T,0.89
P55017,SLC12A3,A749S,0.898
P55017,SLC12A3,A749R,0.75
P55017,SLC12A3,A749Q,0.784
P55017,SLC12A3,A749P,0.83
P55017,SLC12A3,A749Y,0.758
P55017,SLC12A3,A749M,0.84
P55017,SLC12A3,A749K,0.764
P55017,SLC12A3,A749I,0.828
P55017,SLC12A3,A749H,0.732
P55017,SLC12A3,A749G,0.855
P55017,SLC12A3,A749F,0.776
P55017,SLC12A3,A749E,0.81
P55017,SLC12A3,A749D,0.767
P55017,SLC12A3,A749C,0.842
P55017,SLC12A3,A749L,0.827
P55017,SLC12A3,H750P,0.968
P55017,SLC12A3,H750Q,1.072
P55017,SLC12A3,H750R,1.077
P55017,SLC12A3,H750Y,1.12
P55017,SLC12A3,H750T,0.952
P55017,SLC12A3,H750V,0.904
P55017,SLC12A3,H750W,0.958
P55017,SLC12A3,H750S,0.984
P55017,SLC12A3,H750N,1.094
P55017,SLC12A3,H750M,0.971
P55017,SLC12A3,H750K,0.992
P55017,SLC12A3,H750A,0.936
P55017,SLC12A3,H750C,0.967
P55017,SLC12A3,H750D,1.011
P55017,SLC12A3,H750L,0.956
P55017,SLC12A3,H750F,1.004
P55017,SLC12A3,H750G,0.944
P55017,SLC12A3,H750I,0.916
P55017,SLC12A3,H750E,1.003
P55017,SLC12A3,P751Y,0.732
P55017,SLC12A3,P751W,0.644
P55017,SLC12A3,P751V,0.8
P55017,SLC12A3,P751T,0.855
P55017,SLC12A3,P751S,0.863
P55017,SLC12A3,P751R,0.784
P55017,SLC12A3,P751Q,0.855
P55017,SLC12A3,P751M,0.798
P55017,SLC12A3,P751L,0.814
P55017,SLC12A3,P751N,0.769
P55017,SLC12A3,P751I,0.755
P55017,SLC12A3,P751K,0.796
P55017,SLC12A3,P751C,0.712
P55017,SLC12A3,P751D,0.774
P55017,SLC12A3,P751E,0.803
P55017,SLC12A3,P751A,0.872
P55017,SLC12A3,P751G,0.766
P55017,SLC12A3,P751H,0.8
P55017,SLC12A3,P751F,0.699
P55017,SLC12A3,A752N,0.893
P55017,SLC12A3,A752W,0.814
P55017,SLC12A3,A752V,1.01
P55017,SLC12A3,A752T,1.015
P55017,SLC12A3,A752S,1.026
P55017,SLC12A3,A752R,0.882
P55017,SLC12A3,A752Q,0.906
P55017,SLC12A3,A752Y,0.865
P55017,SLC12A3,A752M,0.946
P55017,SLC12A3,A752P,0.958
P55017,SLC12A3,A752K,0.902
P55017,SLC12A3,A752C,0.956
P55017,SLC12A3,A752D,0.893
P55017,SLC12A3,A752E,0.932
P55017,SLC12A3,A752L,0.92
P55017,SLC12A3,A752G,0.982
P55017,SLC12A3,A752H,0.856
P55017,SLC12A3,A752I,0.925
P55017,SLC12A3,A752F,0.869
P55017,SLC12A3,T753M,0.916
P55017,SLC12A3,T753W,0.687
P55017,SLC12A3,T753V,0.93
P55017,SLC12A3,T753S,0.922
P55017,SLC12A3,T753R,0.768
P55017,SLC12A3,T753Q,0.776
P55017,SLC12A3,T753P,0.758
P55017,SLC12A3,T753N,0.847
P55017,SLC12A3,T753Y,0.794
P55017,SLC12A3,T753K,0.785
P55017,SLC12A3,T753I,0.916
P55017,SLC12A3,T753H,0.728
P55017,SLC12A3,T753G,0.753
P55017,SLC12A3,T753F,0.816
P55017,SLC12A3,T753E,0.726
P55017,SLC12A3,T753D,0.739
P55017,SLC12A3,T753C,0.895
P55017,SLC12A3,T753A,0.93
P55017,SLC12A3,T753L,0.884
P55017,SLC12A3,V754P,0.52
P55017,SLC12A3,V754Q,0.553
P55017,SLC12A3,V754R,0.475
P55017,SLC12A3,V754Y,0.617
P55017,SLC12A3,V754T,0.689
P55017,SLC12A3,V754W,0.546
P55017,SLC12A3,V754S,0.564
P55017,SLC12A3,V754M,0.816
P55017,SLC12A3,V754N,0.503
P55017,SLC12A3,V754L,0.815
P55017,SLC12A3,V754A,0.736
P55017,SLC12A3,V754C,0.707
P55017,SLC12A3,V754D,0.486
P55017,SLC12A3,V754E,0.546
P55017,SLC12A3,V754K,0.504
P55017,SLC12A3,V754G,0.557
P55017,SLC12A3,V754H,0.507
P55017,SLC12A3,V754I,0.897
P55017,SLC12A3,V754F,0.706
P55017,SLC12A3,E755Y,0.708
P55017,SLC12A3,E755W,0.616
P55017,SLC12A3,E755V,0.718
P55017,SLC12A3,E755T,0.682
P55017,SLC12A3,E755S,0.7
P55017,SLC12A3,E755R,0.743
P55017,SLC12A3,E755Q,0.876
P55017,SLC12A3,E755N,0.708
P55017,SLC12A3,E755M,0.741
P55017,SLC12A3,E755P,0.556
P55017,SLC12A3,E755K,0.782
P55017,SLC12A3,E755A,0.752
P55017,SLC12A3,E755C,0.643
P55017,SLC12A3,E755D,0.853
P55017,SLC12A3,E755L,0.645
P55017,SLC12A3,E755G,0.694
P55017,SLC12A3,E755H,0.731
P55017,SLC12A3,E755I,0.66
P55017,SLC12A3,E755F,0.612
P55017,SLC12A3,D756N,0.94
P55017,SLC12A3,D756W,0.724
P55017,SLC12A3,D756V,0.83
P55017,SLC12A3,D756T,0.808
P55017,SLC12A3,D756S,0.831
P55017,SLC12A3,D756R,0.717
P55017,SLC12A3,D756Q,0.848
P55017,SLC12A3,D756P,0.641
P55017,SLC12A3,D756Y,0.82
P55017,SLC12A3,D756L,0.765
P55017,SLC12A3,D756K,0.746
P55017,SLC12A3,D756A,0.818
P55017,SLC12A3,D756C,0.843
P55017,SLC12A3,D756E,0.948
P55017,SLC12A3,D756M,0.755
P55017,SLC12A3,D756G,0.804
P55017,SLC12A3,D756H,0.889
P55017,SLC12A3,D756I,0.826
P55017,SLC12A3,D756F,0.824
P55017,SLC12A3,Y757M,0.632
P55017,SLC12A3,Y757V,0.64
P55017,SLC12A3,Y757T,0.52
P55017,SLC12A3,Y757S,0.514
P55017,SLC12A3,Y757R,0.529
P55017,SLC12A3,Y757Q,0.58
P55017,SLC12A3,Y757P,0.366
P55017,SLC12A3,Y757N,0.532
P55017,SLC12A3,Y757W,0.744
P55017,SLC12A3,Y757L,0.684
P55017,SLC12A3,Y757I,0.641
P55017,SLC12A3,Y757H,0.734
P55017,SLC12A3,Y757G,0.498
P55017,SLC12A3,Y757F,0.861
P55017,SLC12A3,Y757E,0.466
P55017,SLC12A3,Y757D,0.401
P55017,SLC12A3,Y757C,0.632
P55017,SLC12A3,Y757A,0.534
P55017,SLC12A3,Y757K,0.478
P55017,SLC12A3,I758P,0.452
P55017,SLC12A3,I758Q,0.527
P55017,SLC12A3,I758R,0.556
P55017,SLC12A3,I758Y,0.618
P55017,SLC12A3,I758T,0.704
P55017,SLC12A3,I758V,0.926
P55017,SLC12A3,I758W,0.591
P55017,SLC12A3,I758S,0.585
P55017,SLC12A3,I758N,0.51
P55017,SLC12A3,I758M,0.851
P55017,SLC12A3,I758K,0.562
P55017,SLC12A3,I758A,0.701
P55017,SLC12A3,I758C,0.743
P55017,SLC12A3,I758D,0.447
P55017,SLC12A3,I758L,0.876
P55017,SLC12A3,I758F,0.754
P55017,SLC12A3,I758G,0.46
P55017,SLC12A3,I758H,0.596
P55017,SLC12A3,I758E,0.442
P55017,SLC12A3,G759Y,0.434
P55017,SLC12A3,G759W,0.536
P55017,SLC12A3,G759V,0.601
P55017,SLC12A3,G759T,0.58
P55017,SLC12A3,G759S,0.7
P55017,SLC12A3,G759R,0.565
P55017,SLC12A3,G759Q,0.524
P55017,SLC12A3,G759N,0.614
P55017,SLC12A3,G759M,0.601
P55017,SLC12A3,G759P,0.498
P55017,SLC12A3,G759K,0.514
P55017,SLC12A3,G759I,0.523
P55017,SLC12A3,G759H,0.494
P55017,SLC12A3,G759F,0.496
P55017,SLC12A3,G759E,0.57
P55017,SLC12A3,G759D,0.571
P55017,SLC12A3,G759C,0.643
P55017,SLC12A3,G759A,0.757
P55017,SLC12A3,G759L,0.528
P55017,SLC12A3,I760Q,0.484
P55017,SLC12A3,I760R,0.515
P55017,SLC12A3,I760S,0.542
P55017,SLC12A3,I760Y,0.576
P55017,SLC12A3,I760V,0.885
P55017,SLC12A3,I760W,0.546
P55017,SLC12A3,I760T,0.662
P55017,SLC12A3,I760N,0.505
P55017,SLC12A3,I760P,0.44
P55017,SLC12A3,I760M,0.805
P55017,SLC12A3,I760A,0.659
P55017,SLC12A3,I760C,0.698
P55017,SLC12A3,I760D,0.416
P55017,SLC12A3,I760E,0.43
P55017,SLC12A3,I760L,0.834
P55017,SLC12A3,I760G,0.429
P55017,SLC12A3,I760H,0.549
P55017,SLC12A3,I760K,0.52
P55017,SLC12A3,I760F,0.708
P55017,SLC12A3,L761N,0.44
P55017,SLC12A3,L761W,0.59
P55017,SLC12A3,L761V,0.757
P55017,SLC12A3,L761T,0.556
P55017,SLC12A3,L761S,0.508
P55017,SLC12A3,L761R,0.496
P55017,SLC12A3,L761Q,0.522
P55017,SLC12A3,L761P,0.496
P55017,SLC12A3,L761Y,0.577
P55017,SLC12A3,L761K,0.46
P55017,SLC12A3,L761I,0.803
P55017,SLC12A3,L761H,0.492
P55017,SLC12A3,L761G,0.398
P55017,SLC12A3,L761F,0.738
P55017,SLC12A3,L761E,0.41
P55017,SLC12A3,L761D,0.362
P55017,SLC12A3,L761C,0.633
P55017,SLC12A3,L761A,0.574
P55017,SLC12A3,L761M,0.803
P55017,SLC12A3,H762P,0.526
P55017,SLC12A3,H762Q,0.615
P55017,SLC12A3,H762R,0.608
P55017,SLC12A3,H762Y,0.784
P55017,SLC12A3,H762T,0.53
P55017,SLC12A3,H762V,0.548
P55017,SLC12A3,H762W,0.548
P55017,SLC12A3,H762S,0.554
P55017,SLC12A3,H762N,0.673
P55017,SLC12A3,H762M,0.583
P55017,SLC12A3,H762K,0.504
P55017,SLC12A3,H762A,0.518
P55017,SLC12A3,H762C,0.548
P55017,SLC12A3,H762D,0.556
P55017,SLC12A3,H762L,0.61
P55017,SLC12A3,H762F,0.692
P55017,SLC12A3,H762G,0.491
P55017,SLC12A3,H762I,0.558
P55017,SLC12A3,H762E,0.577
P55017,SLC12A3,D763Y,0.522
P55017,SLC12A3,D763W,0.401
P55017,SLC12A3,D763V,0.526
P55017,SLC12A3,D763T,0.514
P55017,SLC12A3,D763S,0.548
P55017,SLC12A3,D763R,0.386
P55017,SLC12A3,D763Q,0.54
P55017,SLC12A3,D763N,0.651
P55017,SLC12A3,D763P,0.35
P55017,SLC12A3,D763M,0.465
P55017,SLC12A3,D763K,0.434
P55017,SLC12A3,D763I,0.512
P55017,SLC12A3,D763H,0.564
P55017,SLC12A3,D763G,0.518
P55017,SLC12A3,D763F,0.524
P55017,SLC12A3,D763E,0.662
P55017,SLC12A3,D763C,0.532
P55017,SLC12A3,D763A,0.52
P55017,SLC12A3,D763L,0.476
P55017,SLC12A3,A764P,0.558
P55017,SLC12A3,A764Q,0.524
P55017,SLC12A3,A764R,0.496
P55017,SLC12A3,A764N,0.499
P55017,SLC12A3,A764T,0.692
P55017,SLC12A3,A764V,0.756
P55017,SLC12A3,A764W,0.436
P55017,SLC12A3,A764S,0.707
P55017,SLC12A3,A764Y,0.525
P55017,SLC12A3,A764M,0.683
P55017,SLC12A3,A764K,0.495
P55017,SLC12A3,A764C,0.732
P55017,SLC12A3,A764D,0.468
P55017,SLC12A3,A764E,0.522
P55017,SLC12A3,A764L,0.688
P55017,SLC12A3,A764G,0.695
P55017,SLC12A3,A764H,0.496
P55017,SLC12A3,A764I,0.676
P55017,SLC12A3,A764F,0.594
P55017,SLC12A3,F765N,0.404
P55017,SLC12A3,F765W,0.634
P55017,SLC12A3,F765V,0.611
P55017,SLC12A3,F765T,0.476
P55017,SLC12A3,F765S,0.501
P55017,SLC12A3,F765R,0.364
P55017,SLC12A3,F765Q,0.351
P55017,SLC12A3,F765P,0.288
P55017,SLC12A3,F765Y,0.73
P55017,SLC12A3,F765M,0.627
P55017,SLC12A3,F765K,0.35
P55017,SLC12A3,F765I,0.642
P55017,SLC12A3,F765H,0.546
P55017,SLC12A3,F765G,0.398
P55017,SLC12A3,F765E,0.284
P55017,SLC12A3,F765D,0.322
P55017,SLC12A3,F765C,0.581
P55017,SLC12A3,F765A,0.485
P55017,SLC12A3,F765L,0.676
P55017,SLC12A3,D766P,0.595
P55017,SLC12A3,D766Q,0.654
P55017,SLC12A3,D766R,0.556
P55017,SLC12A3,D766N,0.748
P55017,SLC12A3,D766V,0.587
P55017,SLC12A3,D766W,0.454
P55017,SLC12A3,D766Y,0.599
P55017,SLC12A3,D766T,0.634
P55017,SLC12A3,D766M,0.572
P55017,SLC12A3,D766S,0.676
P55017,SLC12A3,D766K,0.614
P55017,SLC12A3,D766C,0.549
P55017,SLC12A3,D766E,0.785
P55017,SLC12A3,D766F,0.582
P55017,SLC12A3,D766A,0.627
P55017,SLC12A3,D766G,0.678
P55017,SLC12A3,D766H,0.645
P55017,SLC12A3,D766I,0.568
P55017,SLC12A3,D766L,0.53
P55017,SLC12A3,F767P,0.654
P55017,SLC12A3,F767Y,0.938
P55017,SLC12A3,F767W,0.796
P55017,SLC12A3,F767V,0.79
P55017,SLC12A3,F767T,0.742
P55017,SLC12A3,F767S,0.749
P55017,SLC12A3,F767R,0.694
P55017,SLC12A3,F767Q,0.704
P55017,SLC12A3,F767N,0.674
P55017,SLC12A3,F767M,0.798
P55017,SLC12A3,F767L,0.852
P55017,SLC12A3,F767C,0.756
P55017,SLC12A3,F767D,0.698
P55017,SLC12A3,F767E,0.659
P55017,SLC12A3,F767A,0.74
P55017,SLC12A3,F767H,0.767
P55017,SLC12A3,F767I,0.826
P55017,SLC12A3,F767K,0.676
P55017,SLC12A3,F767G,0.659
P55017,SLC12A3,N768P,0.726
P55017,SLC12A3,N768Y,0.784
P55017,SLC12A3,N768W,0.654
P55017,SLC12A3,N768V,0.732
P55017,SLC12A3,N768T,0.877
P55017,SLC12A3,N768S,0.923
P55017,SLC12A3,N768R,0.825
P55017,SLC12A3,N768Q,0.84
P55017,SLC12A3,N768M,0.772
P55017,SLC12A3,N768L,0.716
P55017,SLC12A3,N768K,0.854
P55017,SLC12A3,N768C,0.74
P55017,SLC12A3,N768D,0.902
P55017,SLC12A3,N768E,0.81
P55017,SLC12A3,N768A,0.777
P55017,SLC12A3,N768G,0.848
P55017,SLC12A3,N768H,0.908
P55017,SLC12A3,N768I,0.758
P55017,SLC12A3,N768F,0.744
P55017,SLC12A3,Y769N,0.534
P55017,SLC12A3,Y769W,0.717
P55017,SLC12A3,Y769V,0.614
P55017,SLC12A3,Y769T,0.509
P55017,SLC12A3,Y769S,0.514
P55017,SLC12A3,Y769R,0.528
P55017,SLC12A3,Y769Q,0.565
P55017,SLC12A3,Y769P,0.375
P55017,SLC12A3,Y769M,0.607
P55017,SLC12A3,Y769L,0.652
P55017,SLC12A3,Y769K,0.47
P55017,SLC12A3,Y769C,0.629
P55017,SLC12A3,Y769D,0.405
P55017,SLC12A3,Y769E,0.45
P55017,SLC12A3,Y769A,0.519
P55017,SLC12A3,Y769G,0.49
P55017,SLC12A3,Y769H,0.718
P55017,SLC12A3,Y769I,0.609
P55017,SLC12A3,Y769F,0.827
P55017,SLC12A3,G770P,0.5
P55017,SLC12A3,G770Y,0.446
P55017,SLC12A3,G770W,0.541
P55017,SLC12A3,G770V,0.604
P55017,SLC12A3,G770T,0.578
P55017,SLC12A3,G770S,0.708
P55017,SLC12A3,G770R,0.55
P55017,SLC12A3,G770Q,0.514
P55017,SLC12A3,G770N,0.624
P55017,SLC12A3,G770M,0.597
P55017,SLC12A3,G770L,0.523
P55017,SLC12A3,G770C,0.639
P55017,SLC12A3,G770D,0.56
P55017,SLC12A3,G770E,0.547
P55017,SLC12A3,G770A,0.776
P55017,SLC12A3,G770H,0.479
P55017,SLC12A3,G770I,0.54
P55017,SLC12A3,G770K,0.502
P55017,SLC12A3,G770F,0.522
P55017,SLC12A3,V771N,0.44
P55017,SLC12A3,V771Y,0.566
P55017,SLC12A3,V771W,0.484
P55017,SLC12A3,V771T,0.634
P55017,SLC12A3,V771S,0.506
P55017,SLC12A3,V771R,0.417
P55017,SLC12A3,V771Q,0.497
P55017,SLC12A3,V771P,0.464
P55017,SLC12A3,V771M,0.772
P55017,SLC12A3,V771L,0.773
P55017,SLC12A3,V771K,0.449
P55017,SLC12A3,V771C,0.658
P55017,SLC12A3,V771D,0.412
P55017,SLC12A3,V771E,0.48
P55017,SLC12A3,V771A,0.687
P55017,SLC12A3,V771G,0.494
P55017,SLC12A3,V771H,0.45
P55017,SLC12A3,V771I,0.856
P55017,SLC12A3,V771F,0.662
P55017,SLC12A3,C772P,0.644
P55017,SLC12A3,C772Y,0.743
P55017,SLC12A3,C772W,0.739
P55017,SLC12A3,C772V,0.69
P55017,SLC12A3,C772T,0.677
P55017,SLC12A3,C772S,0.686
P55017,SLC12A3,C772R,0.649
P55017,SLC12A3,C772Q,0.601
P55017,SLC12A3,C772N,0.562
P55017,SLC12A3,C772M,0.601
P55017,SLC12A3,C772L,0.736
P55017,SLC12A3,C772D,0.473
P55017,SLC12A3,C772E,0.554
P55017,SLC12A3,C772F,0.76
P55017,SLC12A3,C772A,0.699
P55017,SLC12A3,C772H,0.633
P55017,SLC12A3,C772I,0.731
P55017,SLC12A3,C772K,0.594
P55017,SLC12A3,C772G,0.645
P55017,SLC12A3,V773N,0.456
P55017,SLC12A3,V773Y,0.608
P55017,SLC12A3,V773W,0.55
P55017,SLC12A3,V773T,0.656
P55017,SLC12A3,V773S,0.523
P55017,SLC12A3,V773R,0.44
P55017,SLC12A3,V773Q,0.514
P55017,SLC12A3,V773P,0.486
P55017,SLC12A3,V773M,0.826
P55017,SLC12A3,V773L,0.842
P55017,SLC12A3,V773K,0.457
P55017,SLC12A3,V773C,0.704
P55017,SLC12A3,V773D,0.428
P55017,SLC12A3,V773E,0.491
P55017,SLC12A3,V773A,0.717
P55017,SLC12A3,V773G,0.519
P55017,SLC12A3,V773H,0.477
P55017,SLC12A3,V773I,0.919
P55017,SLC12A3,V773F,0.73
P55017,SLC12A3,M774P,0.45
P55017,SLC12A3,M774Y,0.648
P55017,SLC12A3,M774W,0.661
P55017,SLC12A3,M774V,0.836
P55017,SLC12A3,M774T,0.645
P55017,SLC12A3,M774S,0.513
P55017,SLC12A3,M774R,0.528
P55017,SLC12A3,M774Q,0.594
P55017,SLC12A3,M774N,0.5
P55017,SLC12A3,M774L,0.902
P55017,SLC12A3,M774K,0.54
P55017,SLC12A3,M774C,0.661
P55017,SLC12A3,M774D,0.387
P55017,SLC12A3,M774E,0.475
P55017,SLC12A3,M774A,0.648
P55017,SLC12A3,M774G,0.521
P55017,SLC12A3,M774H,0.573
P55017,SLC12A3,M774I,0.85
P55017,SLC12A3,M774F,0.768
P55017,SLC12A3,R775N,0.632
P55017,SLC12A3,R775Y,0.562
P55017,SLC12A3,R775W,0.617
P55017,SLC12A3,R775V,0.588
P55017,SLC12A3,R775T,0.63
P55017,SLC12A3,R775S,0.612
P55017,SLC12A3,R775Q,0.722
P55017,SLC12A3,R775P,0.47
P55017,SLC12A3,R775M,0.717
P55017,SLC12A3,R775L,0.668
P55017,SLC12A3,R775K,0.747
P55017,SLC12A3,R775C,0.603
P55017,SLC12A3,R775D,0.486
P55017,SLC12A3,R775E,0.57
P55017,SLC12A3,R775A,0.617
P55017,SLC12A3,R775G,0.57
P55017,SLC12A3,R775H,0.732
P55017,SLC12A3,R775I,0.588
P55017,SLC12A3,R775F,0.532
P55017,SLC12A3,M776P,0.704
P55017,SLC12A3,M776Y,0.714
P55017,SLC12A3,M776W,0.767
P55017,SLC12A3,M776V,0.907
P55017,SLC12A3,M776T,0.806
P55017,SLC12A3,M776S,0.749
P55017,SLC12A3,M776R,0.754
P55017,SLC12A3,M776Q,0.779
P55017,SLC12A3,M776N,0.69
P55017,SLC12A3,M776L,0.946
P55017,SLC12A3,M776K,0.741
P55017,SLC12A3,M776C,0.754
P55017,SLC12A3,M776D,0.61
P55017,SLC12A3,M776E,0.68
P55017,SLC12A3,M776A,0.774
P55017,SLC12A3,M776G,0.611
P55017,SLC12A3,M776H,0.678
P55017,SLC12A3,M776I,0.897
P55017,SLC12A3,M776F,0.818
P55017,SLC12A3,R777N,0.962
P55017,SLC12A3,R777Y,0.885
P55017,SLC12A3,R777W,0.909
P55017,SLC12A3,R777V,0.848
P55017,SLC12A3,R777T,0.932
P55017,SLC12A3,R777S,0.928
P55017,SLC12A3,R777Q,1.03
P55017,SLC12A3,R777P,0.881
P55017,SLC12A3,R777M,0.932
P55017,SLC12A3,R777L,0.902
P55017,SLC12A3,R777K,1.062
P55017,SLC12A3,R777C,0.916
P55017,SLC12A3,R777D,0.836
P55017,SLC12A3,R777E,0.936
P55017,SLC12A3,R777A,0.884
P55017,SLC12A3,R777G,0.905
P55017,SLC12A3,R777H,1.002
P55017,SLC12A3,R777I,0.857
P55017,SLC12A3,R777F,0.803
P55017,SLC12A3,E778P,0.805
P55017,SLC12A3,E778Y,0.776
P55017,SLC12A3,E778W,0.731
P55017,SLC12A3,E778V,0.822
P55017,SLC12A3,E778T,0.822
P55017,SLC12A3,E778S,0.836
P55017,SLC12A3,E778R,0.846
P55017,SLC12A3,E778Q,0.966
P55017,SLC12A3,E778N,0.854
P55017,SLC12A3,E778M,0.798
P55017,SLC12A3,E778L,0.76
P55017,SLC12A3,E778C,0.711
P55017,SLC12A3,E778D,0.976
P55017,SLC12A3,E778F,0.736
P55017,SLC12A3,E778A,0.851
P55017,SLC12A3,E778H,0.848
P55017,SLC12A3,E778I,0.782
P55017,SLC12A3,E778K,0.922
P55017,SLC12A3,E778G,0.822
P55017,SLC12A3,G779P,0.678
P55017,SLC12A3,G779Y,0.672
P55017,SLC12A3,G779W,0.739
P55017,SLC12A3,G779V,0.734
P55017,SLC12A3,G779T,0.719
P55017,SLC12A3,G779S,0.826
P55017,SLC12A3,G779R,0.742
P55017,SLC12A3,G779Q,0.714
P55017,SLC12A3,G779N,0.806
P55017,SLC12A3,G779M,0.665
P55017,SLC12A3,G779L,0.656
P55017,SLC12A3,G779C,0.73
P55017,SLC12A3,G779D,0.777
P55017,SLC12A3,G779E,0.746
P55017,SLC12A3,G779A,0.812
P55017,SLC12A3,G779H,0.712
P55017,SLC12A3,G779I,0.675
P55017,SLC12A3,G779K,0.7
P55017,SLC12A3,G779F,0.716
P55017,SLC12A3,L780P,0.634
P55017,SLC12A3,L780Y,0.674
P55017,SLC12A3,L780W,0.652
P55017,SLC12A3,L780V,0.794
P55017,SLC12A3,L780T,0.655
P55017,SLC12A3,L780S,0.625
P55017,SLC12A3,L780R,0.616
P55017,SLC12A3,L780Q,0.646
P55017,SLC12A3,L780N,0.55
P55017,SLC12A3,L780M,0.844
P55017,SLC12A3,L780K,0.569
P55017,SLC12A3,L780C,0.643
P55017,SLC12A3,L780D,0.51
P55017,SLC12A3,L780E,0.558
P55017,SLC12A3,L780A,0.655
P55017,SLC12A3,L780G,0.51
P55017,SLC12A3,L780H,0.624
P55017,SLC12A3,L780I,0.836
P55017,SLC12A3,L780F,0.786
P55017,SLC12A3,N781P,0.785
P55017,SLC12A3,N781Y,0.853
P55017,SLC12A3,N781W,0.741
P55017,SLC12A3,N781V,0.798
P55017,SLC12A3,N781T,0.936
P55017,SLC12A3,N781S,0.982
P55017,SLC12A3,N781R,0.884
P55017,SLC12A3,N781Q,0.9
P55017,SLC12A3,N781M,0.84
P55017,SLC12A3,N781L,0.794
P55017,SLC12A3,N781K,0.906
P55017,SLC12A3,N781C,0.808
P55017,SLC12A3,N781D,0.964
P55017,SLC12A3,N781E,0.872
P55017,SLC12A3,N781A,0.836
P55017,SLC12A3,N781G,0.906
P55017,SLC12A3,N781H,0.972
P55017,SLC12A3,N781I,0.831
P55017,SLC12A3,N781F,0.821
P55017,SLC12A3,V782N,0.762
P55017,SLC12A3,V782Y,0.788
P55017,SLC12A3,V782W,0.713
P55017,SLC12A3,V782T,0.916
P55017,SLC12A3,V782S,0.8
P55017,SLC12A3,V782R,0.742
P55017,SLC12A3,V782Q,0.78
P55017,SLC12A3,V782P,0.781
P55017,SLC12A3,V782M,0.952
P55017,SLC12A3,V782L,0.942
P55017,SLC12A3,V782K,0.776
P55017,SLC12A3,V782C,0.814
P55017,SLC12A3,V782D,0.77
P55017,SLC12A3,V782E,0.829
P55017,SLC12A3,V782A,0.902
P55017,SLC12A3,V782G,0.811
P55017,SLC12A3,V782H,0.728
P55017,SLC12A3,V782I,1.021
P55017,SLC12A3,V782F,0.86
P55017,SLC12A3,S783N,0.824
P55017,SLC12A3,S783Y,0.752
P55017,SLC12A3,S783W,0.692
P55017,SLC12A3,S783V,0.74
P55017,SLC12A3,S783T,0.869
P55017,SLC12A3,S783R,0.736
P55017,SLC12A3,S783Q,0.737
P55017,SLC12A3,S783P,0.732
P55017,SLC12A3,S783M,0.786
P55017,SLC12A3,S783L,0.766
P55017,SLC12A3,S783K,0.708
P55017,SLC12A3,S783C,0.853
P55017,SLC12A3,S783D,0.732
P55017,SLC12A3,S783E,0.697
P55017,SLC12A3,S783A,0.89
P55017,SLC12A3,S783G,0.81
P55017,SLC12A3,S783H,0.742
P55017,SLC12A3,S783I,0.754
P55017,SLC12A3,S783F,0.756
P55017,SLC12A3,K784P,0.868
P55017,SLC12A3,K784Y,0.855
P55017,SLC12A3,K784W,0.88
P55017,SLC12A3,K784V,0.894
P55017,SLC12A3,K784T,0.954
P55017,SLC12A3,K784S,0.932
P55017,SLC12A3,K784R,1.108
P55017,SLC12A3,K784Q,1.045
P55017,SLC12A3,K784N,1.006
P55017,SLC12A3,K784M,0.969
P55017,SLC12A3,K784L,0.884
P55017,SLC12A3,K784C,0.84
P55017,SLC12A3,K784D,0.88
P55017,SLC12A3,K784E,1.019
P55017,SLC12A3,K784A,0.904
P55017,SLC12A3,K784G,0.851
P55017,SLC12A3,K784H,0.93
P55017,SLC12A3,K784I,0.896
P55017,SLC12A3,K784F,0.822
P55017,SLC12A3,M785P,0.848
P55017,SLC12A3,M785Y,0.89
P55017,SLC12A3,M785W,0.906
P55017,SLC12A3,M785V,1.042
P55017,SLC12A3,M785T,0.99
P55017,SLC12A3,M785S,0.903
P55017,SLC12A3,M785R,0.93
P55017,SLC12A3,M785Q,0.947
P55017,SLC12A3,M785N,0.879
P55017,SLC12A3,M785L,1.06
P55017,SLC12A3,M785K,0.944
P55017,SLC12A3,M785C,0.886
P55017,SLC12A3,M785D,0.796
P55017,SLC12A3,M785E,0.873
P55017,SLC12A3,M785A,0.94
P55017,SLC12A3,M785G,0.819
P55017,SLC12A3,M785H,0.882
P55017,SLC12A3,M785I,1.038
P55017,SLC12A3,M785F,0.929
P55017,SLC12A3,M786P,0.796
P55017,SLC12A3,M786Y,0.838
P55017,SLC12A3,M786W,0.854
P55017,SLC12A3,M786V,0.982
P55017,SLC12A3,M786T,0.938
P55017,SLC12A3,M786S,0.851
P55017,SLC12A3,M786R,0.879
P55017,SLC12A3,M786Q,0.896
P55017,SLC12A3,M786N,0.828
P55017,SLC12A3,M786L,0.99
P55017,SLC12A3,M786K,0.891
P55017,SLC12A3,M786C,0.834
P55017,SLC12A3,M786D,0.744
P55017,SLC12A3,M786E,0.822
P55017,SLC12A3,M786A,0.888
P55017,SLC12A3,M786G,0.767
P55017,SLC12A3,M786H,0.83
P55017,SLC12A3,M786I,0.979
P55017,SLC12A3,M786F,0.878
P55017,SLC12A3,Q787N,0.866
P55017,SLC12A3,Q787Y,0.845
P55017,SLC12A3,Q787W,0.846
P55017,SLC12A3,Q787V,0.814
P55017,SLC12A3,Q787T,0.849
P55017,SLC12A3,Q787S,0.845
P55017,SLC12A3,Q787R,0.948
P55017,SLC12A3,Q787P,0.868
P55017,SLC12A3,Q787M,0.9
P55017,SLC12A3,Q787L,0.857
P55017,SLC12A3,Q787K,0.924
P55017,SLC12A3,Q787C,0.804
P55017,SLC12A3,Q787D,0.833
P55017,SLC12A3,Q787E,0.944
P55017,SLC12A3,Q787A,0.837
P55017,SLC12A3,Q787G,0.791
P55017,SLC12A3,Q787H,0.935
P55017,SLC12A3,Q787I,0.798
P55017,SLC12A3,Q787F,0.775
P55017,SLC12A3,A788P,0.945
P55017,SLC12A3,A788Y,0.861
P55017,SLC12A3,A788W,0.779
P55017,SLC12A3,A788V,1.023
P55017,SLC12A3,A788T,1.036
P55017,SLC12A3,A788S,1.038
P55017,SLC12A3,A788R,0.859
P55017,SLC12A3,A788Q,0.893
P55017,SLC12A3,A788N,0.89
P55017,SLC12A3,A788M,0.953
P55017,SLC12A3,A788L,0.904
P55017,SLC12A3,A788D,0.884
P55017,SLC12A3,A788E,0.929
P55017,SLC12A3,A788F,0.855
P55017,SLC12A3,A788C,0.969
P55017,SLC12A3,A788H,0.84
P55017,SLC12A3,A788I,0.936
P55017,SLC12A3,A788K,0.877
P55017,SLC12A3,A788G,0.994
P55017,SLC12A3,H789P,0.826
P55017,SLC12A3,H789Y,0.98
P55017,SLC12A3,H789W,0.819
P55017,SLC12A3,H789V,0.758
P55017,SLC12A3,H789T,0.808
P55017,SLC12A3,H789S,0.831
P55017,SLC12A3,H789R,0.937
P55017,SLC12A3,H789Q,0.928
P55017,SLC12A3,H789N,0.944
P55017,SLC12A3,H789M,0.814
P55017,SLC12A3,H789L,0.821
P55017,SLC12A3,H789C,0.831
P55017,SLC12A3,H789D,0.868
P55017,SLC12A3,H789E,0.85
P55017,SLC12A3,H789A,0.778
P55017,SLC12A3,H789G,0.78
P55017,SLC12A3,H789I,0.786
P55017,SLC12A3,H789K,0.845
P55017,SLC12A3,H789F,0.865
P55017,SLC12A3,I790P,0.786
P55017,SLC12A3,I790Y,0.897
P55017,SLC12A3,I790W,0.796
P55017,SLC12A3,I790V,1.112
P55017,SLC12A3,I790T,0.976
P55017,SLC12A3,I790S,0.868
P55017,SLC12A3,I790R,0.849
P55017,SLC12A3,I790Q,0.806
P55017,SLC12A3,I790N,0.875
P55017,SLC12A3,I790M,1.042
P55017,SLC12A3,I790L,1.033
P55017,SLC12A3,I790C,0.898
P55017,SLC12A3,I790D,0.77
P55017,SLC12A3,I790E,0.8
P55017,SLC12A3,I790A,0.91
P55017,SLC12A3,I790G,0.746
P55017,SLC12A3,I790H,0.822
P55017,SLC12A3,I790K,0.85
P55017,SLC12A3,I790F,0.946
P55017,SLC12A3,N791P,0.798
P55017,SLC12A3,N791Y,0.914
P55017,SLC12A3,N791W,0.76
P55017,SLC12A3,N791V,0.832
P55017,SLC12A3,N791T,0.992
P55017,SLC12A3,N791S,1.05
P55017,SLC12A3,N791R,0.933
P55017,SLC12A3,N791Q,0.942
P55017,SLC12A3,N791M,0.885
P55017,SLC12A3,N791L,0.796
P55017,SLC12A3,N791K,0.98
P55017,SLC12A3,N791C,0.873
P55017,SLC12A3,N791D,1.018
P55017,SLC12A3,N791E,0.898
P55017,SLC12A3,N791A,0.878
P55017,SLC12A3,N791G,0.93
P55017,SLC12A3,N791H,1.037
P55017,SLC12A3,N791I,0.886
P55017,SLC12A3,N791F,0.825
P55017,SLC12A3,P792N,0.876
P55017,SLC12A3,P792Y,0.876
P55017,SLC12A3,P792W,0.743
P55017,SLC12A3,P792V,0.914
P55017,SLC12A3,P792T,0.994
P55017,SLC12A3,P792S,1.006
P55017,SLC12A3,P792R,0.92
P55017,SLC12A3,P792Q,1.004
P55017,SLC12A3,P792M,0.928
P55017,SLC12A3,P792L,0.956
P55017,SLC12A3,P792K,0.898
P55017,SLC12A3,P792C,0.872
P55017,SLC12A3,P792D,0.861
P55017,SLC12A3,P792E,0.912
P55017,SLC12A3,P792A,1.02
P55017,SLC12A3,P792G,0.849
P55017,SLC12A3,P792H,0.948
P55017,SLC12A3,P792I,0.877
P55017,SLC12A3,P792F,0.851
P55017,SLC12A3,V793N,0.906
P55017,SLC12A3,V793Y,0.951
P55017,SLC12A3,V793W,0.879
P55017,SLC12A3,V793T,1.062
P55017,SLC12A3,V793S,0.938
P55017,SLC12A3,V793R,0.9
P55017,SLC12A3,V793Q,0.938
P55017,SLC12A3,V793P,0.906
P55017,SLC12A3,V793M,1.136
P55017,SLC12A3,V793L,1.094
P55017,SLC12A3,V793K,0.923
P55017,SLC12A3,V793C,1.003
P55017,SLC12A3,V793D,0.912
P55017,SLC12A3,V793E,0.977
P55017,SLC12A3,V793A,1.082
P55017,SLC12A3,V793G,0.94
P55017,SLC12A3,V793H,0.882
P55017,SLC12A3,V793I,1.196
P55017,SLC12A3,V793F,1.01
P55017,SLC12A3,F794P,0.796
P55017,SLC12A3,F794Y,1.128
P55017,SLC12A3,F794W,1.021
P55017,SLC12A3,F794V,1.0
P55017,SLC12A3,F794T,0.926
P55017,SLC12A3,F794S,0.97
P55017,SLC12A3,F794R,0.881
P55017,SLC12A3,F794Q,0.881
P55017,SLC12A3,F794N,0.875
P55017,SLC12A3,F794M,1.005
P55017,SLC12A3,F794L,1.044
P55017,SLC12A3,F794C,1.0
P55017,SLC12A3,F794D,0.864
P55017,SLC12A3,F794E,0.798
P55017,SLC12A3,F794A,0.915
P55017,SLC12A3,F794H,0.996
P55017,SLC12A3,F794I,1.027
P55017,SLC12A3,F794K,0.849
P55017,SLC12A3,F794G,0.812
P55017,SLC12A3,D795P,0.818
P55017,SLC12A3,D795Y,0.914
P55017,SLC12A3,D795W,0.74
P55017,SLC12A3,D795V,0.859
P55017,SLC12A3,D795T,0.894
P55017,SLC12A3,D795S,0.938
P55017,SLC12A3,D795R,0.824
P55017,SLC12A3,D795Q,0.933
P55017,SLC12A3,D795N,1.049
P55017,SLC12A3,D795M,0.82
P55017,SLC12A3,D795L,0.773
P55017,SLC12A3,D795C,0.836
P55017,SLC12A3,D795E,1.072
P55017,SLC12A3,D795F,0.845
P55017,SLC12A3,D795A,0.91
P55017,SLC12A3,D795H,0.952
P55017,SLC12A3,D795I,0.836
P55017,SLC12A3,D795K,0.89
P55017,SLC12A3,D795G,0.95
P55017,SLC12A3,P796N,0.919
P55017,SLC12A3,P796Y,0.918
P55017,SLC12A3,P796W,0.786
P55017,SLC12A3,P796V,0.956
P55017,SLC12A3,P796T,1.038
P55017,SLC12A3,P796S,1.048
P55017,SLC12A3,P796R,0.962
P55017,SLC12A3,P796Q,1.047
P55017,SLC12A3,P796M,0.971
P55017,SLC12A3,P796L,0.999
P55017,SLC12A3,P796K,0.94
P55017,SLC12A3,P796C,0.915
P55017,SLC12A3,P796D,0.904
P55017,SLC12A3,P796E,0.954
P55017,SLC12A3,P796A,1.063
P55017,SLC12A3,P796G,0.892
P55017,SLC12A3,P796H,0.99
P55017,SLC12A3,P796I,0.92
P55017,SLC12A3,P796F,0.894
P55017,SLC12A3,A797P,1.011
P55017,SLC12A3,A797Y,0.928
P55017,SLC12A3,A797W,0.845
P55017,SLC12A3,A797V,1.089
P55017,SLC12A3,A797T,1.104
P55017,SLC12A3,A797S,1.112
P55017,SLC12A3,A797R,0.924
P55017,SLC12A3,A797Q,0.958
P55017,SLC12A3,A797N,0.956
P55017,SLC12A3,A797M,1.019
P55017,SLC12A3,A797L,0.97
P55017,SLC12A3,A797D,0.95
P55017,SLC12A3,A797E,0.995
P55017,SLC12A3,A797F,0.921
P55017,SLC12A3,A797C,1.038
P55017,SLC12A3,A797H,0.906
P55017,SLC12A3,A797I,1.002
P55017,SLC12A3,A797K,0.943
P55017,SLC12A3,A797G,1.062
P55017,SLC12A3,E798P,0.871
P55017,SLC12A3,E798Y,0.867
P55017,SLC12A3,E798W,0.797
P55017,SLC12A3,E798V,0.933
P55017,SLC12A3,E798T,0.91
P55017,SLC12A3,E798S,0.912
P55017,SLC12A3,E798R,0.941
P55017,SLC12A3,E798Q,1.066
P55017,SLC12A3,E798N,0.944
P55017,SLC12A3,E798M,0.902
P55017,SLC12A3,E798L,0.842
P55017,SLC12A3,E798C,0.789
P55017,SLC12A3,E798D,1.072
P55017,SLC12A3,E798F,0.802
P55017,SLC12A3,E798A,0.966
P55017,SLC12A3,E798H,0.94
P55017,SLC12A3,E798I,0.882
P55017,SLC12A3,E798K,1.022
P55017,SLC12A3,E798G,0.928
P55017,SLC12A3,D799P,0.847
P55017,SLC12A3,D799Y,0.945
P55017,SLC12A3,D799W,0.77
P55017,SLC12A3,D799V,0.889
P55017,SLC12A3,D799T,0.924
P55017,SLC12A3,D799S,0.969
P55017,SLC12A3,D799R,0.854
P55017,SLC12A3,D799Q,0.964
P55017,SLC12A3,D799N,1.07
P55017,SLC12A3,D799M,0.85
P55017,SLC12A3,D799L,0.803
P55017,SLC12A3,D799C,0.867
P55017,SLC12A3,D799E,1.093
P55017,SLC12A3,D799F,0.876
P55017,SLC12A3,D799A,0.941
P55017,SLC12A3,D799H,0.982
P55017,SLC12A3,D799I,0.867
P55017,SLC12A3,D799K,0.92
P55017,SLC12A3,D799G,0.98
P55017,SLC12A3,G800P,0.862
P55017,SLC12A3,G800Y,0.844
P55017,SLC12A3,G800W,0.921
P55017,SLC12A3,G800V,0.942
P55017,SLC12A3,G800T,0.927
P55017,SLC12A3,G800S,1.066
P55017,SLC12A3,G800R,0.982
P55017,SLC12A3,G800Q,0.918
P55017,SLC12A3,G800N,1.018
P55017,SLC12A3,G800M,0.867
P55017,SLC12A3,G800L,0.811
P55017,SLC12A3,G800C,0.97
P55017,SLC12A3,G800D,0.994
P55017,SLC12A3,G800E,0.974
P55017,SLC12A3,G800A,1.072
P55017,SLC12A3,G800H,0.901
P55017,SLC12A3,G800I,0.86
P55017,SLC12A3,G800K,0.914
P55017,SLC12A3,G800F,0.873
P55017,SLC12A3,K801P,0.918
P55017,SLC12A3,K801Y,0.902
P55017,SLC12A3,K801W,0.934
P55017,SLC12A3,K801V,0.95
P55017,SLC12A3,K801T,1.022
P55017,SLC12A3,K801S,0.991
P55017,SLC12A3,K801R,1.153
P55017,SLC12A3,K801Q,1.1
P55017,SLC12A3,K801N,1.068
P55017,SLC12A3,K801M,1.038
P55017,SLC12A3,K801L,0.938
P55017,SLC12A3,K801C,0.882
P55017,SLC12A3,K801D,0.932
P55017,SLC12A3,K801E,1.074
P55017,SLC12A3,K801A,0.962
P55017,SLC12A3,K801G,0.897
P55017,SLC12A3,K801H,0.995
P55017,SLC12A3,K801I,0.952
P55017,SLC12A3,K801F,0.86
P55017,SLC12A3,E802P,0.975
P55017,SLC12A3,E802Y,0.971
P55017,SLC12A3,E802W,0.901
P55017,SLC12A3,E802V,1.036
P55017,SLC12A3,E802T,1.013
P55017,SLC12A3,E802S,1.015
P55017,SLC12A3,E802R,1.045
P55017,SLC12A3,E802Q,1.196
P55017,SLC12A3,E802N,1.047
P55017,SLC12A3,E802M,1.006
P55017,SLC12A3,E802L,0.946
P55017,SLC12A3,E802C,0.893
P55017,SLC12A3,E802D,1.204
P55017,SLC12A3,E802F,0.905
P55017,SLC12A3,E802A,1.07
P55017,SLC12A3,E802H,1.042
P55017,SLC12A3,E802I,0.985
P55017,SLC12A3,E802K,1.136
P55017,SLC12A3,E802G,1.032
P55017,SLC12A3,A803P,1.051
P55017,SLC12A3,A803Y,0.966
P55017,SLC12A3,A803W,0.884
P55017,SLC12A3,A803V,1.133
P55017,SLC12A3,A803T,1.147
P55017,SLC12A3,A803S,1.157
P55017,SLC12A3,A803R,0.969
P55017,SLC12A3,A803Q,1.001
P55017,SLC12A3,A803N,0.994
P55017,SLC12A3,A803M,1.059
P55017,SLC12A3,A803L,1.012
P55017,SLC12A3,A803D,0.988
P55017,SLC12A3,A803E,1.035
P55017,SLC12A3,A803F,0.96
P55017,SLC12A3,A803C,1.082
P55017,SLC12A3,A803H,0.944
P55017,SLC12A3,A803I,1.042
P55017,SLC12A3,A803K,0.986
P55017,SLC12A3,A803G,1.106
P55017,SLC12A3,S804N,1.201
P55017,SLC12A3,S804Y,1.05
P55017,SLC12A3,S804W,0.972
P55017,SLC12A3,S804V,1.015
P55017,SLC12A3,S804T,1.186
P55017,SLC12A3,S804R,1.063
P55017,SLC12A3,S804Q,1.059
P55017,SLC12A3,S804P,1.085
P55017,SLC12A3,S804M,1.063
P55017,SLC12A3,S804L,1.034
P55017,SLC12A3,S804K,1.062
P55017,SLC12A3,S804C,1.128
P55017,SLC12A3,S804D,1.056
P55017,SLC12A3,S804E,1.027
P55017,SLC12A3,S804A,1.185
P55017,SLC12A3,S804G,1.126
P55017,SLC12A3,S804H,1.044
P55017,SLC12A3,S804I,1.031
P55017,SLC12A3,S804F,1.056
P55017,SLC12A3,A805P,1.056
P55017,SLC12A3,A805Y,0.973
P55017,SLC12A3,A805W,0.891
P55017,SLC12A3,A805V,1.134
P55017,SLC12A3,A805T,1.149
P55017,SLC12A3,A805S,1.151
P55017,SLC12A3,A805R,0.97
P55017,SLC12A3,A805Q,1.004
P55017,SLC12A3,A805N,1.001
P55017,SLC12A3,A805M,1.064
P55017,SLC12A3,A805L,1.015
P55017,SLC12A3,A805D,0.995
P55017,SLC12A3,A805E,1.04
P55017,SLC12A3,A805F,0.967
P55017,SLC12A3,A805C,1.08
P55017,SLC12A3,A805H,0.952
P55017,SLC12A3,A805I,1.047
P55017,SLC12A3,A805K,0.988
P55017,SLC12A3,A805G,1.106
P55017,SLC12A3,R806N,1.084
P55017,SLC12A3,R806Y,1.004
P55017,SLC12A3,R806W,1.06
P55017,SLC12A3,R806V,0.97
P55017,SLC12A3,R806T,1.058
P55017,SLC12A3,R806S,1.054
P55017,SLC12A3,R806Q,1.171
P55017,SLC12A3,R806P,0.991
P55017,SLC12A3,R806M,1.067
P55017,SLC12A3,R806L,1.026
P55017,SLC12A3,R806K,1.201
P55017,SLC12A3,R806C,1.066
P55017,SLC12A3,R806D,0.925
P55017,SLC12A3,R806E,1.03
P55017,SLC12A3,R806A,0.984
P55017,SLC12A3,R806G,1.036
P55017,SLC12A3,R806H,1.16
P55017,SLC12A3,R806I,0.99
P55017,SLC12A3,R806F,0.894
P55017,SLC12A3,V807N,0.956
P55017,SLC12A3,V807Y,0.99
P55017,SLC12A3,V807W,0.933
P55017,SLC12A3,V807T,1.08
P55017,SLC12A3,V807S,0.981
P55017,SLC12A3,V807R,0.951
P55017,SLC12A3,V807Q,0.98
P55017,SLC12A3,V807P,0.952
P55017,SLC12A3,V807M,1.159
P55017,SLC12A3,V807L,1.12
P55017,SLC12A3,V807K,0.969
P55017,SLC12A3,V807C,1.033
P55017,SLC12A3,V807D,0.96
P55017,SLC12A3,V807E,1.012
P55017,SLC12A3,V807A,1.1
P55017,SLC12A3,V807G,0.982
P55017,SLC12A3,V807H,0.936
P55017,SLC12A3,V807I,1.24
P55017,SLC12A3,V807F,1.038
P55017,SLC12A3,D808P,0.862
P55017,SLC12A3,D808Y,0.94
P55017,SLC12A3,D808W,0.8
P55017,SLC12A3,D808V,0.895
P55017,SLC12A3,D808T,0.923
P55017,SLC12A3,D808S,0.959
P55017,SLC12A3,D808R,0.867
P55017,SLC12A3,D808Q,0.954
P55017,SLC12A3,D808N,1.049
P55017,SLC12A3,D808M,0.864
P55017,SLC12A3,D808L,0.826
P55017,SLC12A3,D808C,0.878
P55017,SLC12A3,D808E,1.072
P55017,SLC12A3,D808F,0.885
P55017,SLC12A3,D808A,0.936
P55017,SLC12A3,D808H,0.969
P55017,SLC12A3,D808I,0.878
P55017,SLC12A3,D808K,0.92
P55017,SLC12A3,D808G,0.968
P55017,SLC12A3,P809N,0.741
P55017,SLC12A3,P809Y,0.74
P55017,SLC12A3,P809W,0.635
P55017,SLC12A3,P809V,0.77
P55017,SLC12A3,P809T,0.835
P55017,SLC12A3,P809S,0.844
P55017,SLC12A3,P809R,0.776
P55017,SLC12A3,P809Q,0.843
P55017,SLC12A3,P809M,0.782
P55017,SLC12A3,P809L,0.804
P55017,SLC12A3,P809K,0.758
P55017,SLC12A3,P809C,0.738
P55017,SLC12A3,P809D,0.729
P55017,SLC12A3,P809E,0.769
P55017,SLC12A3,P809A,0.855
P55017,SLC12A3,P809G,0.719
P55017,SLC12A3,P809H,0.798
P55017,SLC12A3,P809I,0.742
P55017,SLC12A3,P809F,0.72
P55017,SLC12A3,K810P,0.956
P55017,SLC12A3,K810Y,0.946
P55017,SLC12A3,K810W,0.982
P55017,SLC12A3,K810V,0.993
P55017,SLC12A3,K810T,1.052
P55017,SLC12A3,K810S,1.02
P55017,SLC12A3,K810R,1.194
P55017,SLC12A3,K810Q,1.13
P55017,SLC12A3,K810N,1.091
P55017,SLC12A3,K810M,1.065
P55017,SLC12A3,K810L,0.982
P55017,SLC12A3,K810C,0.934
P55017,SLC12A3,K810D,0.97
P55017,SLC12A3,K810E,1.106
P55017,SLC12A3,K810A,0.998
P55017,SLC12A3,K810G,0.942
P55017,SLC12A3,K810H,1.03
P55017,SLC12A3,K810I,0.996
P55017,SLC12A3,K810F,0.913
P55017,SLC12A3,A811P,0.936
P55017,SLC12A3,A811Y,0.87
P55017,SLC12A3,A811W,0.804
P55017,SLC12A3,A811V,0.998
P55017,SLC12A3,A811T,1.01
P55017,SLC12A3,A811S,1.012
P55017,SLC12A3,A811R,0.868
P55017,SLC12A3,A811Q,0.895
P55017,SLC12A3,A811N,0.892
P55017,SLC12A3,A811M,0.943
P55017,SLC12A3,A811L,0.904
P55017,SLC12A3,A811D,0.888
P55017,SLC12A3,A811E,0.924
P55017,SLC12A3,A811F,0.865
P55017,SLC12A3,A811C,0.956
P55017,SLC12A3,A811H,0.852
P55017,SLC12A3,A811I,0.929
P55017,SLC12A3,A811K,0.883
P55017,SLC12A3,A811G,0.976
P55017,SLC12A3,L812P,0.871
P55017,SLC12A3,L812Y,0.878
P55017,SLC12A3,L812W,0.876
P55017,SLC12A3,L812V,0.974
P55017,SLC12A3,L812T,0.883
P55017,SLC12A3,L812S,0.868
P55017,SLC12A3,L812R,0.88
P55017,SLC12A3,L812Q,0.9
P55017,SLC12A3,L812N,0.817
P55017,SLC12A3,L812M,1.036
P55017,SLC12A3,L812K,0.843
P55017,SLC12A3,L812C,0.866
P55017,SLC12A3,L812D,0.765
P55017,SLC12A3,L812E,0.808
P55017,SLC12A3,L812A,0.87
P55017,SLC12A3,L812G,0.748
P55017,SLC12A3,L812H,0.867
P55017,SLC12A3,L812I,1.012
P55017,SLC12A3,L812F,0.954
P55017,SLC12A3,V813N,0.84
P55017,SLC12A3,V813Y,0.876
P55017,SLC12A3,V813W,0.819
P55017,SLC12A3,V813T,0.964
P55017,SLC12A3,V813S,0.866
P55017,SLC12A3,V813R,0.836
P55017,SLC12A3,V813Q,0.865
P55017,SLC12A3,V813P,0.84
P55017,SLC12A3,V813M,1.026
P55017,SLC12A3,V813L,0.99
P55017,SLC12A3,V813K,0.853
P55017,SLC12A3,V813C,0.918
P55017,SLC12A3,V813D,0.845
P55017,SLC12A3,V813E,0.897
P55017,SLC12A3,V813A,0.981
P55017,SLC12A3,V813G,0.867
P55017,SLC12A3,V813H,0.821
P55017,SLC12A3,V813I,1.106
P55017,SLC12A3,V813F,0.923
P55017,SLC12A3,K814P,1.022
P55017,SLC12A3,K814Y,1.005
P55017,SLC12A3,K814W,1.032
P55017,SLC12A3,K814V,1.049
P55017,SLC12A3,K814T,1.117
P55017,SLC12A3,K814S,1.09
P55017,SLC12A3,K814R,1.249
P55017,SLC12A3,K814Q,1.192
P55017,SLC12A3,K814N,1.158
P55017,SLC12A3,K814M,1.132
P55017,SLC12A3,K814L,1.038
P55017,SLC12A3,K814C,0.985
P55017,SLC12A3,K814D,1.035
P55017,SLC12A3,K814E,1.165
P55017,SLC12A3,K814A,1.062
P55017,SLC12A3,K814G,1.0
P55017,SLC12A3,K814H,1.092
P55017,SLC12A3,K814I,1.049
P55017,SLC12A3,K814F,0.966
P55017,SLC12A3,E815P,0.795
P55017,SLC12A3,E815Y,0.792
P55017,SLC12A3,E815W,0.736
P55017,SLC12A3,E815V,0.844
P55017,SLC12A3,E815T,0.826
P55017,SLC12A3,E815S,0.827
P55017,SLC12A3,E815R,0.851
P55017,SLC12A3,E815Q,0.966
P55017,SLC12A3,E815N,0.852
P55017,SLC12A3,E815M,0.82
P55017,SLC12A3,E815L,0.772
P55017,SLC12A3,E815C,0.729
P55017,SLC12A3,E815D,0.973
P55017,SLC12A3,E815F,0.739
P55017,SLC12A3,E815A,0.87
P55017,SLC12A3,E815H,0.849
P55017,SLC12A3,E815I,0.804
P55017,SLC12A3,E815K,0.922
P55017,SLC12A3,E815G,0.84
P55017,SLC12A3,E816P,0.836
P55017,SLC12A3,E816Y,0.832
P55017,SLC12A3,E816W,0.776
P55017,SLC12A3,E816V,0.884
P55017,SLC12A3,E816T,0.866
P55017,SLC12A3,E816S,0.867
P55017,SLC12A3,E816R,0.891
P55017,SLC12A3,E816Q,1.02
P55017,SLC12A3,E816N,0.893
P55017,SLC12A3,E816M,0.86
P55017,SLC12A3,E816L,0.812
P55017,SLC12A3,E816C,0.77
P55017,SLC12A3,E816D,1.028
P55017,SLC12A3,E816F,0.779
P55017,SLC12A3,E816A,0.911
P55017,SLC12A3,E816H,0.89
P55017,SLC12A3,E816I,0.844
P55017,SLC12A3,E816K,0.962
P55017,SLC12A3,E816G,0.881
P55017,SLC12A3,Q817N,0.806
P55017,SLC12A3,Q817Y,0.796
P55017,SLC12A3,Q817W,0.758
P55017,SLC12A3,Q817V,0.788
P55017,SLC12A3,Q817T,0.8
P55017,SLC12A3,Q817S,0.788
P55017,SLC12A3,Q817R,0.885
P55017,SLC12A3,Q817P,0.82
P55017,SLC12A3,Q817M,0.874
P55017,SLC12A3,Q817L,0.843
P55017,SLC12A3,Q817K,0.864
P55017,SLC12A3,Q817C,0.756
P55017,SLC12A3,Q817D,0.772
P55017,SLC12A3,Q817E,0.902
P55017,SLC12A3,Q817A,0.792
P55017,SLC12A3,Q817G,0.742
P55017,SLC12A3,Q817H,0.876
P55017,SLC12A3,Q817I,0.772
P55017,SLC12A3,Q817F,0.748
P55017,SLC12A3,A818P,0.887
P55017,SLC12A3,A818Y,0.804
P55017,SLC12A3,A818W,0.742
P55017,SLC12A3,A818V,0.96
P55017,SLC12A3,A818T,0.956
P55017,SLC12A3,A818S,0.965
P55017,SLC12A3,A818R,0.78
P55017,SLC12A3,A818Q,0.82
P55017,SLC12A3,A818N,0.818
P55017,SLC12A3,A818M,0.895
P55017,SLC12A3,A818L,0.857
P55017,SLC12A3,A818D,0.813
P55017,SLC12A3,A818E,0.857
P55017,SLC12A3,A818F,0.813
P55017,SLC12A3,A818C,0.899
P55017,SLC12A3,A818H,0.774
P55017,SLC12A3,A818I,0.88
P55017,SLC12A3,A818K,0.804
P55017,SLC12A3,A818G,0.919
P55017,SLC12A3,T819N,0.952
P55017,SLC12A3,T819Y,0.804
P55017,SLC12A3,T819W,0.735
P55017,SLC12A3,T819V,0.936
P55017,SLC12A3,T819S,0.986
P55017,SLC12A3,T819R,0.872
P55017,SLC12A3,T819Q,0.852
P55017,SLC12A3,T819P,0.885
P55017,SLC12A3,T819M,0.952
P55017,SLC12A3,T819L,0.841
P55017,SLC12A3,T819K,0.886
P55017,SLC12A3,T819C,0.849
P55017,SLC12A3,T819D,0.804
P55017,SLC12A3,T819E,0.831
P55017,SLC12A3,T819A,0.971
P55017,SLC12A3,T819G,0.812
P55017,SLC12A3,T819H,0.824
P55017,SLC12A3,T819I,0.931
P55017,SLC12A3,T819F,0.799
P55017,SLC12A3,T820N,0.568
P55017,SLC12A3,T820Y,0.51
P55017,SLC12A3,T820W,0.394
P55017,SLC12A3,T820V,0.678
P55017,SLC12A3,T820S,0.646
P55017,SLC12A3,T820R,0.494
P55017,SLC12A3,T820Q,0.5
P55017,SLC12A3,T820P,0.487
P55017,SLC12A3,T820M,0.666
P55017,SLC12A3,T820L,0.616
P55017,SLC12A3,T820K,0.503
P55017,SLC12A3,T820C,0.634
P55017,SLC12A3,T820D,0.456
P55017,SLC12A3,T820E,0.442
P55017,SLC12A3,T820A,0.662
P55017,SLC12A3,T820G,0.482
P55017,SLC12A3,T820H,0.456
P55017,SLC12A3,T820I,0.668
P55017,SLC12A3,T820F,0.536
P55017,SLC12A3,I821P,0.706
P55017,SLC12A3,I821Y,0.831
P55017,SLC12A3,I821W,0.734
P55017,SLC12A3,I821V,1.038
P55017,SLC12A3,I821T,0.852
P55017,SLC12A3,I821S,0.762
P55017,SLC12A3,I821R,0.721
P55017,SLC12A3,I821Q,0.7
P55017,SLC12A3,I821N,0.748
P55017,SLC12A3,I821M,0.956
P55017,SLC12A3,I821L,0.997
P55017,SLC12A3,I821C,0.818
P55017,SLC12A3,I821D,0.68
P55017,SLC12A3,I821E,0.697
P55017,SLC12A3,I821A,0.81
P55017,SLC12A3,I821G,0.668
P55017,SLC12A3,I821H,0.714
P55017,SLC12A3,I821K,0.708
P55017,SLC12A3,I821F,0.914
P55017,SLC12A3,F822P,0.253
P55017,SLC12A3,F822Y,0.717
P55017,SLC12A3,F822W,0.626
P55017,SLC12A3,F822V,0.599
P55017,SLC12A3,F822T,0.434
P55017,SLC12A3,F822S,0.464
P55017,SLC12A3,F822R,0.324
P55017,SLC12A3,F822Q,0.316
P55017,SLC12A3,F822N,0.366
P55017,SLC12A3,F822M,0.62
P55017,SLC12A3,F822L,0.685
P55017,SLC12A3,F822C,0.572
P55017,SLC12A3,F822D,0.28
P55017,SLC12A3,F822E,0.231
P55017,SLC12A3,F822A,0.448
P55017,SLC12A3,F822H,0.52
P55017,SLC12A3,F822I,0.645
P55017,SLC12A3,F822K,0.3
P55017,SLC12A3,F822G,0.358
P55017,SLC12A3,Q823N,0.616
P55017,SLC12A3,Q823Y,0.696
P55017,SLC12A3,Q823W,0.708
P55017,SLC12A3,Q823V,0.646
P55017,SLC12A3,Q823T,0.617
P55017,SLC12A3,Q823S,0.621
P55017,SLC12A3,Q823R,0.728
P55017,SLC12A3,Q823P,0.632
P55017,SLC12A3,Q823M,0.764
P55017,SLC12A3,Q823L,0.72
P55017,SLC12A3,Q823K,0.678
P55017,SLC12A3,Q823C,0.65
P55017,SLC12A3,Q823D,0.592
P55017,SLC12A3,Q823E,0.732
P55017,SLC12A3,Q823A,0.616
P55017,SLC12A3,Q823G,0.576
P55017,SLC12A3,Q823H,0.741
P55017,SLC12A3,Q823I,0.632
P55017,SLC12A3,Q823F,0.624
P55017,SLC12A3,S824N,0.976
P55017,SLC12A3,S824Y,0.83
P55017,SLC12A3,S824W,0.763
P55017,SLC12A3,S824V,0.837
P55017,SLC12A3,S824T,0.964
P55017,SLC12A3,S824R,0.851
P55017,SLC12A3,S824Q,0.862
P55017,SLC12A3,S824P,0.888
P55017,SLC12A3,S824M,0.864
P55017,SLC12A3,S824L,0.854
P55017,SLC12A3,S824K,0.87
P55017,SLC12A3,S824C,0.896
P55017,SLC12A3,S824D,0.864
P55017,SLC12A3,S824E,0.831
P55017,SLC12A3,S824A,0.961
P55017,SLC12A3,S824G,0.924
P55017,SLC12A3,S824H,0.837
P55017,SLC12A3,S824I,0.837
P55017,SLC12A3,S824F,0.866
P55017,SLC12A3,E825P,0.842
P55017,SLC12A3,E825Y,0.816
P55017,SLC12A3,E825W,0.774
P55017,SLC12A3,E825V,0.869
P55017,SLC12A3,E825T,0.861
P55017,SLC12A3,E825S,0.877
P55017,SLC12A3,E825R,0.876
P55017,SLC12A3,E825Q,1.004
P55017,SLC12A3,E825N,0.894
P55017,SLC12A3,E825M,0.838
P55017,SLC12A3,E825L,0.814
P55017,SLC12A3,E825C,0.744
P55017,SLC12A3,E825D,1.022
P55017,SLC12A3,E825F,0.789
P55017,SLC12A3,E825A,0.893
P55017,SLC12A3,E825H,0.889
P55017,SLC12A3,E825I,0.83
P55017,SLC12A3,E825K,0.95
P55017,SLC12A3,E825G,0.856
P55017,SLC12A3,Q826N,0.7
P55017,SLC12A3,Q826Y,0.68
P55017,SLC12A3,Q826W,0.621
P55017,SLC12A3,Q826V,0.694
P55017,SLC12A3,Q826T,0.688
P55017,SLC12A3,Q826S,0.69
P55017,SLC12A3,Q826R,0.76
P55017,SLC12A3,Q826P,0.696
P55017,SLC12A3,Q826M,0.778
P55017,SLC12A3,Q826L,0.746
P55017,SLC12A3,Q826K,0.736
P55017,SLC12A3,Q826C,0.638
P55017,SLC12A3,Q826D,0.676
P55017,SLC12A3,Q826E,0.785
P55017,SLC12A3,Q826A,0.692
P55017,SLC12A3,Q826G,0.628
P55017,SLC12A3,Q826H,0.753
P55017,SLC12A3,Q826I,0.663
P55017,SLC12A3,Q826F,0.658
P55017,SLC12A3,G827P,0.699
P55017,SLC12A3,G827Y,0.671
P55017,SLC12A3,G827W,0.74
P55017,SLC12A3,G827V,0.744
P55017,SLC12A3,G827T,0.732
P55017,SLC12A3,G827S,0.843
P55017,SLC12A3,G827R,0.742
P55017,SLC12A3,G827Q,0.722
P55017,SLC12A3,G827N,0.822
P55017,SLC12A3,G827M,0.664
P55017,SLC12A3,G827L,0.66
P55017,SLC12A3,G827C,0.738
P55017,SLC12A3,G827D,0.796
P55017,SLC12A3,G827E,0.758
P55017,SLC12A3,G827A,0.83
P55017,SLC12A3,G827H,0.721
P55017,SLC12A3,G827I,0.676
P55017,SLC12A3,G827K,0.706
P55017,SLC12A3,G827F,0.72
P55017,SLC12A3,K828P,0.778
P55017,SLC12A3,K828Y,0.736
P55017,SLC12A3,K828W,0.71
P55017,SLC12A3,K828V,0.774
P55017,SLC12A3,K828T,0.832
P55017,SLC12A3,K828S,0.835
P55017,SLC12A3,K828R,0.95
P55017,SLC12A3,K828Q,0.908
P55017,SLC12A3,K828N,0.876
P55017,SLC12A3,K828M,0.846
P55017,SLC12A3,K828L,0.768
P55017,SLC12A3,K828C,0.682
P55017,SLC12A3,K828D,0.786
P55017,SLC12A3,K828E,0.903
P55017,SLC12A3,K828A,0.798
P55017,SLC12A3,K828G,0.748
P55017,SLC12A3,K828H,0.811
P55017,SLC12A3,K828I,0.758
P55017,SLC12A3,K828F,0.707
P55017,SLC12A3,K829P,0.748
P55017,SLC12A3,K829Y,0.714
P55017,SLC12A3,K829W,0.709
P55017,SLC12A3,K829V,0.764
P55017,SLC12A3,K829T,0.804
P55017,SLC12A3,K829S,0.803
P55017,SLC12A3,K829R,0.909
P55017,SLC12A3,K829Q,0.864
P55017,SLC12A3,K829N,0.838
P55017,SLC12A3,K829M,0.832
P55017,SLC12A3,K829L,0.765
P55017,SLC12A3,K829C,0.68
P55017,SLC12A3,K829D,0.742
P55017,SLC12A3,K829E,0.853
P55017,SLC12A3,K829A,0.776
P55017,SLC12A3,K829G,0.726
P55017,SLC12A3,K829H,0.775
P55017,SLC12A3,K829I,0.754
P55017,SLC12A3,K829F,0.712
P55017,SLC12A3,T830N,0.614
P55017,SLC12A3,T830Y,0.554
P55017,SLC12A3,T830W,0.444
P55017,SLC12A3,T830V,0.69
P55017,SLC12A3,T830S,0.69
P55017,SLC12A3,T830R,0.538
P55017,SLC12A3,T830Q,0.544
P55017,SLC12A3,T830P,0.528
P55017,SLC12A3,T830M,0.674
P55017,SLC12A3,T830L,0.639
P55017,SLC12A3,T830K,0.557
P55017,SLC12A3,T830C,0.656
P55017,SLC12A3,T830D,0.506
P55017,SLC12A3,T830E,0.493
P55017,SLC12A3,T830A,0.698
P55017,SLC12A3,T830G,0.522
P55017,SLC12A3,T830H,0.492
P55017,SLC12A3,T830I,0.673
P55017,SLC12A3,T830F,0.57
P55017,SLC12A3,I831P,0.451
P55017,SLC12A3,I831Y,0.589
P55017,SLC12A3,I831W,0.502
P55017,SLC12A3,I831V,0.821
P55017,SLC12A3,I831T,0.59
P55017,SLC12A3,I831S,0.499
P55017,SLC12A3,I831R,0.45
P55017,SLC12A3,I831Q,0.434
P55017,SLC12A3,I831N,0.477
P55017,SLC12A3,I831M,0.738
P55017,SLC12A3,I831L,0.795
P55017,SLC12A3,I831C,0.598
P55017,SLC12A3,I831D,0.404
P55017,SLC12A3,I831E,0.42
P55017,SLC12A3,I831A,0.568
P55017,SLC12A3,I831G,0.416
P55017,SLC12A3,I831H,0.456
P55017,SLC12A3,I831K,0.429
P55017,SLC12A3,I831F,0.702
P55017,SLC12A3,D832P,0.302
P55017,SLC12A3,D832Y,0.472
P55017,SLC12A3,D832W,0.357
P55017,SLC12A3,D832V,0.504
P55017,SLC12A3,D832T,0.483
P55017,SLC12A3,D832S,0.503
P55017,SLC12A3,D832R,0.35
P55017,SLC12A3,D832Q,0.518
P55017,SLC12A3,D832N,0.606
P55017,SLC12A3,D832M,0.426
P55017,SLC12A3,D832L,0.442
P55017,SLC12A3,D832C,0.517
P55017,SLC12A3,D832E,0.616
P55017,SLC12A3,D832F,0.489
P55017,SLC12A3,D832A,0.482
P55017,SLC12A3,D832H,0.545
P55017,SLC12A3,D832I,0.483
P55017,SLC12A3,D832K,0.403
P55017,SLC12A3,D832G,0.471
P55017,SLC12A3,I833P,0.366
P55017,SLC12A3,I833Y,0.494
P55017,SLC12A3,I833W,0.448
P55017,SLC12A3,I833V,0.812
P55017,SLC12A3,I833T,0.58
P55017,SLC12A3,I833S,0.458
P55017,SLC12A3,I833R,0.419
P55017,SLC12A3,I833Q,0.39
P55017,SLC12A3,I833N,0.426
P55017,SLC12A3,I833M,0.72
P55017,SLC12A3,I833L,0.752
P55017,SLC12A3,I833C,0.598
P55017,SLC12A3,I833D,0.332
P55017,SLC12A3,I833E,0.349
P55017,SLC12A3,I833A,0.554
P55017,SLC12A3,I833G,0.356
P55017,SLC12A3,I833H,0.431
P55017,SLC12A3,I833K,0.422
P55017,SLC12A3,I833F,0.624
P55017,SLC12A3,Y834N,0.476
P55017,SLC12A3,Y834W,0.701
P55017,SLC12A3,Y834V,0.612
P55017,SLC12A3,Y834T,0.466
P55017,SLC12A3,Y834S,0.466
P55017,SLC12A3,Y834R,0.479
P55017,SLC12A3,Y834Q,0.51
P55017,SLC12A3,Y834P,0.366
P55017,SLC12A3,Y834M,0.603
P55017,SLC12A3,Y834L,0.67
P55017,SLC12A3,Y834K,0.407
P55017,SLC12A3,Y834C,0.618
P55017,SLC12A3,Y834D,0.372
P55017,SLC12A3,Y834E,0.387
P55017,SLC12A3,Y834A,0.486
P55017,SLC12A3,Y834G,0.442
P55017,SLC12A3,Y834H,0.676
P55017,SLC12A3,Y834I,0.616
P55017,SLC12A3,Y834F,0.84
P55017,SLC12A3,W835N,0.266
P55017,SLC12A3,W835Y,0.614
P55017,SLC12A3,W835V,0.456
P55017,SLC12A3,W835T,0.39
P55017,SLC12A3,W835S,0.37
P55017,SLC12A3,W835R,0.382
P55017,SLC12A3,W835Q,0.404
P55017,SLC12A3,W835P,0.232
P55017,SLC12A3,W835M,0.526
P55017,SLC12A3,W835L,0.55
P55017,SLC12A3,W835K,0.337
P55017,SLC12A3,W835C,0.538
P55017,SLC12A3,W835D,0.252
P55017,SLC12A3,W835E,0.316
P55017,SLC12A3,W835A,0.399
P55017,SLC12A3,W835G,0.434
P55017,SLC12A3,W835H,0.412
P55017,SLC12A3,W835I,0.439
P55017,SLC12A3,W835F,0.621
P55017,SLC12A3,L836P,0.667
P55017,SLC12A3,L836Y,0.688
P55017,SLC12A3,L836W,0.659
P55017,SLC12A3,L836V,0.809
P55017,SLC12A3,L836T,0.687
P55017,SLC12A3,L836S,0.663
P55017,SLC12A3,L836R,0.654
P55017,SLC12A3,L836Q,0.679
P55017,SLC12A3,L836N,0.586
P55017,SLC12A3,L836M,0.856
P55017,SLC12A3,L836K,0.615
P55017,SLC12A3,L836C,0.661
P55017,SLC12A3,L836D,0.547
P55017,SLC12A3,L836E,0.592
P55017,SLC12A3,L836A,0.684
P55017,SLC12A3,L836G,0.544
P55017,SLC12A3,L836H,0.651
P55017,SLC12A3,L836I,0.841
P55017,SLC12A3,L836F,0.784
P55017,SLC12A3,F837P,0.408
P55017,SLC12A3,F837Y,0.817
P55017,SLC12A3,F837W,0.712
P55017,SLC12A3,F837V,0.678
P55017,SLC12A3,F837T,0.566
P55017,SLC12A3,F837S,0.603
P55017,SLC12A3,F837R,0.488
P55017,SLC12A3,F837Q,0.474
P55017,SLC12A3,F837N,0.516
P55017,SLC12A3,F837M,0.696
P55017,SLC12A3,F837L,0.737
P55017,SLC12A3,F837C,0.66
P55017,SLC12A3,F837D,0.456
P55017,SLC12A3,F837E,0.406
P55017,SLC12A3,F837A,0.564
P55017,SLC12A3,F837H,0.641
P55017,SLC12A3,F837I,0.71
P55017,SLC12A3,F837K,0.46
P55017,SLC12A3,F837G,0.488
P55017,SLC12A3,D838P,0.362
P55017,SLC12A3,D838Y,0.53
P55017,SLC12A3,D838W,0.416
P55017,SLC12A3,D838V,0.546
P55017,SLC12A3,D838T,0.506
P55017,SLC12A3,D838S,0.526
P55017,SLC12A3,D838R,0.424
P55017,SLC12A3,D838Q,0.542
P55017,SLC12A3,D838N,0.635
P55017,SLC12A3,D838M,0.499
P55017,SLC12A3,D838L,0.503
P55017,SLC12A3,D838C,0.552
P55017,SLC12A3,D838E,0.643
P55017,SLC12A3,D838F,0.56
P55017,SLC12A3,D838A,0.519
P55017,SLC12A3,D838H,0.59
P55017,SLC12A3,D838I,0.542
P55017,SLC12A3,D838K,0.432
P55017,SLC12A3,D838G,0.506
P55017,SLC12A3,D839P,0.342
P55017,SLC12A3,D839Y,0.508
P55017,SLC12A3,D839W,0.388
P55017,SLC12A3,D839V,0.538
P55017,SLC12A3,D839T,0.494
P55017,SLC12A3,D839S,0.515
P55017,SLC12A3,D839R,0.392
P55017,SLC12A3,D839Q,0.528
P55017,SLC12A3,D839N,0.621
P55017,SLC12A3,D839M,0.473
P55017,SLC12A3,D839L,0.481
P55017,SLC12A3,D839C,0.544
P55017,SLC12A3,D839E,0.626
P55017,SLC12A3,D839F,0.532
P55017,SLC12A3,D839A,0.512
P55017,SLC12A3,D839H,0.572
P55017,SLC12A3,D839I,0.524
P55017,SLC12A3,D839K,0.416
P55017,SLC12A3,D839G,0.498
P55017,SLC12A3,G840P,0.396
P55017,SLC12A3,G840Y,0.324
P55017,SLC12A3,G840W,0.435
P55017,SLC12A3,G840V,0.538
P55017,SLC12A3,G840T,0.463
P55017,SLC12A3,G840S,0.589
P55017,SLC12A3,G840R,0.461
P55017,SLC12A3,G840Q,0.406
P55017,SLC12A3,G840N,0.508
P55017,SLC12A3,G840M,0.484
P55017,SLC12A3,G840L,0.429
P55017,SLC12A3,G840C,0.561
P55017,SLC12A3,G840D,0.458
P55017,SLC12A3,G840E,0.45
P55017,SLC12A3,G840A,0.662
P55017,SLC12A3,G840H,0.389
P55017,SLC12A3,G840I,0.442
P55017,SLC12A3,G840K,0.386
P55017,SLC12A3,G840F,0.424
P55017,SLC12A3,G841P,0.346
P55017,SLC12A3,G841Y,0.314
P55017,SLC12A3,G841W,0.434
P55017,SLC12A3,G841V,0.504
P55017,SLC12A3,G841T,0.425
P55017,SLC12A3,G841S,0.538
P55017,SLC12A3,G841R,0.417
P55017,SLC12A3,G841Q,0.368
P55017,SLC12A3,G841N,0.452
P55017,SLC12A3,G841M,0.452
P55017,SLC12A3,G841L,0.43
P55017,SLC12A3,G841C,0.535
P55017,SLC12A3,G841D,0.398
P55017,SLC12A3,G841E,0.4
P55017,SLC12A3,G841A,0.618
P55017,SLC12A3,G841H,0.366
P55017,SLC12A3,G841I,0.43
P55017,SLC12A3,G841K,0.348
P55017,SLC12A3,G841F,0.418
P55017,SLC12A3,L842P,0.348
P55017,SLC12A3,L842Y,0.46
P55017,SLC12A3,L842W,0.472
P55017,SLC12A3,L842V,0.638
P55017,SLC12A3,L842T,0.43
P55017,SLC12A3,L842S,0.376
P55017,SLC12A3,L842R,0.364
P55017,SLC12A3,L842Q,0.389
P55017,SLC12A3,L842N,0.31
P55017,SLC12A3,L842M,0.68
P55017,SLC12A3,L842K,0.326
P55017,SLC12A3,L842C,0.514
P55017,SLC12A3,L842D,0.211
P55017,SLC12A3,L842E,0.272
P55017,SLC12A3,L842A,0.451
P55017,SLC12A3,L842G,0.272
P55017,SLC12A3,L842H,0.354
P55017,SLC12A3,L842I,0.684
P55017,SLC12A3,L842F,0.62
P55017,SLC12A3,T843N,0.547
P55017,SLC12A3,T843Y,0.506
P55017,SLC12A3,T843W,0.401
P55017,SLC12A3,T843V,0.682
P55017,SLC12A3,T843S,0.628
P55017,SLC12A3,T843R,0.478
P55017,SLC12A3,T843Q,0.482
P55017,SLC12A3,T843P,0.474
P55017,SLC12A3,T843M,0.662
P55017,SLC12A3,T843L,0.648
P55017,SLC12A3,T843K,0.486
P55017,SLC12A3,T843C,0.639
P55017,SLC12A3,T843D,0.43
P55017,SLC12A3,T843E,0.419
P55017,SLC12A3,T843A,0.658
P55017,SLC12A3,T843G,0.468
P55017,SLC12A3,T843H,0.436
P55017,SLC12A3,T843I,0.673
P55017,SLC12A3,T843F,0.562
P55017,SLC12A3,L844P,0.278
P55017,SLC12A3,L844Y,0.394
P55017,SLC12A3,L844W,0.405
P55017,SLC12A3,L844V,0.583
P55017,SLC12A3,L844T,0.362
P55017,SLC12A3,L844S,0.316
P55017,SLC12A3,L844R,0.298
P55017,SLC12A3,L844Q,0.322
P55017,SLC12A3,L844N,0.247
P55017,SLC12A3,L844M,0.626
P55017,SLC12A3,L844K,0.262
P55017,SLC12A3,L844C,0.456
P55017,SLC12A3,L844D,0.116
P55017,SLC12A3,L844E,0.18
P55017,SLC12A3,L844A,0.39
P55017,SLC12A3,L844G,0.211
P55017,SLC12A3,L844H,0.28
P55017,SLC12A3,L844I,0.628
P55017,SLC12A3,L844F,0.564
P55017,SLC12A3,L845P,0.385
P55017,SLC12A3,L845Y,0.47
P55017,SLC12A3,L845W,0.479
P55017,SLC12A3,L845V,0.642
P55017,SLC12A3,L845T,0.445
P55017,SLC12A3,L845S,0.396
P55017,SLC12A3,L845R,0.386
P55017,SLC12A3,L845Q,0.414
P55017,SLC12A3,L845N,0.334
P55017,SLC12A3,L845M,0.686
P55017,SLC12A3,L845K,0.353
P55017,SLC12A3,L845C,0.518
P55017,SLC12A3,L845D,0.251
P55017,SLC12A3,L845E,0.3
P55017,SLC12A3,L845A,0.464
P55017,SLC12A3,L845G,0.289
P55017,SLC12A3,L845H,0.381
P55017,SLC12A3,L845I,0.684
P55017,SLC12A3,L845F,0.618
P55017,SLC12A3,I846P,0.483
P55017,SLC12A3,I846Y,0.595
P55017,SLC12A3,I846W,0.498
P55017,SLC12A3,I846V,0.817
P55017,SLC12A3,I846T,0.626
P55017,SLC12A3,I846S,0.536
P55017,SLC12A3,I846R,0.488
P55017,SLC12A3,I846Q,0.473
P55017,SLC12A3,I846N,0.516
P55017,SLC12A3,I846M,0.73
P55017,SLC12A3,I846L,0.768
P55017,SLC12A3,I846C,0.598
P55017,SLC12A3,I846D,0.448
P55017,SLC12A3,I846E,0.467
P55017,SLC12A3,I846A,0.59
P55017,SLC12A3,I846G,0.444
P55017,SLC12A3,I846H,0.483
P55017,SLC12A3,I846K,0.483
P55017,SLC12A3,I846F,0.678
P55017,SLC12A3,P847N,0.374
P55017,SLC12A3,P847Y,0.444
P55017,SLC12A3,P847W,0.306
P55017,SLC12A3,P847V,0.546
P55017,SLC12A3,P847T,0.554
P55017,SLC12A3,P847S,0.541
P55017,SLC12A3,P847R,0.406
P55017,SLC12A3,P847Q,0.506
P55017,SLC12A3,P847M,0.564
P55017,SLC12A3,P847L,0.532
P55017,SLC12A3,P847K,0.406
P55017,SLC12A3,P847C,0.561
P55017,SLC12A3,P847D,0.396
P55017,SLC12A3,P847E,0.426
P55017,SLC12A3,P847A,0.606
P55017,SLC12A3,P847G,0.422
P55017,SLC12A3,P847H,0.49
P55017,SLC12A3,P847I,0.468
P55017,SLC12A3,P847F,0.484
P55017,SLC12A3,Y848N,0.625
P55017,SLC12A3,Y848W,0.684
P55017,SLC12A3,Y848V,0.635
P55017,SLC12A3,Y848T,0.621
P55017,SLC12A3,Y848S,0.637
P55017,SLC12A3,Y848R,0.58
P55017,SLC12A3,Y848Q,0.66
P55017,SLC12A3,Y848P,0.588
P55017,SLC12A3,Y848M,0.655
P55017,SLC12A3,Y848L,0.661
P55017,SLC12A3,Y848K,0.582
P55017,SLC12A3,Y848C,0.669
P55017,SLC12A3,Y848D,0.594
P55017,SLC12A3,Y848E,0.6
P55017,SLC12A3,Y848A,0.618
P55017,SLC12A3,Y848G,0.543
P55017,SLC12A3,Y848H,0.79
P55017,SLC12A3,Y848I,0.634
P55017,SLC12A3,Y848F,0.833
P55017,SLC12A3,L849P,0.412
P55017,SLC12A3,L849Y,0.53
P55017,SLC12A3,L849W,0.53
P55017,SLC12A3,L849V,0.688
P55017,SLC12A3,L849T,0.526
P55017,SLC12A3,L849S,0.474
P55017,SLC12A3,L849R,0.466
P55017,SLC12A3,L849Q,0.482
P55017,SLC12A3,L849N,0.424
P55017,SLC12A3,L849M,0.734
P55017,SLC12A3,L849K,0.448
P55017,SLC12A3,L849C,0.575
P55017,SLC12A3,L849D,0.318
P55017,SLC12A3,L849E,0.37
P55017,SLC12A3,L849A,0.536
P55017,SLC12A3,L849G,0.371
P55017,SLC12A3,L849H,0.43
P55017,SLC12A3,L849I,0.72
P55017,SLC12A3,L849F,0.65
P55017,SLC12A3,L850P,0.37
P55017,SLC12A3,L850Y,0.476
P55017,SLC12A3,L850W,0.479
P55017,SLC12A3,L850V,0.651
P55017,SLC12A3,L850T,0.465
P55017,SLC12A3,L850S,0.41
P55017,SLC12A3,L850R,0.399
P55017,SLC12A3,L850Q,0.414
P55017,SLC12A3,L850N,0.356
P55017,SLC12A3,L850M,0.696
P55017,SLC12A3,L850K,0.377
P55017,SLC12A3,L850C,0.534
P55017,SLC12A3,L850D,0.246
P55017,SLC12A3,L850E,0.302
P55017,SLC12A3,L850A,0.483
P55017,SLC12A3,L850G,0.313
P55017,SLC12A3,L850H,0.364
P55017,SLC12A3,L850I,0.686
P55017,SLC12A3,L850F,0.617
P55017,SLC12A3,G851P,0.611
P55017,SLC12A3,G851Y,0.584
P55017,SLC12A3,G851W,0.681
P55017,SLC12A3,G851V,0.743
P55017,SLC12A3,G851T,0.691
P55017,SLC12A3,G851S,0.812
P55017,SLC12A3,G851R,0.7
P55017,SLC12A3,G851Q,0.647
P55017,SLC12A3,G851N,0.723
P55017,SLC12A3,G851M,0.696
P55017,SLC12A3,G851L,0.642
P55017,SLC12A3,G851C,0.77
P55017,SLC12A3,G851D,0.694
P55017,SLC12A3,G851E,0.693
P55017,SLC12A3,G851A,0.869
P55017,SLC12A3,G851H,0.626
P55017,SLC12A3,G851I,0.666
P55017,SLC12A3,G851K,0.634
P55017,SLC12A3,G851F,0.656
P55017,SLC12A3,R852N,0.834
P55017,SLC12A3,R852Y,0.753
P55017,SLC12A3,R852W,0.762
P55017,SLC12A3,R852V,0.724
P55017,SLC12A3,R852T,0.804
P55017,SLC12A3,R852S,0.802
P55017,SLC12A3,R852Q,0.901
P55017,SLC12A3,R852P,0.756
P55017,SLC12A3,R852M,0.808
P55017,SLC12A3,R852L,0.777
P55017,SLC12A3,R852K,0.938
P55017,SLC12A3,R852C,0.78
P55017,SLC12A3,R852D,0.705
P55017,SLC12A3,R852E,0.804
P55017,SLC12A3,R852A,0.76
P55017,SLC12A3,R852G,0.78
P55017,SLC12A3,R852H,0.874
P55017,SLC12A3,R852I,0.731
P55017,SLC12A3,R852F,0.677
P55017,SLC12A3,K853P,0.424
P55017,SLC12A3,K853Y,0.564
P55017,SLC12A3,K853W,0.594
P55017,SLC12A3,K853V,0.608
P55017,SLC12A3,K853T,0.626
P55017,SLC12A3,K853S,0.57
P55017,SLC12A3,K853R,0.768
P55017,SLC12A3,K853Q,0.711
P55017,SLC12A3,K853N,0.644
P55017,SLC12A3,K853M,0.652
P55017,SLC12A3,K853L,0.609
P55017,SLC12A3,K853C,0.607
P55017,SLC12A3,K853D,0.504
P55017,SLC12A3,K853E,0.644
P55017,SLC12A3,K853A,0.585
P55017,SLC12A3,K853G,0.467
P55017,SLC12A3,K853H,0.602
P55017,SLC12A3,K853I,0.574
P55017,SLC12A3,K853F,0.51
P55017,SLC12A3,R854N,0.915
P55017,SLC12A3,R854Y,0.819
P55017,SLC12A3,R854W,0.875
P55017,SLC12A3,R854V,0.79
P55017,SLC12A3,R854T,0.89
P55017,SLC12A3,R854S,0.885
P55017,SLC12A3,R854Q,0.998
P55017,SLC12A3,R854P,0.815
P55017,SLC12A3,R854M,0.896
P55017,SLC12A3,R854L,0.853
P55017,SLC12A3,R854K,1.036
P55017,SLC12A3,R854C,0.896
P55017,SLC12A3,R854D,0.755
P55017,SLC12A3,R854E,0.869
P55017,SLC12A3,R854A,0.817
P55017,SLC12A3,R854G,0.867
P55017,SLC12A3,R854H,0.986
P55017,SLC12A3,R854I,0.804
P55017,SLC12A3,R854F,0.718
P55017,SLC12A3,R855N,0.783
P55017,SLC12A3,R855Y,0.702
P55017,SLC12A3,R855W,0.708
P55017,SLC12A3,R855V,0.683
P55017,SLC12A3,R855T,0.758
P55017,SLC12A3,R855S,0.753
P55017,SLC12A3,R855Q,0.845
P55017,SLC12A3,R855P,0.706
P55017,SLC12A3,R855M,0.764
P55017,SLC12A3,R855L,0.738
P55017,SLC12A3,R855K,0.882
P55017,SLC12A3,R855C,0.738
P55017,SLC12A3,R855D,0.652
P55017,SLC12A3,R855E,0.748
P55017,SLC12A3,R855A,0.714
P55017,SLC12A3,R855G,0.735
P55017,SLC12A3,R855H,0.819
P55017,SLC12A3,R855I,0.688
P55017,SLC12A3,R855F,0.634
P55017,SLC12A3,W856N,0.296
P55017,SLC12A3,W856Y,0.691
P55017,SLC12A3,W856V,0.532
P55017,SLC12A3,W856T,0.452
P55017,SLC12A3,W856S,0.41
P55017,SLC12A3,W856R,0.421
P55017,SLC12A3,W856Q,0.434
P55017,SLC12A3,W856P,0.259
P55017,SLC12A3,W856M,0.615
P55017,SLC12A3,W856L,0.632
P55017,SLC12A3,W856K,0.363
P55017,SLC12A3,W856C,0.611
P55017,SLC12A3,W856D,0.277
P55017,SLC12A3,W856E,0.351
P55017,SLC12A3,W856A,0.463
P55017,SLC12A3,W856G,0.492
P55017,SLC12A3,W856H,0.454
P55017,SLC12A3,W856I,0.496
P55017,SLC12A3,W856F,0.72
P55017,SLC12A3,S857N,1.063
P55017,SLC12A3,S857Y,0.909
P55017,SLC12A3,S857W,0.837
P55017,SLC12A3,S857V,0.909
P55017,SLC12A3,S857T,1.046
P55017,SLC12A3,S857R,0.936
P55017,SLC12A3,S857Q,0.955
P55017,SLC12A3,S857P,0.971
P55017,SLC12A3,S857M,0.934
P55017,SLC12A3,S857L,0.919
P55017,SLC12A3,S857K,0.964
P55017,SLC12A3,S857C,0.973
P55017,SLC12A3,S857D,0.958
P55017,SLC12A3,S857E,0.938
P55017,SLC12A3,S857A,1.041
P55017,SLC12A3,S857G,1.009
P55017,SLC12A3,S857H,0.92
P55017,SLC12A3,S857I,0.906
P55017,SLC12A3,S857F,0.932
P55017,SLC12A3,K858P,0.823
P55017,SLC12A3,K858Y,0.79
P55017,SLC12A3,K858W,0.774
P55017,SLC12A3,K858V,0.836
P55017,SLC12A3,K858T,0.882
P55017,SLC12A3,K858S,0.882
P55017,SLC12A3,K858R,0.994
P55017,SLC12A3,K858Q,0.948
P55017,SLC12A3,K858N,0.92
P55017,SLC12A3,K858M,0.908
P55017,SLC12A3,K858L,0.838
P55017,SLC12A3,K858C,0.742
P55017,SLC12A3,K858D,0.825
P55017,SLC12A3,K858E,0.939
P55017,SLC12A3,K858A,0.848
P55017,SLC12A3,K858G,0.798
P55017,SLC12A3,K858H,0.858
P55017,SLC12A3,K858I,0.822
P55017,SLC12A3,K858F,0.774
P55017,SLC12A3,C859P,0.357
P55017,SLC12A3,C859Y,0.527
P55017,SLC12A3,C859W,0.516
P55017,SLC12A3,C859V,0.624
P55017,SLC12A3,C859T,0.566
P55017,SLC12A3,C859S,0.595
P55017,SLC12A3,C859R,0.453
P55017,SLC12A3,C859Q,0.436
P55017,SLC12A3,C859N,0.459
P55017,SLC12A3,C859M,0.64
P55017,SLC12A3,C859L,0.618
P55017,SLC12A3,C859D,0.428
P55017,SLC12A3,C859E,0.306
P55017,SLC12A3,C859F,0.568
P55017,SLC12A3,C859A,0.637
P55017,SLC12A3,C859H,0.461
P55017,SLC12A3,C859I,0.6
P55017,SLC12A3,C859K,0.368
P55017,SLC12A3,C859G,0.49
P55017,SLC12A3,K860P,0.725
P55017,SLC12A3,K860Y,0.674
P55017,SLC12A3,K860W,0.65
P55017,SLC12A3,K860V,0.728
P55017,SLC12A3,K860T,0.78
P55017,SLC12A3,K860S,0.782
P55017,SLC12A3,K860R,0.891
P55017,SLC12A3,K860Q,0.842
P55017,SLC12A3,K860N,0.817
P55017,SLC12A3,K860M,0.8
P55017,SLC12A3,K860L,0.724
P55017,SLC12A3,K860C,0.638
P55017,SLC12A3,K860D,0.722
P55017,SLC12A3,K860E,0.834
P55017,SLC12A3,K860A,0.748
P55017,SLC12A3,K860G,0.698
P55017,SLC12A3,K860H,0.755
P55017,SLC12A3,K860I,0.706
P55017,SLC12A3,K860F,0.657
P55017,SLC12A3,I861P,0.586
P55017,SLC12A3,I861Y,0.711
P55017,SLC12A3,I861W,0.617
P55017,SLC12A3,I861V,0.932
P55017,SLC12A3,I861T,0.728
P55017,SLC12A3,I861S,0.639
P55017,SLC12A3,I861R,0.59
P55017,SLC12A3,I861Q,0.572
P55017,SLC12A3,I861N,0.618
P55017,SLC12A3,I861M,0.851
P55017,SLC12A3,I861L,0.896
P55017,SLC12A3,I861C,0.712
P55017,SLC12A3,I861D,0.552
P55017,SLC12A3,I861E,0.566
P55017,SLC12A3,I861A,0.696
P55017,SLC12A3,I861G,0.55
P55017,SLC12A3,I861H,0.59
P55017,SLC12A3,I861K,0.575
P55017,SLC12A3,I861F,0.805
P55017,SLC12A3,R862N,0.544
P55017,SLC12A3,R862Y,0.504
P55017,SLC12A3,R862W,0.534
P55017,SLC12A3,R862V,0.517
P55017,SLC12A3,R862T,0.542
P55017,SLC12A3,R862S,0.525
P55017,SLC12A3,R862Q,0.63
P55017,SLC12A3,R862P,0.399
P55017,SLC12A3,R862M,0.636
P55017,SLC12A3,R862L,0.598
P55017,SLC12A3,R862K,0.66
P55017,SLC12A3,R862C,0.537
P55017,SLC12A3,R862D,0.406
P55017,SLC12A3,R862E,0.476
P55017,SLC12A3,R862A,0.526
P55017,SLC12A3,R862G,0.496
P55017,SLC12A3,R862H,0.651
P55017,SLC12A3,R862I,0.53
P55017,SLC12A3,R862F,0.483
P55017,SLC12A3,V863N,0.391
P55017,SLC12A3,V863Y,0.532
P55017,SLC12A3,V863W,0.442
P55017,SLC12A3,V863T,0.599
P55017,SLC12A3,V863S,0.468
P55017,SLC12A3,V863R,0.362
P55017,SLC12A3,V863Q,0.455
P55017,SLC12A3,V863P,0.428
P55017,SLC12A3,V863M,0.749
P55017,SLC12A3,V863L,0.758
P55017,SLC12A3,V863K,0.408
P55017,SLC12A3,V863C,0.633
P55017,SLC12A3,V863D,0.366
P55017,SLC12A3,V863E,0.438
P55017,SLC12A3,V863A,0.656
P55017,SLC12A3,V863G,0.458
P55017,SLC12A3,V863H,0.396
P55017,SLC12A3,V863I,0.838
P55017,SLC12A3,V863F,0.64
P55017,SLC12A3,F864P,0.174
P55017,SLC12A3,F864Y,0.645
P55017,SLC12A3,F864W,0.531
P55017,SLC12A3,F864V,0.515
P55017,SLC12A3,F864T,0.354
P55017,SLC12A3,F864S,0.374
P55017,SLC12A3,F864R,0.245
P55017,SLC12A3,F864Q,0.232
P55017,SLC12A3,F864N,0.276
P55017,SLC12A3,F864M,0.548
P55017,SLC12A3,F864L,0.602
P55017,SLC12A3,F864C,0.466
P55017,SLC12A3,F864D,0.215
P55017,SLC12A3,F864E,0.169
P55017,SLC12A3,F864A,0.367
P55017,SLC12A3,F864H,0.432
P55017,SLC12A3,F864I,0.554
P55017,SLC12A3,F864K,0.213
P55017,SLC12A3,F864G,0.286
P55017,SLC12A3,V865N,0.49
P55017,SLC12A3,V865Y,0.615
P55017,SLC12A3,V865W,0.558
P55017,SLC12A3,V865T,0.68
P55017,SLC12A3,V865S,0.552
P55017,SLC12A3,V865R,0.475
P55017,SLC12A3,V865Q,0.546
P55017,SLC12A3,V865P,0.512
P55017,SLC12A3,V865M,0.816
P55017,SLC12A3,V865L,0.818
P55017,SLC12A3,V865K,0.498
P55017,SLC12A3,V865C,0.704
P55017,SLC12A3,V865D,0.469
P55017,SLC12A3,V865E,0.53
P55017,SLC12A3,V865A,0.732
P55017,SLC12A3,V865G,0.544
P55017,SLC12A3,V865H,0.5
P55017,SLC12A3,V865I,0.899
P55017,SLC12A3,V865F,0.706
P55017,SLC12A3,G866P,0.674
P55017,SLC12A3,G866Y,0.679
P55017,SLC12A3,G866W,0.753
P55017,SLC12A3,G866V,0.782
P55017,SLC12A3,G866T,0.729
P55017,SLC12A3,G866S,0.816
P55017,SLC12A3,G866R,0.749
P55017,SLC12A3,G866Q,0.713
P55017,SLC12A3,G866N,0.789
P55017,SLC12A3,G866M,0.711
P55017,SLC12A3,G866L,0.696
P55017,SLC12A3,G866C,0.768
P55017,SLC12A3,G866D,0.76
P55017,SLC12A3,G866E,0.736
P55017,SLC12A3,G866A,0.83
P55017,SLC12A3,G866H,0.708
P55017,SLC12A3,G866I,0.72
P55017,SLC12A3,G866K,0.698
P55017,SLC12A3,G866F,0.746
P55017,SLC12A3,G867P,0.661
P55017,SLC12A3,G867Y,0.656
P55017,SLC12A3,G867W,0.726
P55017,SLC12A3,G867V,0.758
P55017,SLC12A3,G867T,0.726
P55017,SLC12A3,G867S,0.824
P55017,SLC12A3,G867R,0.762
P55017,SLC12A3,G867Q,0.702
P55017,SLC12A3,G867N,0.788
P55017,SLC12A3,G867M,0.686
P55017,SLC12A3,G867L,0.659
P55017,SLC12A3,G867C,0.753
P55017,SLC12A3,G867D,0.768
P55017,SLC12A3,G867E,0.746
P55017,SLC12A3,G867A,0.822
P55017,SLC12A3,G867H,0.694
P55017,SLC12A3,G867I,0.682
P55017,SLC12A3,G867K,0.696
P55017,SLC12A3,G867F,0.706
P55017,SLC12A3,Q868N,0.939
P55017,SLC12A3,Q868Y,0.92
P55017,SLC12A3,Q868W,0.862
P55017,SLC12A3,Q868V,0.9
P55017,SLC12A3,Q868T,0.926
P55017,SLC12A3,Q868S,0.917
P55017,SLC12A3,Q868R,1.012
P55017,SLC12A3,Q868P,0.933
P55017,SLC12A3,Q868M,0.977
P55017,SLC12A3,Q868L,0.938
P55017,SLC12A3,Q868K,0.991
P55017,SLC12A3,Q868C,0.859
P55017,SLC12A3,Q868D,0.9
P55017,SLC12A3,Q868E,1.024
P55017,SLC12A3,Q868A,0.915
P55017,SLC12A3,Q868G,0.867
P55017,SLC12A3,Q868H,0.992
P55017,SLC12A3,Q868I,0.872
P55017,SLC12A3,Q868F,0.851
P55017,SLC12A3,I869P,0.744
P55017,SLC12A3,I869Y,0.846
P55017,SLC12A3,I869W,0.763
P55017,SLC12A3,I869V,1.055
P55017,SLC12A3,I869T,0.891
P55017,SLC12A3,I869S,0.81
P55017,SLC12A3,I869R,0.783
P55017,SLC12A3,I869Q,0.756
P55017,SLC12A3,I869N,0.802
P55017,SLC12A3,I869M,0.976
P55017,SLC12A3,I869L,0.997
P55017,SLC12A3,I869C,0.845
P55017,SLC12A3,I869D,0.718
P55017,SLC12A3,I869E,0.748
P55017,SLC12A3,I869A,0.849
P55017,SLC12A3,I869G,0.715
P55017,SLC12A3,I869H,0.772
P55017,SLC12A3,I869K,0.774
P55017,SLC12A3,I869F,0.907
P55017,SLC12A3,N870P,0.867
P55017,SLC12A3,N870Y,0.922
P55017,SLC12A3,N870W,0.788
P55017,SLC12A3,N870V,0.853
P55017,SLC12A3,N870T,1.018
P55017,SLC12A3,N870S,1.068
P55017,SLC12A3,N870R,0.978
P55017,SLC12A3,N870Q,0.99
P55017,SLC12A3,N870M,0.897
P55017,SLC12A3,N870L,0.831
P55017,SLC12A3,N870K,1.007
P55017,SLC12A3,N870C,0.869
P55017,SLC12A3,N870D,1.053
P55017,SLC12A3,N870E,0.962
P55017,SLC12A3,N870A,0.914
P55017,SLC12A3,N870G,0.988
P55017,SLC12A3,N870H,1.052
P55017,SLC12A3,N870I,0.88
P55017,SLC12A3,N870F,0.864
P55017,SLC12A3,R871N,0.867
P55017,SLC12A3,R871Y,0.796
P55017,SLC12A3,R871W,0.805
P55017,SLC12A3,R871V,0.772
P55017,SLC12A3,R871T,0.842
P55017,SLC12A3,R871S,0.835
P55017,SLC12A3,R871Q,0.929
P55017,SLC12A3,R871P,0.788
P55017,SLC12A3,R871M,0.856
P55017,SLC12A3,R871L,0.833
P55017,SLC12A3,R871K,0.969
P55017,SLC12A3,R871C,0.825
P55017,SLC12A3,R871D,0.732
P55017,SLC12A3,R871E,0.83
P55017,SLC12A3,R871A,0.795
P55017,SLC12A3,R871G,0.814
P55017,SLC12A3,R871H,0.907
P55017,SLC12A3,R871I,0.782
P55017,SLC12A3,R871F,0.722
P55017,SLC12A3,M872P,0.632
P55017,SLC12A3,M872Y,0.769
P55017,SLC12A3,M872W,0.79
P55017,SLC12A3,M872V,0.934
P55017,SLC12A3,M872T,0.804
P55017,SLC12A3,M872S,0.695
P55017,SLC12A3,M872R,0.724
P55017,SLC12A3,M872Q,0.766
P55017,SLC12A3,M872N,0.688
P55017,SLC12A3,M872L,0.973
P55017,SLC12A3,M872K,0.734
P55017,SLC12A3,M872C,0.774
P55017,SLC12A3,M872D,0.602
P55017,SLC12A3,M872E,0.676
P55017,SLC12A3,M872A,0.788
P55017,SLC12A3,M872G,0.678
P55017,SLC12A3,M872H,0.734
P55017,SLC12A3,M872I,0.932
P55017,SLC12A3,M872F,0.838
P55017,SLC12A3,D873P,0.773
P55017,SLC12A3,D873Y,0.787
P55017,SLC12A3,D873W,0.666
P55017,SLC12A3,D873V,0.76
P55017,SLC12A3,D873T,0.818
P55017,SLC12A3,D873S,0.863
P55017,SLC12A3,D873R,0.747
P55017,SLC12A3,D873Q,0.848
P55017,SLC12A3,D873N,0.938
P55017,SLC12A3,D873M,0.745
P55017,SLC12A3,D873L,0.698
P55017,SLC12A3,D873C,0.722
P55017,SLC12A3,D873E,0.98
P55017,SLC12A3,D873F,0.75
P55017,SLC12A3,D873A,0.81
P55017,SLC12A3,D873H,0.828
P55017,SLC12A3,D873I,0.74
P55017,SLC12A3,D873K,0.81
P55017,SLC12A3,D873G,0.861
P55017,SLC12A3,Q874N,0.952
P55017,SLC12A3,Q874Y,0.891
P55017,SLC12A3,Q874W,0.835
P55017,SLC12A3,Q874V,0.881
P55017,SLC12A3,Q874T,0.924
P55017,SLC12A3,Q874S,0.937
P55017,SLC12A3,Q874R,1.013
P55017,SLC12A3,Q874P,0.936
P55017,SLC12A3,Q874M,0.966
P55017,SLC12A3,Q874L,0.909
P55017,SLC12A3,Q874K,1.002
P55017,SLC12A3,Q874C,0.836
P55017,SLC12A3,Q874D,0.932
P55017,SLC12A3,Q874E,1.042
P55017,SLC12A3,Q874A,0.916
P55017,SLC12A3,Q874G,0.863
P55017,SLC12A3,Q874H,0.986
P55017,SLC12A3,Q874I,0.841
P55017,SLC12A3,Q874F,0.823
P55017,SLC12A3,E875P,0.652
P55017,SLC12A3,E875Y,0.777
P55017,SLC12A3,E875W,0.712
P55017,SLC12A3,E875V,0.81
P55017,SLC12A3,E875T,0.743
P55017,SLC12A3,E875S,0.755
P55017,SLC12A3,E875R,0.794
P55017,SLC12A3,E875Q,0.928
P55017,SLC12A3,E875N,0.76
P55017,SLC12A3,E875M,0.818
P55017,SLC12A3,E875L,0.76
P55017,SLC12A3,E875C,0.718
P55017,SLC12A3,E875D,0.907
P55017,SLC12A3,E875F,0.73
P55017,SLC12A3,E875A,0.815
P55017,SLC12A3,E875H,0.788
P55017,SLC12A3,E875I,0.771
P55017,SLC12A3,E875K,0.827
P55017,SLC12A3,E875G,0.766
P55017,SLC12A3,R876N,0.806
P55017,SLC12A3,R876Y,0.746
P55017,SLC12A3,R876W,0.754
P55017,SLC12A3,R876V,0.737
P55017,SLC12A3,R876T,0.79
P55017,SLC12A3,R876S,0.781
P55017,SLC12A3,R876Q,0.876
P55017,SLC12A3,R876P,0.738
P55017,SLC12A3,R876M,0.815
P55017,SLC12A3,R876L,0.798
P55017,SLC12A3,R876K,0.907
P55017,SLC12A3,R876C,0.786
P55017,SLC12A3,R876D,0.674
P55017,SLC12A3,R876E,0.774
P55017,SLC12A3,R876A,0.755
P55017,SLC12A3,R876G,0.766
P55017,SLC12A3,R876H,0.852
P55017,SLC12A3,R876I,0.744
P55017,SLC12A3,R876F,0.691
P55017,SLC12A3,K877P,0.836
P55017,SLC12A3,K877Y,0.781
P55017,SLC12A3,K877W,0.753
P55017,SLC12A3,K877V,0.83
P55017,SLC12A3,K877T,0.891
P55017,SLC12A3,K877S,0.894
P55017,SLC12A3,K877R,1.005
P55017,SLC12A3,K877Q,0.957
P55017,SLC12A3,K877N,0.93
P55017,SLC12A3,K877M,0.899
P55017,SLC12A3,K877L,0.822
P55017,SLC12A3,K877C,0.742
P55017,SLC12A3,K877D,0.834
P55017,SLC12A3,K877E,0.948
P55017,SLC12A3,K877A,0.858
P55017,SLC12A3,K877G,0.81
P55017,SLC12A3,K877H,0.864
P55017,SLC12A3,K877I,0.808
P55017,SLC12A3,K877F,0.754
P55017,SLC12A3,A878P,0.814
P55017,SLC12A3,A878Y,0.714
P55017,SLC12A3,A878W,0.647
P55017,SLC12A3,A878V,0.86
P55017,SLC12A3,A878T,0.869
P55017,SLC12A3,A878S,0.882
P55017,SLC12A3,A878R,0.726
P55017,SLC12A3,A878Q,0.763
P55017,SLC12A3,A878N,0.748
P55017,SLC12A3,A878M,0.793
P55017,SLC12A3,A878L,0.764
P55017,SLC12A3,A878D,0.75
P55017,SLC12A3,A878E,0.791
P55017,SLC12A3,A878F,0.714
P55017,SLC12A3,A878C,0.804
P55017,SLC12A3,A878H,0.706
P55017,SLC12A3,A878I,0.771
P55017,SLC12A3,A878K,0.758
P55017,SLC12A3,A878G,0.836
P55017,SLC12A3,I879P,0.662
P55017,SLC12A3,I879Y,0.774
P55017,SLC12A3,I879W,0.675
P55017,SLC12A3,I879V,0.996
P55017,SLC12A3,I879T,0.801
P55017,SLC12A3,I879S,0.716
P55017,SLC12A3,I879R,0.668
P55017,SLC12A3,I879Q,0.65
P55017,SLC12A3,I879N,0.696
P55017,SLC12A3,I879M,0.908
P55017,SLC12A3,I879L,0.95
P55017,SLC12A3,I879C,0.774
P55017,SLC12A3,I879D,0.624
P55017,SLC12A3,I879E,0.646
P55017,SLC12A3,I879A,0.772
P55017,SLC12A3,I879G,0.624
P55017,SLC12A3,I879H,0.658
P55017,SLC12A3,I879K,0.661
P55017,SLC12A3,I879F,0.857
P55017,SLC12A3,I880P,0.774
P55017,SLC12A3,I880Y,0.871
P55017,SLC12A3,I880W,0.766
P55017,SLC12A3,I880V,1.077
P55017,SLC12A3,I880T,0.912
P55017,SLC12A3,I880S,0.832
P55017,SLC12A3,I880R,0.784
P55017,SLC12A3,I880Q,0.766
P55017,SLC12A3,I880N,0.816
P55017,SLC12A3,I880M,0.992
P55017,SLC12A3,I880L,1.021
P55017,SLC12A3,I880C,0.863
P55017,SLC12A3,I880D,0.755
P55017,SLC12A3,I880E,0.773
P55017,SLC12A3,I880A,0.871
P55017,SLC12A3,I880G,0.737
P55017,SLC12A3,I880H,0.769
P55017,SLC12A3,I880K,0.782
P55017,SLC12A3,I880F,0.931
P55017,SLC12A3,S881N,0.959
P55017,SLC12A3,S881Y,0.82
P55017,SLC12A3,S881W,0.758
P55017,SLC12A3,S881V,0.827
P55017,SLC12A3,S881T,0.948
P55017,SLC12A3,S881R,0.826
P55017,SLC12A3,S881Q,0.85
P55017,SLC12A3,S881P,0.869
P55017,SLC12A3,S881M,0.85
P55017,SLC12A3,S881L,0.845
P55017,SLC12A3,S881K,0.85
P55017,SLC12A3,S881C,0.875
P55017,SLC12A3,S881D,0.857
P55017,SLC12A3,S881E,0.825
P55017,SLC12A3,S881A,0.946
P55017,SLC12A3,S881G,0.911
P55017,SLC12A3,S881H,0.818
P55017,SLC12A3,S881I,0.827
P55017,SLC12A3,S881F,0.856
P55017,SLC12A3,L882P,0.484
P55017,SLC12A3,L882Y,0.574
P55017,SLC12A3,L882W,0.558
P55017,SLC12A3,L882V,0.758
P55017,SLC12A3,L882T,0.595
P55017,SLC12A3,L882S,0.543
P55017,SLC12A3,L882R,0.508
P55017,SLC12A3,L882Q,0.532
P55017,SLC12A3,L882N,0.471
P55017,SLC12A3,L882M,0.804
P55017,SLC12A3,L882K,0.508
P55017,SLC12A3,L882C,0.646
P55017,SLC12A3,L882D,0.378
P55017,SLC12A3,L882E,0.424
P55017,SLC12A3,L882A,0.607
P55017,SLC12A3,L882G,0.433
P55017,SLC12A3,L882H,0.497
P55017,SLC12A3,L882I,0.788
P55017,SLC12A3,L882F,0.716
P55017,SLC12A3,L883P,0.492
P55017,SLC12A3,L883Y,0.618
P55017,SLC12A3,L883W,0.629
P55017,SLC12A3,L883V,0.796
P55017,SLC12A3,L883T,0.594
P55017,SLC12A3,L883S,0.535
P55017,SLC12A3,L883R,0.528
P55017,SLC12A3,L883Q,0.544
P55017,SLC12A3,L883N,0.48
P55017,SLC12A3,L883M,0.84
P55017,SLC12A3,L883K,0.499
P55017,SLC12A3,L883C,0.673
P55017,SLC12A3,L883D,0.369
P55017,SLC12A3,L883E,0.424
P55017,SLC12A3,L883A,0.616
P55017,SLC12A3,L883G,0.437
P55017,SLC12A3,L883H,0.508
P55017,SLC12A3,L883I,0.837
P55017,SLC12A3,L883F,0.771
P55017,SLC12A3,S884N,0.904
P55017,SLC12A3,S884Y,0.745
P55017,SLC12A3,S884W,0.664
P55017,SLC12A3,S884V,0.748
P55017,SLC12A3,S884T,0.887
P55017,SLC12A3,S884R,0.776
P55017,SLC12A3,S884Q,0.79
P55017,SLC12A3,S884P,0.811
P55017,SLC12A3,S884M,0.774
P55017,SLC12A3,S884L,0.759
P55017,SLC12A3,S884K,0.8
P55017,SLC12A3,S884C,0.802
P55017,SLC12A3,S884D,0.795
P55017,SLC12A3,S884E,0.762
P55017,SLC12A3,S884A,0.881
P55017,SLC12A3,S884G,0.848
P55017,SLC12A3,S884H,0.76
P55017,SLC12A3,S884I,0.745
P55017,SLC12A3,S884F,0.773
P55017,SLC12A3,K885P,0.689
P55017,SLC12A3,K885Y,0.65
P55017,SLC12A3,K885W,0.647
P55017,SLC12A3,K885V,0.698
P55017,SLC12A3,K885T,0.746
P55017,SLC12A3,K885S,0.748
P55017,SLC12A3,K885R,0.852
P55017,SLC12A3,K885Q,0.809
P55017,SLC12A3,K885N,0.782
P55017,SLC12A3,K885M,0.766
P55017,SLC12A3,K885L,0.698
P55017,SLC12A3,K885C,0.62
P55017,SLC12A3,K885D,0.685
P55017,SLC12A3,K885E,0.802
P55017,SLC12A3,K885A,0.718
P55017,SLC12A3,K885G,0.668
P55017,SLC12A3,K885H,0.718
P55017,SLC12A3,K885I,0.689
P55017,SLC12A3,K885F,0.638
P55017,SLC12A3,F886P,0.319
P55017,SLC12A3,F886Y,0.735
P55017,SLC12A3,F886W,0.639
P55017,SLC12A3,F886V,0.626
P55017,SLC12A3,F886T,0.473
P55017,SLC12A3,F886S,0.503
P55017,SLC12A3,F886R,0.391
P55017,SLC12A3,F886Q,0.38
P55017,SLC12A3,F886N,0.408
P55017,SLC12A3,F886M,0.64
P55017,SLC12A3,F886L,0.694
P55017,SLC12A3,F886C,0.596
P55017,SLC12A3,F886D,0.339
P55017,SLC12A3,F886E,0.303
P55017,SLC12A3,F886A,0.488
P55017,SLC12A3,F886H,0.544
P55017,SLC12A3,F886I,0.658
P55017,SLC12A3,F886K,0.353
P55017,SLC12A3,F886G,0.397
P55017,SLC12A3,R887N,0.84
P55017,SLC12A3,R887Y,0.769
P55017,SLC12A3,R887W,0.784
P55017,SLC12A3,R887V,0.738
P55017,SLC12A3,R887T,0.812
P55017,SLC12A3,R887S,0.81
P55017,SLC12A3,R887Q,0.905
P55017,SLC12A3,R887P,0.768
P55017,SLC12A3,R887M,0.81
P55017,SLC12A3,R887L,0.78
P55017,SLC12A3,R887K,0.944
P55017,SLC12A3,R887C,0.792
P55017,SLC12A3,R887D,0.724
P55017,SLC12A3,R887E,0.81
P55017,SLC12A3,R887A,0.768
P55017,SLC12A3,R887G,0.79
P55017,SLC12A3,R887H,0.875
P55017,SLC12A3,R887I,0.747
P55017,SLC12A3,R887F,0.694
P55017,SLC12A3,L888P,0.578
P55017,SLC12A3,L888Y,0.686
P55017,SLC12A3,L888W,0.7
P55017,SLC12A3,L888V,0.832
P55017,SLC12A3,L888T,0.646
P55017,SLC12A3,L888S,0.597
P55017,SLC12A3,L888R,0.608
P55017,SLC12A3,L888Q,0.618
P55017,SLC12A3,L888N,0.554
P55017,SLC12A3,L888M,0.881
P55017,SLC12A3,L888K,0.568
P55017,SLC12A3,L888C,0.713
P55017,SLC12A3,L888D,0.467
P55017,SLC12A3,L888E,0.514
P55017,SLC12A3,L888A,0.663
P55017,SLC12A3,L888G,0.505
P55017,SLC12A3,L888H,0.597
P55017,SLC12A3,L888I,0.872
P55017,SLC12A3,L888F,0.818
P55017,SLC12A3,G889P,0.843
P55017,SLC12A3,G889Y,0.824
P55017,SLC12A3,G889W,0.892
P55017,SLC12A3,G889V,0.9
P55017,SLC12A3,G889T,0.898
P55017,SLC12A3,G889S,1.011
P55017,SLC12A3,G889R,0.926
P55017,SLC12A3,G889Q,0.889
P55017,SLC12A3,G889N,0.993
P55017,SLC12A3,G889M,0.826
P55017,SLC12A3,G889L,0.798
P55017,SLC12A3,G889C,0.913
P55017,SLC12A3,G889D,0.964
P55017,SLC12A3,G889E,0.926
P55017,SLC12A3,G889A,0.991
P55017,SLC12A3,G889H,0.878
P55017,SLC12A3,G889I,0.832
P55017,SLC12A3,G889K,0.886
P55017,SLC12A3,G889F,0.86
P55017,SLC12A3,F890P,0.514
P55017,SLC12A3,F890Y,0.822
P55017,SLC12A3,F890W,0.692
P55017,SLC12A3,F890V,0.704
P55017,SLC12A3,F890T,0.605
P55017,SLC12A3,F890S,0.601
P55017,SLC12A3,F890R,0.542
P55017,SLC12A3,F890Q,0.56
P55017,SLC12A3,F890N,0.517
P55017,SLC12A3,F890M,0.706
P55017,SLC12A3,F890L,0.78
P55017,SLC12A3,F890C,0.653
P55017,SLC12A3,F890D,0.539
P55017,SLC12A3,F890E,0.505
P55017,SLC12A3,F890A,0.62
P55017,SLC12A3,F890H,0.627
P55017,SLC12A3,F890I,0.746
P55017,SLC12A3,F890K,0.514
P55017,SLC12A3,F890G,0.519
P55017,SLC12A3,H891P,0.829
P55017,SLC12A3,H891Y,0.984
P55017,SLC12A3,H891W,0.851
P55017,SLC12A3,H891V,0.796
P55017,SLC12A3,H891T,0.818
P55017,SLC12A3,H891S,0.84
P55017,SLC12A3,H891R,0.926
P55017,SLC12A3,H891Q,0.927
P55017,SLC12A3,H891N,0.948
P55017,SLC12A3,H891M,0.853
P55017,SLC12A3,H891L,0.857
P55017,SLC12A3,H891C,0.847
P55017,SLC12A3,H891D,0.868
P55017,SLC12A3,H891E,0.86
P55017,SLC12A3,H891A,0.804
P55017,SLC12A3,H891G,0.804
P55017,SLC12A3,H891I,0.818
P55017,SLC12A3,H891K,0.842
P55017,SLC12A3,H891F,0.899
P55017,SLC12A3,E892P,0.742
P55017,SLC12A3,E892Y,0.71
P55017,SLC12A3,E892W,0.662
P55017,SLC12A3,E892V,0.777
P55017,SLC12A3,E892T,0.762
P55017,SLC12A3,E892S,0.775
P55017,SLC12A3,E892R,0.77
P55017,SLC12A3,E892Q,0.9
P55017,SLC12A3,E892N,0.79
P55017,SLC12A3,E892M,0.745
P55017,SLC12A3,E892L,0.718
P55017,SLC12A3,E892C,0.639
P55017,SLC12A3,E892D,0.92
P55017,SLC12A3,E892F,0.687
P55017,SLC12A3,E892A,0.794
P55017,SLC12A3,E892H,0.79
P55017,SLC12A3,E892I,0.729
P55017,SLC12A3,E892K,0.841
P55017,SLC12A3,E892G,0.756
P55017,SLC12A3,V893N,0.646
P55017,SLC12A3,V893Y,0.728
P55017,SLC12A3,V893W,0.658
P55017,SLC12A3,V893T,0.798
P55017,SLC12A3,V893S,0.684
P55017,SLC12A3,V893R,0.645
P55017,SLC12A3,V893Q,0.674
P55017,SLC12A3,V893P,0.692
P55017,SLC12A3,V893M,0.869
P55017,SLC12A3,V893L,0.879
P55017,SLC12A3,V893K,0.665
P55017,SLC12A3,V893C,0.72
P55017,SLC12A3,V893D,0.658
P55017,SLC12A3,V893E,0.713
P55017,SLC12A3,V893A,0.794
P55017,SLC12A3,V893G,0.688
P55017,SLC12A3,V893H,0.642
P55017,SLC12A3,V893I,0.95
P55017,SLC12A3,V893F,0.8
P55017,SLC12A3,H894P,0.725
P55017,SLC12A3,H894W,0.729
P55017,SLC12A3,H894V,0.677
P55017,SLC12A3,H894T,0.708
P55017,SLC12A3,H894S,0.738
P55017,SLC12A3,H894Y,0.887
P55017,SLC12A3,H894R,0.832
P55017,SLC12A3,H894Q,0.825
P55017,SLC12A3,H894N,0.845
P55017,SLC12A3,H894F,0.785
P55017,SLC12A3,H894L,0.739
P55017,SLC12A3,H894A,0.692
P55017,SLC12A3,H894C,0.734
P55017,SLC12A3,H894D,0.762
P55017,SLC12A3,H894M,0.746
P55017,SLC12A3,H894G,0.698
P55017,SLC12A3,H894I,0.692
P55017,SLC12A3,H894K,0.742
P55017,SLC12A3,H894E,0.755
P55017,SLC12A3,I895P,0.688
P55017,SLC12A3,I895Y,0.818
P55017,SLC12A3,I895W,0.722
P55017,SLC12A3,I895V,1.026
P55017,SLC12A3,I895T,0.83
P55017,SLC12A3,I895S,0.743
P55017,SLC12A3,I895R,0.702
P55017,SLC12A3,I895Q,0.679
P55017,SLC12A3,I895N,0.728
P55017,SLC12A3,I895M,0.944
P55017,SLC12A3,I895L,0.992
P55017,SLC12A3,I895C,0.806
P55017,SLC12A3,I895D,0.66
P55017,SLC12A3,I895E,0.675
P55017,SLC12A3,I895A,0.794
P55017,SLC12A3,I895G,0.653
P55017,SLC12A3,I895H,0.695
P55017,SLC12A3,I895K,0.685
P55017,SLC12A3,I895F,0.904
P55017,SLC12A3,L896P,0.631
P55017,SLC12A3,L896Y,0.66
P55017,SLC12A3,L896W,0.638
P55017,SLC12A3,L896V,0.792
P55017,SLC12A3,L896T,0.649
P55017,SLC12A3,L896S,0.619
P55017,SLC12A3,L896R,0.611
P55017,SLC12A3,L896Q,0.637
P55017,SLC12A3,L896N,0.54
P55017,SLC12A3,L896M,0.843
P55017,SLC12A3,L896K,0.569
P55017,SLC12A3,L896C,0.639
P55017,SLC12A3,L896D,0.501
P55017,SLC12A3,L896E,0.546
P55017,SLC12A3,L896A,0.652
P55017,SLC12A3,L896G,0.506
P55017,SLC12A3,L896H,0.615
P55017,SLC12A3,L896I,0.828
P55017,SLC12A3,L896F,0.776
P55017,SLC12A3,P897N,0.79
P55017,SLC12A3,P897Y,0.808
P55017,SLC12A3,P897W,0.7
P55017,SLC12A3,P897V,0.858
P55017,SLC12A3,P897T,0.879
P55017,SLC12A3,P897S,0.879
P55017,SLC12A3,P897R,0.82
P55017,SLC12A3,P897Q,0.88
P55017,SLC12A3,P897M,0.861
P55017,SLC12A3,P897L,0.895
P55017,SLC12A3,P897K,0.796
P55017,SLC12A3,P897C,0.786
P55017,SLC12A3,P897D,0.766
P55017,SLC12A3,P897E,0.812
P55017,SLC12A3,P897A,0.9
P55017,SLC12A3,P897G,0.783
P55017,SLC12A3,P897H,0.844
P55017,SLC12A3,P897I,0.836
P55017,SLC12A3,P897F,0.794
P55017,SLC12A3,D898P,0.699
P55017,SLC12A3,D898Y,0.722
P55017,SLC12A3,D898W,0.596
P55017,SLC12A3,D898V,0.699
P55017,SLC12A3,D898T,0.749
P55017,SLC12A3,D898S,0.792
P55017,SLC12A3,D898R,0.67
P55017,SLC12A3,D898Q,0.773
P55017,SLC12A3,D898N,0.865
P55017,SLC12A3,D898M,0.683
P55017,SLC12A3,D898L,0.648
P55017,SLC12A3,D898C,0.66
P55017,SLC12A3,D898E,0.904
P55017,SLC12A3,D898F,0.696
P55017,SLC12A3,D898A,0.743
P55017,SLC12A3,D898H,0.756
P55017,SLC12A3,D898I,0.682
P55017,SLC12A3,D898K,0.734
P55017,SLC12A3,D898G,0.794
P55017,SLC12A3,I899P,0.616
P55017,SLC12A3,I899Y,0.75
P55017,SLC12A3,I899W,0.67
P55017,SLC12A3,I899V,0.968
P55017,SLC12A3,I899T,0.758
P55017,SLC12A3,I899S,0.669
P55017,SLC12A3,I899R,0.626
P55017,SLC12A3,I899Q,0.607
P55017,SLC12A3,I899N,0.651
P55017,SLC12A3,I899M,0.884
P55017,SLC12A3,I899L,0.933
P55017,SLC12A3,I899C,0.742
P55017,SLC12A3,I899D,0.584
P55017,SLC12A3,I899E,0.603
P55017,SLC12A3,I899A,0.729
P55017,SLC12A3,I899G,0.579
P55017,SLC12A3,I899H,0.621
P55017,SLC12A3,I899K,0.607
P55017,SLC12A3,I899F,0.842
P55017,SLC12A3,N900P,0.762
P55017,SLC12A3,N900Y,0.86
P55017,SLC12A3,N900W,0.716
P55017,SLC12A3,N900V,0.8
P55017,SLC12A3,N900T,0.928
P55017,SLC12A3,N900S,0.969
P55017,SLC12A3,N900R,0.865
P55017,SLC12A3,N900Q,0.881
P55017,SLC12A3,N900M,0.84
P55017,SLC12A3,N900L,0.772
P55017,SLC12A3,N900K,0.91
P55017,SLC12A3,N900C,0.814
P55017,SLC12A3,N900D,0.953
P55017,SLC12A3,N900E,0.841
P55017,SLC12A3,N900A,0.84
P55017,SLC12A3,N900G,0.881
P55017,SLC12A3,N900H,0.96
P55017,SLC12A3,N900I,0.829
P55017,SLC12A3,N900F,0.797
P55017,SLC12A3,Q901N,0.901
P55017,SLC12A3,Q901Y,0.853
P55017,SLC12A3,Q901W,0.796
P55017,SLC12A3,Q901V,0.837
P55017,SLC12A3,Q901T,0.876
P55017,SLC12A3,Q901S,0.887
P55017,SLC12A3,Q901R,0.964
P55017,SLC12A3,Q901P,0.885
P55017,SLC12A3,Q901M,0.921
P55017,SLC12A3,Q901L,0.871
P55017,SLC12A3,Q901K,0.951
P55017,SLC12A3,Q901C,0.798
P55017,SLC12A3,Q901D,0.878
P55017,SLC12A3,Q901E,0.987
P55017,SLC12A3,Q901A,0.868
P55017,SLC12A3,Q901G,0.816
P55017,SLC12A3,Q901H,0.937
P55017,SLC12A3,Q901I,0.814
P55017,SLC12A3,Q901F,0.802
P55017,SLC12A3,N902P,0.887
P55017,SLC12A3,N902Y,0.946
P55017,SLC12A3,N902W,0.815
P55017,SLC12A3,N902V,0.884
P55017,SLC12A3,N902T,1.035
P55017,SLC12A3,N902S,1.082
P55017,SLC12A3,N902R,0.992
P55017,SLC12A3,N902Q,1.004
P55017,SLC12A3,N902M,0.926
P55017,SLC12A3,N902L,0.866
P55017,SLC12A3,N902K,1.019
P55017,SLC12A3,N902C,0.893
P55017,SLC12A3,N902D,1.064
P55017,SLC12A3,N902E,0.974
P55017,SLC12A3,N902A,0.934
P55017,SLC12A3,N902G,1.004
P55017,SLC12A3,N902H,1.07
P55017,SLC12A3,N902I,0.91
P55017,SLC12A3,N902F,0.898
P55017,SLC12A3,P903N,0.608
P55017,SLC12A3,P903Y,0.577
P55017,SLC12A3,P903W,0.486
P55017,SLC12A3,P903V,0.689
P55017,SLC12A3,P903T,0.723
P55017,SLC12A3,P903S,0.722
P55017,SLC12A3,P903R,0.615
P55017,SLC12A3,P903Q,0.704
P55017,SLC12A3,P903M,0.678
P55017,SLC12A3,P903L,0.703
P55017,SLC12A3,P903K,0.637
P55017,SLC12A3,P903C,0.578
P55017,SLC12A3,P903D,0.623
P55017,SLC12A3,P903E,0.649
P55017,SLC12A3,P903A,0.739
P55017,SLC12A3,P903G,0.625
P55017,SLC12A3,P903H,0.644
P55017,SLC12A3,P903I,0.628
P55017,SLC12A3,P903F,0.583
P55017,SLC12A3,R904N,0.934
P55017,SLC12A3,R904Y,0.858
P55017,SLC12A3,R904W,0.868
P55017,SLC12A3,R904V,0.83
P55017,SLC12A3,R904T,0.908
P55017,SLC12A3,R904S,0.904
P55017,SLC12A3,R904Q,0.997
P55017,SLC12A3,R904P,0.854
P55017,SLC12A3,R904M,0.915
P55017,SLC12A3,R904L,0.887
P55017,SLC12A3,R904K,1.036
P55017,SLC12A3,R904C,0.887
P55017,SLC12A3,R904D,0.803
P55017,SLC12A3,R904E,0.9
P55017,SLC12A3,R904A,0.86
P55017,SLC12A3,R904G,0.88
P55017,SLC12A3,R904H,0.976
P55017,SLC12A3,R904I,0.838
P55017,SLC12A3,R904F,0.786
P55017,SLC12A3,A905P,0.983
P55017,SLC12A3,A905Y,0.889
P55017,SLC12A3,A905W,0.838
P55017,SLC12A3,A905V,1.03
P55017,SLC12A3,A905T,1.04
P55017,SLC12A3,A905S,1.051
P55017,SLC12A3,A905R,0.909
P55017,SLC12A3,A905Q,0.936
P55017,SLC12A3,A905N,0.919
P55017,SLC12A3,A905M,0.964
P55017,SLC12A3,A905L,0.936
P55017,SLC12A3,A905D,0.92
P55017,SLC12A3,A905E,0.963
P55017,SLC12A3,A905F,0.887
P55017,SLC12A3,A905C,0.974
P55017,SLC12A3,A905H,0.879
P55017,SLC12A3,A905I,0.946
P55017,SLC12A3,A905K,0.93
P55017,SLC12A3,A905G,1.004
P55017,SLC12A3,E906P,0.831
P55017,SLC12A3,E906Y,0.778
P55017,SLC12A3,E906W,0.728
P55017,SLC12A3,E906V,0.842
P55017,SLC12A3,E906T,0.847
P55017,SLC12A3,E906S,0.865
P55017,SLC12A3,E906R,0.868
P55017,SLC12A3,E906Q,0.991
P55017,SLC12A3,E906N,0.882
P55017,SLC12A3,E906M,0.809
P55017,SLC12A3,E906L,0.768
P55017,SLC12A3,E906C,0.709
P55017,SLC12A3,E906D,1.004
P55017,SLC12A3,E906F,0.738
P55017,SLC12A3,E906A,0.878
P55017,SLC12A3,E906H,0.872
P55017,SLC12A3,E906I,0.788
P55017,SLC12A3,E906K,0.95
P55017,SLC12A3,E906G,0.844
P55017,SLC12A3,H907P,0.772
P55017,SLC12A3,H907Y,0.934
P55017,SLC12A3,H907W,0.774
P55017,SLC12A3,H907V,0.724
P55017,SLC12A3,H907T,0.758
P55017,SLC12A3,H907S,0.786
P55017,SLC12A3,H907R,0.877
P55017,SLC12A3,H907Q,0.872
P55017,SLC12A3,H907N,0.894
P55017,SLC12A3,H907M,0.79
P55017,SLC12A3,H907L,0.785
P55017,SLC12A3,H907C,0.781
P55017,SLC12A3,H907D,0.814
P55017,SLC12A3,H907E,0.807
P55017,SLC12A3,H907A,0.74
P55017,SLC12A3,H907G,0.748
P55017,SLC12A3,H907I,0.737
P55017,SLC12A3,H907K,0.786
P55017,SLC12A3,H907F,0.829
P55017,SLC12A3,T908N,0.768
P55017,SLC12A3,T908Y,0.73
P55017,SLC12A3,T908W,0.626
P55017,SLC12A3,T908V,0.88
P55017,SLC12A3,T908S,0.847
P55017,SLC12A3,T908R,0.696
P55017,SLC12A3,T908Q,0.701
P55017,SLC12A3,T908P,0.689
P55017,SLC12A3,T908M,0.863
P55017,SLC12A3,T908L,0.838
P55017,SLC12A3,T908K,0.71
P55017,SLC12A3,T908C,0.838
P55017,SLC12A3,T908D,0.651
P55017,SLC12A3,T908E,0.64
P55017,SLC12A3,T908A,0.867
P55017,SLC12A3,T908G,0.683
P55017,SLC12A3,T908H,0.655
P55017,SLC12A3,T908I,0.866
P55017,SLC12A3,T908F,0.766
P55017,SLC12A3,K909P,0.779
P55017,SLC12A3,K909Y,0.718
P55017,SLC12A3,K909W,0.69
P55017,SLC12A3,K909V,0.773
P55017,SLC12A3,K909T,0.832
P55017,SLC12A3,K909S,0.836
P55017,SLC12A3,K909R,0.943
P55017,SLC12A3,K909Q,0.897
P55017,SLC12A3,K909N,0.871
P55017,SLC12A3,K909M,0.84
P55017,SLC12A3,K909L,0.763
P55017,SLC12A3,K909C,0.684
P55017,SLC12A3,K909D,0.774
P55017,SLC12A3,K909E,0.889
P55017,SLC12A3,K909A,0.802
P55017,SLC12A3,K909G,0.755
P55017,SLC12A3,K909H,0.804
P55017,SLC12A3,K909I,0.747
P55017,SLC12A3,K909F,0.694
P55017,SLC12A3,R910N,0.845
P55017,SLC12A3,R910Y,0.772
P55017,SLC12A3,R910W,0.782
P55017,SLC12A3,R910V,0.75
P55017,SLC12A3,R910T,0.821
P55017,SLC12A3,R910S,0.814
P55017,SLC12A3,R910Q,0.906
P55017,SLC12A3,R910P,0.767
P55017,SLC12A3,R910M,0.833
P55017,SLC12A3,R910L,0.81
P55017,SLC12A3,R910K,0.943
P55017,SLC12A3,R910C,0.806
P55017,SLC12A3,R910D,0.713
P55017,SLC12A3,R910E,0.808
P55017,SLC12A3,R910A,0.775
P55017,SLC12A3,R910G,0.796
P55017,SLC12A3,R910H,0.888
P55017,SLC12A3,R910I,0.758
P55017,SLC12A3,R910F,0.708
P55017,SLC12A3,F911P,0.3
P55017,SLC12A3,F911Y,0.78
P55017,SLC12A3,F911W,0.686
P55017,SLC12A3,F911V,0.66
P55017,SLC12A3,F911T,0.496
P55017,SLC12A3,F911S,0.516
P55017,SLC12A3,F911R,0.38
P55017,SLC12A3,F911Q,0.37
P55017,SLC12A3,F911N,0.42
P55017,SLC12A3,F911M,0.676
P55017,SLC12A3,F911L,0.736
P55017,SLC12A3,F911C,0.61
P55017,SLC12A3,F911D,0.336
P55017,SLC12A3,F911E,0.294
P55017,SLC12A3,F911A,0.513
P55017,SLC12A3,F911H,0.574
P55017,SLC12A3,F911I,0.698
P55017,SLC12A3,F911K,0.359
P55017,SLC12A3,F911G,0.421
P55017,SLC12A3,E912P,0.783
P55017,SLC12A3,E912Y,0.728
P55017,SLC12A3,E912W,0.676
P55017,SLC12A3,E912V,0.804
P55017,SLC12A3,E912T,0.8
P55017,SLC12A3,E912S,0.818
P55017,SLC12A3,E912R,0.812
P55017,SLC12A3,E912Q,0.938
P55017,SLC12A3,E912N,0.83
P55017,SLC12A3,E912M,0.768
P55017,SLC12A3,E912L,0.732
P55017,SLC12A3,E912C,0.669
P55017,SLC12A3,E912D,0.952
P55017,SLC12A3,E912F,0.698
P55017,SLC12A3,E912A,0.834
P55017,SLC12A3,E912H,0.822
P55017,SLC12A3,E912I,0.746
P55017,SLC12A3,E912K,0.895
P55017,SLC12A3,E912G,0.8
P55017,SLC12A3,D913P,0.724
P55017,SLC12A3,D913Y,0.729
P55017,SLC12A3,D913W,0.597
P55017,SLC12A3,D913V,0.714
P55017,SLC12A3,D913T,0.761
P55017,SLC12A3,D913S,0.805
P55017,SLC12A3,D913R,0.68
P55017,SLC12A3,D913Q,0.784
P55017,SLC12A3,D913N,0.876
P55017,SLC12A3,D913M,0.696
P55017,SLC12A3,D913L,0.655
P55017,SLC12A3,D913C,0.674
P55017,SLC12A3,D913E,0.915
P55017,SLC12A3,D913F,0.703
P55017,SLC12A3,D913A,0.758
P55017,SLC12A3,D913H,0.766
P55017,SLC12A3,D913I,0.692
P55017,SLC12A3,D913K,0.744
P55017,SLC12A3,D913G,0.808
P55017,SLC12A3,M914P,0.641
P55017,SLC12A3,M914Y,0.643
P55017,SLC12A3,M914W,0.686
P55017,SLC12A3,M914V,0.834
P55017,SLC12A3,M914T,0.745
P55017,SLC12A3,M914S,0.69
P55017,SLC12A3,M914R,0.695
P55017,SLC12A3,M914Q,0.714
P55017,SLC12A3,M914N,0.633
P55017,SLC12A3,M914L,0.871
P55017,SLC12A3,M914K,0.689
P55017,SLC12A3,M914C,0.683
P55017,SLC12A3,M914D,0.554
P55017,SLC12A3,M914E,0.62
P55017,SLC12A3,M914A,0.705
P55017,SLC12A3,M914G,0.548
P55017,SLC12A3,M914H,0.613
P55017,SLC12A3,M914I,0.821
P55017,SLC12A3,M914F,0.742
P55017,SLC12A3,I915P,0.514
P55017,SLC12A3,I915Y,0.641
P55017,SLC12A3,I915W,0.546
P55017,SLC12A3,I915V,0.867
P55017,SLC12A3,I915T,0.656
P55017,SLC12A3,I915S,0.567
P55017,SLC12A3,I915R,0.516
P55017,SLC12A3,I915Q,0.502
P55017,SLC12A3,I915N,0.544
P55017,SLC12A3,I915M,0.782
P55017,SLC12A3,I915L,0.831
P55017,SLC12A3,I915C,0.641
P55017,SLC12A3,I915D,0.48
P55017,SLC12A3,I915E,0.498
P55017,SLC12A3,I915A,0.629
P55017,SLC12A3,I915G,0.478
P55017,SLC12A3,I915H,0.516
P55017,SLC12A3,I915K,0.502
P55017,SLC12A3,I915F,0.738
P55017,SLC12A3,A916P,0.83
P55017,SLC12A3,A916Y,0.75
P55017,SLC12A3,A916W,0.694
P55017,SLC12A3,A916V,0.884
P55017,SLC12A3,A916T,0.888
P55017,SLC12A3,A916S,0.9
P55017,SLC12A3,A916R,0.754
P55017,SLC12A3,A916Q,0.784
P55017,SLC12A3,A916N,0.768
P55017,SLC12A3,A916M,0.818
P55017,SLC12A3,A916L,0.794
P55017,SLC12A3,A916D,0.77
P55017,SLC12A3,A916E,0.812
P55017,SLC12A3,A916F,0.752
P55017,SLC12A3,A916C,0.826
P55017,SLC12A3,A916H,0.73
P55017,SLC12A3,A916I,0.8
P55017,SLC12A3,A916K,0.776
P55017,SLC12A3,A916G,0.853
P55017,SLC12A3,P917N,0.709
P55017,SLC12A3,P917Y,0.686
P55017,SLC12A3,P917W,0.609
P55017,SLC12A3,P917V,0.722
P55017,SLC12A3,P917T,0.788
P55017,SLC12A3,P917S,0.797
P55017,SLC12A3,P917R,0.731
P55017,SLC12A3,P917Q,0.794
P55017,SLC12A3,P917M,0.726
P55017,SLC12A3,P917L,0.739
P55017,SLC12A3,P917K,0.736
P55017,SLC12A3,P917C,0.658
P55017,SLC12A3,P917D,0.713
P55017,SLC12A3,P917E,0.742
P55017,SLC12A3,P917A,0.8
P55017,SLC12A3,P917G,0.694
P55017,SLC12A3,P917H,0.742
P55017,SLC12A3,P917I,0.692
P55017,SLC12A3,P917F,0.651
P55017,SLC12A3,F918P,0.637
P55017,SLC12A3,F918Y,0.909
P55017,SLC12A3,F918W,0.766
P55017,SLC12A3,F918V,0.765
P55017,SLC12A3,F918T,0.721
P55017,SLC12A3,F918S,0.73
P55017,SLC12A3,F918R,0.67
P55017,SLC12A3,F918Q,0.684
P55017,SLC12A3,F918N,0.654
P55017,SLC12A3,F918M,0.772
P55017,SLC12A3,F918L,0.819
P55017,SLC12A3,F918C,0.732
P55017,SLC12A3,F918D,0.683
P55017,SLC12A3,F918E,0.629
P55017,SLC12A3,F918A,0.72
P55017,SLC12A3,F918H,0.744
P55017,SLC12A3,F918I,0.795
P55017,SLC12A3,F918K,0.657
P55017,SLC12A3,F918G,0.641
P55017,SLC12A3,R919N,0.726
P55017,SLC12A3,R919Y,0.676
P55017,SLC12A3,R919W,0.698
P55017,SLC12A3,R919V,0.666
P55017,SLC12A3,R919T,0.712
P55017,SLC12A3,R919S,0.702
P55017,SLC12A3,R919Q,0.794
P55017,SLC12A3,R919P,0.654
P55017,SLC12A3,R919M,0.746
P55017,SLC12A3,R919L,0.738
P55017,SLC12A3,R919K,0.823
P55017,SLC12A3,R919C,0.714
P55017,SLC12A3,R919D,0.592
P55017,SLC12A3,R919E,0.688
P55017,SLC12A3,R919A,0.676
P55017,SLC12A3,R919G,0.687
P55017,SLC12A3,R919H,0.778
P55017,SLC12A3,R919I,0.684
P55017,SLC12A3,R919F,0.64
P55017,SLC12A3,L920P,0.647
P55017,SLC12A3,L920Y,0.682
P55017,SLC12A3,L920W,0.666
P55017,SLC12A3,L920V,0.8
P55017,SLC12A3,L920T,0.671
P55017,SLC12A3,L920S,0.643
P55017,SLC12A3,L920R,0.632
P55017,SLC12A3,L920Q,0.66
P55017,SLC12A3,L920N,0.568
P55017,SLC12A3,L920M,0.847
P55017,SLC12A3,L920K,0.587
P55017,SLC12A3,L920C,0.65
P55017,SLC12A3,L920D,0.532
P55017,SLC12A3,L920E,0.58
P55017,SLC12A3,L920A,0.664
P55017,SLC12A3,L920G,0.526
P55017,SLC12A3,L920H,0.638
P55017,SLC12A3,L920I,0.838
P55017,SLC12A3,L920F,0.787
P55017,SLC12A3,N921P,0.728
P55017,SLC12A3,N921Y,0.805
P55017,SLC12A3,N921W,0.694
P55017,SLC12A3,N921V,0.744
P55017,SLC12A3,N921T,0.889
P55017,SLC12A3,N921S,0.936
P55017,SLC12A3,N921R,0.842
P55017,SLC12A3,N921Q,0.853
P55017,SLC12A3,N921M,0.782
P55017,SLC12A3,N921L,0.736
P55017,SLC12A3,N921K,0.866
P55017,SLC12A3,N921C,0.756
P55017,SLC12A3,N921D,0.919
P55017,SLC12A3,N921E,0.818
P55017,SLC12A3,N921A,0.784
P55017,SLC12A3,N921G,0.859
P55017,SLC12A3,N921H,0.922
P55017,SLC12A3,N921I,0.778
P55017,SLC12A3,N921F,0.764
P55017,SLC12A3,D922P,0.553
P55017,SLC12A3,D922Y,0.732
P55017,SLC12A3,D922W,0.602
P55017,SLC12A3,D922V,0.726
P55017,SLC12A3,D922T,0.692
P55017,SLC12A3,D922S,0.709
P55017,SLC12A3,D922R,0.622
P55017,SLC12A3,D922Q,0.726
P55017,SLC12A3,D922N,0.812
P55017,SLC12A3,D922M,0.67
P55017,SLC12A3,D922L,0.666
P55017,SLC12A3,D922C,0.716
P55017,SLC12A3,D922E,0.82
P55017,SLC12A3,D922F,0.725
P55017,SLC12A3,D922A,0.705
P55017,SLC12A3,D922H,0.764
P55017,SLC12A3,D922I,0.718
P55017,SLC12A3,D922K,0.641
P55017,SLC12A3,D922G,0.696
P55017,SLC12A3,G923P,0.79
P55017,SLC12A3,G923Y,0.782
P55017,SLC12A3,G923W,0.838
P55017,SLC12A3,G923V,0.834
P55017,SLC12A3,G923T,0.84
P55017,SLC12A3,G923S,0.95
P55017,SLC12A3,G923R,0.876
P55017,SLC12A3,G923Q,0.83
P55017,SLC12A3,G923N,0.915
P55017,SLC12A3,G923M,0.75
P55017,SLC12A3,G923L,0.732
P55017,SLC12A3,G923C,0.843
P55017,SLC12A3,G923D,0.894
P55017,SLC12A3,G923E,0.868
P55017,SLC12A3,G923A,0.948
P55017,SLC12A3,G923H,0.824
P55017,SLC12A3,G923I,0.758
P55017,SLC12A3,G923K,0.83
P55017,SLC12A3,G923F,0.809
P55017,SLC12A3,F924P,0.856
P55017,SLC12A3,F924Y,1.156
P55017,SLC12A3,F924W,1.028
P55017,SLC12A3,F924V,1.015
P55017,SLC12A3,F924T,0.966
P55017,SLC12A3,F924S,1.003
P55017,SLC12A3,F924R,0.928
P55017,SLC12A3,F924Q,0.93
P55017,SLC12A3,F924N,0.92
P55017,SLC12A3,F924M,1.02
P55017,SLC12A3,F924L,1.057
P55017,SLC12A3,F924C,0.996
P55017,SLC12A3,F924D,0.916
P55017,SLC12A3,F924E,0.857
P55017,SLC12A3,F924A,0.954
P55017,SLC12A3,F924H,1.018
P55017,SLC12A3,F924I,1.044
P55017,SLC12A3,F924K,0.899
P55017,SLC12A3,F924G,0.861
P55017,SLC12A3,K925P,0.783
P55017,SLC12A3,K925Y,0.786
P55017,SLC12A3,K925W,0.806
P55017,SLC12A3,K925V,0.85
P55017,SLC12A3,K925T,0.863
P55017,SLC12A3,K925S,0.844
P55017,SLC12A3,K925R,0.968
P55017,SLC12A3,K925Q,0.92
P55017,SLC12A3,K925N,0.89
P55017,SLC12A3,K925M,0.913
P55017,SLC12A3,K925L,0.861
P55017,SLC12A3,K925C,0.772
P55017,SLC12A3,K925D,0.781
P55017,SLC12A3,K925E,0.905
P55017,SLC12A3,K925A,0.836
P55017,SLC12A3,K925G,0.774
P55017,SLC12A3,K925H,0.855
P55017,SLC12A3,K925I,0.857
P55017,SLC12A3,K925F,0.787
P55017,SLC12A3,D926P,0.814
P55017,SLC12A3,D926Y,0.849
P55017,SLC12A3,D926W,0.717
P55017,SLC12A3,D926V,0.834
P55017,SLC12A3,D926T,0.881
P55017,SLC12A3,D926S,0.925
P55017,SLC12A3,D926R,0.79
P55017,SLC12A3,D926Q,0.904
P55017,SLC12A3,D926N,0.996
P55017,SLC12A3,D926M,0.817
P55017,SLC12A3,D926L,0.776
P55017,SLC12A3,D926C,0.794
P55017,SLC12A3,D926E,1.03
P55017,SLC12A3,D926F,0.826
P55017,SLC12A3,D926A,0.878
P55017,SLC12A3,D926H,0.89
P55017,SLC12A3,D926I,0.814
P55017,SLC12A3,D926K,0.865
P55017,SLC12A3,D926G,0.926
P55017,SLC12A3,E927P,0.889
P55017,SLC12A3,E927Y,0.855
P55017,SLC12A3,E927W,0.802
P55017,SLC12A3,E927V,0.918
P55017,SLC12A3,E927T,0.918
P55017,SLC12A3,E927S,0.924
P55017,SLC12A3,E927R,0.934
P55017,SLC12A3,E927Q,1.06
P55017,SLC12A3,E927N,0.95
P55017,SLC12A3,E927M,0.885
P55017,SLC12A3,E927L,0.849
P55017,SLC12A3,E927C,0.792
P55017,SLC12A3,E927D,1.072
P55017,SLC12A3,E927F,0.814
P55017,SLC12A3,E927A,0.948
P55017,SLC12A3,E927H,0.94
P55017,SLC12A3,E927I,0.866
P55017,SLC12A3,E927K,1.016
P55017,SLC12A3,E927G,0.914
P55017,SLC12A3,A928P,0.959
P55017,SLC12A3,A928Y,0.863
P55017,SLC12A3,A928W,0.794
P55017,SLC12A3,A928V,1.011
P55017,SLC12A3,A928T,1.017
P55017,SLC12A3,A928S,1.028
P55017,SLC12A3,A928R,0.852
P55017,SLC12A3,A928Q,0.895
P55017,SLC12A3,A928N,0.897
P55017,SLC12A3,A928M,0.946
P55017,SLC12A3,A928L,0.919
P55017,SLC12A3,A928D,0.893
P55017,SLC12A3,A928E,0.932
P55017,SLC12A3,A928F,0.869
P55017,SLC12A3,A928C,0.954
P55017,SLC12A3,A928H,0.841
P55017,SLC12A3,A928I,0.929
P55017,SLC12A3,A928K,0.885
P55017,SLC12A3,A928G,0.982
P55017,SLC12A3,T929N,0.869
P55017,SLC12A3,T929Y,0.827
P55017,SLC12A3,T929W,0.719
P55017,SLC12A3,T929V,0.952
P55017,SLC12A3,T929S,0.943
P55017,SLC12A3,T929R,0.816
P55017,SLC12A3,T929Q,0.81
P55017,SLC12A3,T929P,0.791
P55017,SLC12A3,T929M,0.938
P55017,SLC12A3,T929L,0.898
P55017,SLC12A3,T929K,0.817
P55017,SLC12A3,T929C,0.915
P55017,SLC12A3,T929D,0.765
P55017,SLC12A3,T929E,0.764
P55017,SLC12A3,T929A,0.952
P55017,SLC12A3,T929G,0.774
P55017,SLC12A3,T929H,0.781
P55017,SLC12A3,T929I,0.943
P55017,SLC12A3,T929F,0.84
P55017,SLC12A3,V930N,0.57
P55017,SLC12A3,V930Y,0.66
P55017,SLC12A3,V930W,0.602
P55017,SLC12A3,V930T,0.73
P55017,SLC12A3,V930S,0.611
P55017,SLC12A3,V930R,0.548
P55017,SLC12A3,V930Q,0.613
P55017,SLC12A3,V930P,0.575
P55017,SLC12A3,V930M,0.856
P55017,SLC12A3,V930L,0.848
P55017,SLC12A3,V930K,0.561
P55017,SLC12A3,V930C,0.747
P55017,SLC12A3,V930D,0.562
P55017,SLC12A3,V930E,0.614
P55017,SLC12A3,V930A,0.775
P55017,SLC12A3,V930G,0.604
P55017,SLC12A3,V930H,0.578
P55017,SLC12A3,V930I,0.928
P55017,SLC12A3,V930F,0.763
P55017,SLC12A3,N931P,0.874
P55017,SLC12A3,N931Y,0.951
P55017,SLC12A3,N931W,0.813
P55017,SLC12A3,N931V,0.907
P55017,SLC12A3,N931T,1.039
P55017,SLC12A3,N931S,1.084
P55017,SLC12A3,N931R,0.974
P55017,SLC12A3,N931Q,0.996
P55017,SLC12A3,N931M,0.941
P55017,SLC12A3,N931L,0.887
P55017,SLC12A3,N931K,1.01
P55017,SLC12A3,N931C,0.925
P55017,SLC12A3,N931D,1.062
P55017,SLC12A3,N931E,0.952
P55017,SLC12A3,N931A,0.939
P55017,SLC12A3,N931G,1.011
P55017,SLC12A3,N931H,1.066
P55017,SLC12A3,N931I,0.944
P55017,SLC12A3,N931F,0.91
P55017,SLC12A3,E932P,0.874
P55017,SLC12A3,E932Y,0.83
P55017,SLC12A3,E932W,0.78
P55017,SLC12A3,E932V,0.9
P55017,SLC12A3,E932T,0.894
P55017,SLC12A3,E932S,0.911
P55017,SLC12A3,E932R,0.912
P55017,SLC12A3,E932Q,1.031
P55017,SLC12A3,E932N,0.924
P55017,SLC12A3,E932M,0.866
P55017,SLC12A3,E932L,0.835
P55017,SLC12A3,E932C,0.766
P55017,SLC12A3,E932D,1.043
P55017,SLC12A3,E932F,0.804
P55017,SLC12A3,E932A,0.927
P55017,SLC12A3,E932H,0.92
P55017,SLC12A3,E932I,0.849
P55017,SLC12A3,E932K,0.988
P55017,SLC12A3,E932G,0.89
P55017,SLC12A3,M933P,0.723
P55017,SLC12A3,M933Y,0.715
P55017,SLC12A3,M933W,0.752
P55017,SLC12A3,M933V,0.905
P55017,SLC12A3,M933T,0.826
P55017,SLC12A3,M933S,0.774
P55017,SLC12A3,M933R,0.769
P55017,SLC12A3,M933Q,0.8
P55017,SLC12A3,M933N,0.715
P55017,SLC12A3,M933L,0.93
P55017,SLC12A3,M933K,0.768
P55017,SLC12A3,M933C,0.754
P55017,SLC12A3,M933D,0.632
P55017,SLC12A3,M933E,0.712
P55017,SLC12A3,M933A,0.789
P55017,SLC12A3,M933G,0.633
P55017,SLC12A3,M933H,0.688
P55017,SLC12A3,M933I,0.884
P55017,SLC12A3,M933F,0.798
P55017,SLC12A3,R934N,0.874
P55017,SLC12A3,R934Y,0.819
P55017,SLC12A3,R934W,0.845
P55017,SLC12A3,R934V,0.812
P55017,SLC12A3,R934T,0.859
P55017,SLC12A3,R934S,0.848
P55017,SLC12A3,R934Q,0.938
P55017,SLC12A3,R934P,0.801
P55017,SLC12A3,R934M,0.89
P55017,SLC12A3,R934L,0.882
P55017,SLC12A3,R934K,0.97
P55017,SLC12A3,R934C,0.858
P55017,SLC12A3,R934D,0.735
P55017,SLC12A3,R934E,0.834
P55017,SLC12A3,R934A,0.82
P55017,SLC12A3,R934G,0.833
P55017,SLC12A3,R934H,0.923
P55017,SLC12A3,R934I,0.829
P55017,SLC12A3,R934F,0.764
P55017,SLC12A3,R935N,1.029
P55017,SLC12A3,R935Y,0.939
P55017,SLC12A3,R935W,0.966
P55017,SLC12A3,R935V,0.908
P55017,SLC12A3,R935T,0.997
P55017,SLC12A3,R935S,0.996
P55017,SLC12A3,R935Q,1.094
P55017,SLC12A3,R935P,0.948
P55017,SLC12A3,R935M,0.99
P55017,SLC12A3,R935L,0.954
P55017,SLC12A3,R935K,1.134
P55017,SLC12A3,R935C,0.982
P55017,SLC12A3,R935D,0.889
P55017,SLC12A3,R935E,0.992
P55017,SLC12A3,R935A,0.951
P55017,SLC12A3,R935G,0.973
P55017,SLC12A3,R935H,1.063
P55017,SLC12A3,R935I,0.915
P55017,SLC12A3,R935F,0.849
P55017,SLC12A3,D936P,0.795
P55017,SLC12A3,D936Y,0.851
P55017,SLC12A3,D936W,0.732
P55017,SLC12A3,D936V,0.818
P55017,SLC12A3,D936T,0.86
P55017,SLC12A3,D936S,0.902
P55017,SLC12A3,D936R,0.802
P55017,SLC12A3,D936Q,0.887
P55017,SLC12A3,D936N,0.976
P55017,SLC12A3,D936M,0.805
P55017,SLC12A3,D936L,0.768
P55017,SLC12A3,D936C,0.789
P55017,SLC12A3,D936E,1.01
P55017,SLC12A3,D936F,0.817
P55017,SLC12A3,D936A,0.856
P55017,SLC12A3,D936H,0.883
P55017,SLC12A3,D936I,0.807
P55017,SLC12A3,D936K,0.861
P55017,SLC12A3,D936G,0.898
P55017,SLC12A3,C937P,0.547
P55017,SLC12A3,C937Y,0.692
P55017,SLC12A3,C937W,0.681
P55017,SLC12A3,C937V,0.735
P55017,SLC12A3,C937T,0.708
P55017,SLC12A3,C937S,0.74
P55017,SLC12A3,C937R,0.614
P55017,SLC12A3,C937Q,0.645
P55017,SLC12A3,C937N,0.655
P55017,SLC12A3,C937M,0.754
P55017,SLC12A3,C937L,0.729
P55017,SLC12A3,C937D,0.627
P55017,SLC12A3,C937E,0.511
P55017,SLC12A3,C937F,0.724
P55017,SLC12A3,C937A,0.757
P55017,SLC12A3,C937H,0.652
P55017,SLC12A3,C937I,0.732
P55017,SLC12A3,C937K,0.583
P55017,SLC12A3,C937G,0.658
P55017,SLC12A3,P938N,0.732
P55017,SLC12A3,P938Y,0.72
P55017,SLC12A3,P938W,0.615
P55017,SLC12A3,P938V,0.758
P55017,SLC12A3,P938T,0.81
P55017,SLC12A3,P938S,0.816
P55017,SLC12A3,P938R,0.763
P55017,SLC12A3,P938Q,0.816
P55017,SLC12A3,P938M,0.763
P55017,SLC12A3,P938L,0.781
P55017,SLC12A3,P938K,0.747
P55017,SLC12A3,P938C,0.691
P55017,SLC12A3,P938D,0.708
P55017,SLC12A3,P938E,0.755
P55017,SLC12A3,P938A,0.82
P55017,SLC12A3,P938G,0.713
P55017,SLC12A3,P938H,0.773
P55017,SLC12A3,P938I,0.732
P55017,SLC12A3,P938F,0.692
P55017,SLC12A3,W939N,0.598
P55017,SLC12A3,W939Y,0.852
P55017,SLC12A3,W939V,0.658
P55017,SLC12A3,W939T,0.701
P55017,SLC12A3,W939S,0.676
P55017,SLC12A3,W939R,0.718
P55017,SLC12A3,W939Q,0.762
P55017,SLC12A3,W939P,0.629
P55017,SLC12A3,W939M,0.778
P55017,SLC12A3,W939L,0.732
P55017,SLC12A3,W939K,0.682
P55017,SLC12A3,W939C,0.719
P55017,SLC12A3,W939D,0.552
P55017,SLC12A3,W939E,0.68
P55017,SLC12A3,W939A,0.638
P55017,SLC12A3,W939G,0.706
P55017,SLC12A3,W939H,0.666
P55017,SLC12A3,W939I,0.642
P55017,SLC12A3,W939F,0.827
P55017,SLC12A3,K940P,0.789
P55017,SLC12A3,K940Y,0.755
P55017,SLC12A3,K940W,0.752
P55017,SLC12A3,K940V,0.802
P55017,SLC12A3,K940T,0.842
P55017,SLC12A3,K940S,0.843
P55017,SLC12A3,K940R,0.947
P55017,SLC12A3,K940Q,0.907
P55017,SLC12A3,K940N,0.876
P55017,SLC12A3,K940M,0.869
P55017,SLC12A3,K940L,0.804
P55017,SLC12A3,K940C,0.73
P55017,SLC12A3,K940D,0.779
P55017,SLC12A3,K940E,0.895
P55017,SLC12A3,K940A,0.818
P55017,SLC12A3,K940G,0.764
P55017,SLC12A3,K940H,0.816
P55017,SLC12A3,K940I,0.796
P55017,SLC12A3,K940F,0.746
P55017,SLC12A3,I941P,0.536
P55017,SLC12A3,I941Y,0.662
P55017,SLC12A3,I941W,0.571
P55017,SLC12A3,I941V,0.885
P55017,SLC12A3,I941T,0.682
P55017,SLC12A3,I941S,0.592
P55017,SLC12A3,I941R,0.547
P55017,SLC12A3,I941Q,0.525
P55017,SLC12A3,I941N,0.571
P55017,SLC12A3,I941M,0.8
P55017,SLC12A3,I941L,0.847
P55017,SLC12A3,I941C,0.661
P55017,SLC12A3,I941D,0.501
P55017,SLC12A3,I941E,0.518
P55017,SLC12A3,I941A,0.649
P55017,SLC12A3,I941G,0.501
P55017,SLC12A3,I941H,0.54
P55017,SLC12A3,I941K,0.535
P55017,SLC12A3,I941F,0.754
P55017,SLC12A3,S942N,0.757
P55017,SLC12A3,S942Y,0.733
P55017,SLC12A3,S942W,0.684
P55017,SLC12A3,S942V,0.718
P55017,SLC12A3,S942T,0.819
P55017,SLC12A3,S942R,0.684
P55017,SLC12A3,S942Q,0.676
P55017,SLC12A3,S942P,0.663
P55017,SLC12A3,S942M,0.777
P55017,SLC12A3,S942L,0.77
P55017,SLC12A3,S942K,0.638
P55017,SLC12A3,S942C,0.822
P55017,SLC12A3,S942D,0.656
P55017,SLC12A3,S942E,0.627
P55017,SLC12A3,S942A,0.841
P55017,SLC12A3,S942G,0.755
P55017,SLC12A3,S942H,0.708
P55017,SLC12A3,S942I,0.756
P55017,SLC12A3,S942F,0.758
P55017,SLC12A3,D943P,0.498
P55017,SLC12A3,D943Y,0.647
P55017,SLC12A3,D943W,0.545
P55017,SLC12A3,D943V,0.657
P55017,SLC12A3,D943T,0.648
P55017,SLC12A3,D943S,0.671
P55017,SLC12A3,D943R,0.559
P55017,SLC12A3,D943Q,0.69
P55017,SLC12A3,D943N,0.782
P55017,SLC12A3,D943M,0.597
P55017,SLC12A3,D943L,0.596
P55017,SLC12A3,D943C,0.672
P55017,SLC12A3,D943E,0.789
P55017,SLC12A3,D943F,0.652
P55017,SLC12A3,D943A,0.657
P55017,SLC12A3,D943H,0.727
P55017,SLC12A3,D943I,0.646
P55017,SLC12A3,D943K,0.587
P55017,SLC12A3,D943G,0.645
P55017,SLC12A3,E944P,0.813
P55017,SLC12A3,E944Y,0.768
P55017,SLC12A3,E944W,0.716
P55017,SLC12A3,E944V,0.841
P55017,SLC12A3,E944T,0.832
P55017,SLC12A3,E944S,0.847
P55017,SLC12A3,E944R,0.839
P55017,SLC12A3,E944Q,0.968
P55017,SLC12A3,E944N,0.861
P55017,SLC12A3,E944M,0.805
P55017,SLC12A3,E944L,0.774
P55017,SLC12A3,E944C,0.704
P55017,SLC12A3,E944D,0.986
P55017,SLC12A3,E944F,0.742
P55017,SLC12A3,E944A,0.866
P55017,SLC12A3,E944H,0.853
P55017,SLC12A3,E944I,0.786
P55017,SLC12A3,E944K,0.92
P55017,SLC12A3,E944G,0.83
P55017,SLC12A3,E945P,0.483
P55017,SLC12A3,E945Y,0.606
P55017,SLC12A3,E945W,0.516
P55017,SLC12A3,E945V,0.656
P55017,SLC12A3,E945T,0.601
P55017,SLC12A3,E945S,0.614
P55017,SLC12A3,E945R,0.651
P55017,SLC12A3,E945Q,0.788
P55017,SLC12A3,E945N,0.618
P55017,SLC12A3,E945M,0.667
P55017,SLC12A3,E945L,0.577
P55017,SLC12A3,E945C,0.551
P55017,SLC12A3,E945D,0.766
P55017,SLC12A3,E945F,0.54
P55017,SLC12A3,E945A,0.675
P55017,SLC12A3,E945H,0.648
P55017,SLC12A3,E945I,0.583
P55017,SLC12A3,E945K,0.684
P55017,SLC12A3,E945G,0.612
P55017,SLC12A3,I946P,0.701
P55017,SLC12A3,I946Y,0.823
P55017,SLC12A3,I946W,0.724
P55017,SLC12A3,I946V,1.038
P55017,SLC12A3,I946T,0.846
P55017,SLC12A3,I946S,0.757
P55017,SLC12A3,I946R,0.714
P55017,SLC12A3,I946Q,0.693
P55017,SLC12A3,I946N,0.739
P55017,SLC12A3,I946M,0.952
P55017,SLC12A3,I946L,0.998
P55017,SLC12A3,I946C,0.816
P55017,SLC12A3,I946D,0.674
P55017,SLC12A3,I946E,0.692
P55017,SLC12A3,I946A,0.81
P55017,SLC12A3,I946G,0.664
P55017,SLC12A3,I946H,0.706
P55017,SLC12A3,I946K,0.701
P55017,SLC12A3,I946F,0.906
P55017,SLC12A3,T947N,0.997
P55017,SLC12A3,T947Y,0.854
P55017,SLC12A3,T947W,0.782
P55017,SLC12A3,T947V,0.996
P55017,SLC12A3,T947S,1.047
P55017,SLC12A3,T947R,0.923
P55017,SLC12A3,T947Q,0.912
P55017,SLC12A3,T947P,0.944
P55017,SLC12A3,T947M,1.007
P55017,SLC12A3,T947L,0.907
P55017,SLC12A3,T947K,0.935
P55017,SLC12A3,T947C,0.909
P55017,SLC12A3,T947D,0.878
P55017,SLC12A3,T947E,0.899
P55017,SLC12A3,T947A,1.04
P55017,SLC12A3,T947G,0.883
P55017,SLC12A3,T947H,0.883
P55017,SLC12A3,T947I,0.98
P55017,SLC12A3,T947F,0.85
P55017,SLC12A3,K948P,0.86
P55017,SLC12A3,K948Y,0.808
P55017,SLC12A3,K948W,0.782
P55017,SLC12A3,K948V,0.855
P55017,SLC12A3,K948T,0.915
P55017,SLC12A3,K948S,0.918
P55017,SLC12A3,K948R,1.031
P55017,SLC12A3,K948Q,0.982
P55017,SLC12A3,K948N,0.954
P55017,SLC12A3,K948M,0.926
P55017,SLC12A3,K948L,0.848
P55017,SLC12A3,K948C,0.765
P55017,SLC12A3,K948D,0.858
P55017,SLC12A3,K948E,0.974
P55017,SLC12A3,K948A,0.881
P55017,SLC12A3,K948G,0.831
P55017,SLC12A3,K948H,0.89
P55017,SLC12A3,K948I,0.833
P55017,SLC12A3,K948F,0.782
P55017,SLC12A3,N949P,0.722
P55017,SLC12A3,N949Y,0.792
P55017,SLC12A3,N949W,0.667
P55017,SLC12A3,N949V,0.758
P55017,SLC12A3,N949T,0.872
P55017,SLC12A3,N949S,0.914
P55017,SLC12A3,N949R,0.806
P55017,SLC12A3,N949Q,0.827
P55017,SLC12A3,N949M,0.796
P55017,SLC12A3,N949L,0.755
P55017,SLC12A3,N949K,0.827
P55017,SLC12A3,N949C,0.764
P55017,SLC12A3,N949D,0.89
P55017,SLC12A3,N949E,0.796
P55017,SLC12A3,N949A,0.78
P55017,SLC12A3,N949G,0.847
P55017,SLC12A3,N949H,0.904
P55017,SLC12A3,N949I,0.784
P55017,SLC12A3,N949F,0.779
P55017,SLC12A3,R950N,0.896
P55017,SLC12A3,R950Y,0.822
P55017,SLC12A3,R950W,0.832
P55017,SLC12A3,R950V,0.801
P55017,SLC12A3,R950T,0.87
P55017,SLC12A3,R950S,0.865
P55017,SLC12A3,R950Q,0.962
P55017,SLC12A3,R950P,0.819
P55017,SLC12A3,R950M,0.883
P55017,SLC12A3,R950L,0.857
P55017,SLC12A3,R950K,0.995
P55017,SLC12A3,R950C,0.853
P55017,SLC12A3,R950D,0.764
P55017,SLC12A3,R950E,0.863
P55017,SLC12A3,R950A,0.828
P55017,SLC12A3,R950G,0.845
P55017,SLC12A3,R950H,0.936
P55017,SLC12A3,R950I,0.809
P55017,SLC12A3,R950F,0.755
P55017,SLC12A3,V951N,0.883
P55017,SLC12A3,V951Y,0.906
P55017,SLC12A3,V951W,0.827
P55017,SLC12A3,V951T,1.018
P55017,SLC12A3,V951S,0.916
P55017,SLC12A3,V951R,0.871
P55017,SLC12A3,V951Q,0.903
P55017,SLC12A3,V951P,0.907
P55017,SLC12A3,V951M,1.037
P55017,SLC12A3,V951L,1.016
P55017,SLC12A3,V951K,0.908
P55017,SLC12A3,V951C,0.902
P55017,SLC12A3,V951D,0.894
P55017,SLC12A3,V951E,0.949
P55017,SLC12A3,V951A,1.001
P55017,SLC12A3,V951G,0.913
P55017,SLC12A3,V951H,0.853
P55017,SLC12A3,V951I,1.1
P55017,SLC12A3,V951F,0.942
P55017,SLC12A3,K952P,0.444
P55017,SLC12A3,K952Y,0.574
P55017,SLC12A3,K952W,0.606
P55017,SLC12A3,K952V,0.633
P55017,SLC12A3,K952T,0.642
P55017,SLC12A3,K952S,0.583
P55017,SLC12A3,K952R,0.791
P55017,SLC12A3,K952Q,0.728
P55017,SLC12A3,K952N,0.662
P55017,SLC12A3,K952M,0.682
P55017,SLC12A3,K952L,0.639
P55017,SLC12A3,K952C,0.626
P55017,SLC12A3,K952D,0.516
P55017,SLC12A3,K952E,0.656
P55017,SLC12A3,K952A,0.603
P55017,SLC12A3,K952G,0.481
P55017,SLC12A3,K952H,0.625
P55017,SLC12A3,K952I,0.585
P55017,SLC12A3,K952F,0.524
P55017,SLC12A3,S953N,0.741
P55017,SLC12A3,S953Y,0.67
P55017,SLC12A3,S953W,0.637
P55017,SLC12A3,S953V,0.677
P55017,SLC12A3,S953T,0.8
P55017,SLC12A3,S953R,0.631
P55017,SLC12A3,S953Q,0.651
P55017,SLC12A3,S953P,0.641
P55017,SLC12A3,S953M,0.749
P55017,SLC12A3,S953L,0.706
P55017,SLC12A3,S953K,0.599
P55017,SLC12A3,S953C,0.803
P55017,SLC12A3,S953D,0.636
P55017,SLC12A3,S953E,0.598
P55017,SLC12A3,S953A,0.828
P55017,SLC12A3,S953G,0.743
P55017,SLC12A3,S953H,0.673
P55017,SLC12A3,S953I,0.691
P55017,SLC12A3,S953F,0.677
P55017,SLC12A3,L954P,0.604
P55017,SLC12A3,L954Y,0.711
P55017,SLC12A3,L954W,0.714
P55017,SLC12A3,L954V,0.868
P55017,SLC12A3,L954T,0.698
P55017,SLC12A3,L954S,0.643
P55017,SLC12A3,L954R,0.637
P55017,SLC12A3,L954Q,0.652
P55017,SLC12A3,L954N,0.595
P55017,SLC12A3,L954M,0.914
P55017,SLC12A3,L954K,0.609
P55017,SLC12A3,L954C,0.752
P55017,SLC12A3,L954D,0.498
P55017,SLC12A3,L954E,0.544
P55017,SLC12A3,L954A,0.705
P55017,SLC12A3,L954G,0.542
P55017,SLC12A3,L954H,0.618
P55017,SLC12A3,L954I,0.907
P55017,SLC12A3,L954F,0.841
P55017,SLC12A3,R955N,0.671
P55017,SLC12A3,R955Y,0.621
P55017,SLC12A3,R955W,0.676
P55017,SLC12A3,R955V,0.628
P55017,SLC12A3,R955T,0.666
P55017,SLC12A3,R955S,0.651
P55017,SLC12A3,R955Q,0.762
P55017,SLC12A3,R955P,0.542
P55017,SLC12A3,R955M,0.743
P55017,SLC12A3,R955L,0.694
P55017,SLC12A3,R955K,0.791
P55017,SLC12A3,R955C,0.679
P55017,SLC12A3,R955D,0.536
P55017,SLC12A3,R955E,0.61
P55017,SLC12A3,R955A,0.653
P55017,SLC12A3,R955G,0.623
P55017,SLC12A3,R955H,0.767
P55017,SLC12A3,R955I,0.642
P55017,SLC12A3,R955F,0.592
P55017,SLC12A3,Q956N,0.577
P55017,SLC12A3,Q956Y,0.684
P55017,SLC12A3,Q956W,0.726
P55017,SLC12A3,Q956V,0.635
P55017,SLC12A3,Q956T,0.588
P55017,SLC12A3,Q956S,0.597
P55017,SLC12A3,Q956R,0.703
P55017,SLC12A3,Q956P,0.617
P55017,SLC12A3,Q956M,0.762
P55017,SLC12A3,Q956L,0.708
P55017,SLC12A3,Q956K,0.657
P55017,SLC12A3,Q956C,0.652
P55017,SLC12A3,Q956D,0.54
P55017,SLC12A3,Q956E,0.706
P55017,SLC12A3,Q956A,0.603
P55017,SLC12A3,Q956G,0.556
P55017,SLC12A3,Q956H,0.719
P55017,SLC12A3,Q956I,0.623
P55017,SLC12A3,Q956F,0.614
P55017,SLC12A3,V957N,0.458
P55017,SLC12A3,V957Y,0.587
P55017,SLC12A3,V957W,0.514
P55017,SLC12A3,V957T,0.65
P55017,SLC12A3,V957S,0.522
P55017,SLC12A3,V957R,0.438
P55017,SLC12A3,V957Q,0.508
P55017,SLC12A3,V957P,0.476
P55017,SLC12A3,V957M,0.794
P55017,SLC12A3,V957L,0.8
P55017,SLC12A3,V957K,0.459
P55017,SLC12A3,V957C,0.678
P55017,SLC12A3,V957D,0.435
P55017,SLC12A3,V957E,0.492
P55017,SLC12A3,V957A,0.696
P55017,SLC12A3,V957G,0.512
P55017,SLC12A3,V957H,0.472
P55017,SLC12A3,V957I,0.876
P55017,SLC12A3,V957F,0.689
P55017,SLC12A3,R958N,0.567
P55017,SLC12A3,R958W,0.56
P55017,SLC12A3,R958V,0.53
P55017,SLC12A3,R958T,0.566
P55017,SLC12A3,R958S,0.548
P55017,SLC12A3,R958Y,0.506
P55017,SLC12A3,R958Q,0.653
P55017,SLC12A3,R958P,0.422
P55017,SLC12A3,R958M,0.65
P55017,SLC12A3,R958F,0.476
P55017,SLC12A3,R958K,0.688
P55017,SLC12A3,R958A,0.552
P55017,SLC12A3,R958C,0.55
P55017,SLC12A3,R958D,0.426
P55017,SLC12A3,R958L,0.611
P55017,SLC12A3,R958G,0.52
P55017,SLC12A3,R958H,0.665
P55017,SLC12A3,R958I,0.534
P55017,SLC12A3,R958E,0.497
P55017,SLC12A3,L959P,0.399
P55017,SLC12A3,L959Y,0.54
P55017,SLC12A3,L959W,0.554
P55017,SLC12A3,L959V,0.723
P55017,SLC12A3,L959T,0.504
P55017,SLC12A3,L959S,0.438
P55017,SLC12A3,L959R,0.437
P55017,SLC12A3,L959Q,0.45
P55017,SLC12A3,L959N,0.384
P55017,SLC12A3,L959M,0.767
P55017,SLC12A3,L959K,0.402
P55017,SLC12A3,L959C,0.594
P55017,SLC12A3,L959D,0.274
P55017,SLC12A3,L959E,0.33
P55017,SLC12A3,L959A,0.529
P55017,SLC12A3,L959G,0.344
P55017,SLC12A3,L959H,0.417
P55017,SLC12A3,L959I,0.77
P55017,SLC12A3,L959F,0.708
P55017,SLC12A3,N960P,0.536
P55017,SLC12A3,N960Y,0.634
P55017,SLC12A3,N960W,0.512
P55017,SLC12A3,N960V,0.637
P55017,SLC12A3,N960T,0.703
P55017,SLC12A3,N960S,0.752
P55017,SLC12A3,N960R,0.646
P55017,SLC12A3,N960Q,0.638
P55017,SLC12A3,N960M,0.687
P55017,SLC12A3,N960L,0.625
P55017,SLC12A3,N960K,0.666
P55017,SLC12A3,N960C,0.662
P55017,SLC12A3,N960D,0.696
P55017,SLC12A3,N960E,0.609
P55017,SLC12A3,N960A,0.621
P55017,SLC12A3,N960G,0.643
P55017,SLC12A3,N960H,0.758
P55017,SLC12A3,N960I,0.656
P55017,SLC12A3,N960F,0.586
P55017,SLC12A3,E961P,0.406
P55017,SLC12A3,E961Y,0.518
P55017,SLC12A3,E961W,0.452
P55017,SLC12A3,E961V,0.57
P55017,SLC12A3,E961T,0.526
P55017,SLC12A3,E961S,0.552
P55017,SLC12A3,E961R,0.554
P55017,SLC12A3,E961Q,0.724
P55017,SLC12A3,E961N,0.542
P55017,SLC12A3,E961M,0.585
P55017,SLC12A3,E961L,0.526
P55017,SLC12A3,E961C,0.478
P55017,SLC12A3,E961D,0.712
P55017,SLC12A3,E961F,0.48
P55017,SLC12A3,E961A,0.592
P55017,SLC12A3,E961H,0.562
P55017,SLC12A3,E961I,0.535
P55017,SLC12A3,E961K,0.612
P55017,SLC12A3,E961G,0.516
P55017,SLC12A3,I962P,0.491
P55017,SLC12A3,I962Y,0.651
P55017,SLC12A3,I962W,0.624
P55017,SLC12A3,I962V,0.962
P55017,SLC12A3,I962T,0.734
P55017,SLC12A3,I962S,0.612
P55017,SLC12A3,I962R,0.586
P55017,SLC12A3,I962Q,0.558
P55017,SLC12A3,I962N,0.554
P55017,SLC12A3,I962M,0.885
P55017,SLC12A3,I962L,0.912
P55017,SLC12A3,I962C,0.772
P55017,SLC12A3,I962D,0.476
P55017,SLC12A3,I962E,0.485
P55017,SLC12A3,I962A,0.733
P55017,SLC12A3,I962G,0.487
P55017,SLC12A3,I962H,0.622
P55017,SLC12A3,I962K,0.59
P55017,SLC12A3,I962F,0.786
P55017,SLC12A3,V963N,0.463
P55017,SLC12A3,V963Y,0.57
P55017,SLC12A3,V963W,0.484
P55017,SLC12A3,V963T,0.675
P55017,SLC12A3,V963S,0.538
P55017,SLC12A3,V963R,0.428
P55017,SLC12A3,V963Q,0.509
P55017,SLC12A3,V963P,0.498
P55017,SLC12A3,V963M,0.802
P55017,SLC12A3,V963L,0.814
P55017,SLC12A3,V963K,0.474
P55017,SLC12A3,V963C,0.685
P55017,SLC12A3,V963D,0.448
P55017,SLC12A3,V963E,0.514
P55017,SLC12A3,V963A,0.728
P55017,SLC12A3,V963G,0.554
P55017,SLC12A3,V963H,0.462
P55017,SLC12A3,V963I,0.887
P55017,SLC12A3,V963F,0.686
P55017,SLC12A3,L964P,0.615
P55017,SLC12A3,L964Y,0.712
P55017,SLC12A3,L964W,0.711
P55017,SLC12A3,L964V,0.863
P55017,SLC12A3,L964T,0.706
P55017,SLC12A3,L964S,0.652
P55017,SLC12A3,L964R,0.65
P55017,SLC12A3,L964Q,0.66
P55017,SLC12A3,L964N,0.606
P55017,SLC12A3,L964M,0.91
P55017,SLC12A3,L964K,0.626
P55017,SLC12A3,L964C,0.752
P55017,SLC12A3,L964D,0.51
P55017,SLC12A3,L964E,0.554
P55017,SLC12A3,L964A,0.71
P55017,SLC12A3,L964G,0.549
P55017,SLC12A3,L964H,0.628
P55017,SLC12A3,L964I,0.901
P55017,SLC12A3,L964F,0.832
P55017,SLC12A3,D965P,0.763
P55017,SLC12A3,D965Y,0.758
P55017,SLC12A3,D965W,0.624
P55017,SLC12A3,D965V,0.732
P55017,SLC12A3,D965T,0.796
P55017,SLC12A3,D965S,0.843
P55017,SLC12A3,D965R,0.729
P55017,SLC12A3,D965Q,0.826
P55017,SLC12A3,D965N,0.918
P55017,SLC12A3,D965M,0.716
P55017,SLC12A3,D965L,0.664
P55017,SLC12A3,D965C,0.697
P55017,SLC12A3,D965E,0.955
P55017,SLC12A3,D965F,0.716
P55017,SLC12A3,D965A,0.788
P55017,SLC12A3,D965H,0.806
P55017,SLC12A3,D965I,0.708
P55017,SLC12A3,D965K,0.794
P55017,SLC12A3,D965G,0.84
P55017,SLC12A3,Y966N,0.78
P55017,SLC12A3,Y966W,0.876
P55017,SLC12A3,Y966V,0.817
P55017,SLC12A3,Y966T,0.78
P55017,SLC12A3,Y966S,0.791
P55017,SLC12A3,Y966R,0.744
P55017,SLC12A3,Y966Q,0.82
P55017,SLC12A3,Y966P,0.746
P55017,SLC12A3,Y966M,0.843
P55017,SLC12A3,Y966L,0.857
P55017,SLC12A3,Y966K,0.735
P55017,SLC12A3,Y966C,0.848
P55017,SLC12A3,Y966D,0.745
P55017,SLC12A3,Y966E,0.752
P55017,SLC12A3,Y966A,0.782
P55017,SLC12A3,Y966G,0.696
P55017,SLC12A3,Y966H,0.962
P55017,SLC12A3,Y966I,0.828
P55017,SLC12A3,Y966F,1.034
P55017,SLC12A3,S967N,0.679
P55017,SLC12A3,S967Y,0.598
P55017,SLC12A3,S967W,0.554
P55017,SLC12A3,S967V,0.636
P55017,SLC12A3,S967T,0.746
P55017,SLC12A3,S967R,0.556
P55017,SLC12A3,S967Q,0.591
P55017,SLC12A3,S967P,0.578
P55017,SLC12A3,S967M,0.708
P55017,SLC12A3,S967L,0.672
P55017,SLC12A3,S967K,0.53
P55017,SLC12A3,S967C,0.764
P55017,SLC12A3,S967D,0.574
P55017,SLC12A3,S967E,0.536
P55017,SLC12A3,S967A,0.776
P55017,SLC12A3,S967G,0.684
P55017,SLC12A3,S967H,0.606
P55017,SLC12A3,S967I,0.643
P55017,SLC12A3,S967F,0.634
P55017,SLC12A3,R968N,0.984
P55017,SLC12A3,R968Y,0.907
P55017,SLC12A3,R968W,0.916
P55017,SLC12A3,R968V,0.879
P55017,SLC12A3,R968T,0.956
P55017,SLC12A3,R968S,0.952
P55017,SLC12A3,R968Q,1.051
P55017,SLC12A3,R968P,0.906
P55017,SLC12A3,R968M,0.961
P55017,SLC12A3,R968L,0.931
P55017,SLC12A3,R968K,1.087
P55017,SLC12A3,R968C,0.933
P55017,SLC12A3,R968D,0.853
P55017,SLC12A3,R968E,0.952
P55017,SLC12A3,R968A,0.913
P55017,SLC12A3,R968G,0.93
P55017,SLC12A3,R968H,1.023
P55017,SLC12A3,R968I,0.886
P55017,SLC12A3,R968F,0.831
P55017,SLC12A3,D969P,0.8
P55017,SLC12A3,D969Y,0.802
P55017,SLC12A3,D969W,0.67
P55017,SLC12A3,D969V,0.768
P55017,SLC12A3,D969T,0.834
P55017,SLC12A3,D969S,0.881
P55017,SLC12A3,D969R,0.772
P55017,SLC12A3,D969Q,0.868
P55017,SLC12A3,D969N,0.958
P55017,SLC12A3,D969M,0.756
P55017,SLC12A3,D969L,0.704
P55017,SLC12A3,D969C,0.734
P55017,SLC12A3,D969E,0.996
P55017,SLC12A3,D969F,0.759
P55017,SLC12A3,D969A,0.825
P55017,SLC12A3,D969H,0.848
P55017,SLC12A3,D969I,0.75
P55017,SLC12A3,D969K,0.834
P55017,SLC12A3,D969G,0.876
P55017,SLC12A3,A970P,0.58
P55017,SLC12A3,A970Y,0.59
P55017,SLC12A3,A970W,0.476
P55017,SLC12A3,A970V,0.768
P55017,SLC12A3,A970T,0.722
P55017,SLC12A3,A970S,0.741
P55017,SLC12A3,A970R,0.553
P55017,SLC12A3,A970Q,0.565
P55017,SLC12A3,A970N,0.55
P55017,SLC12A3,A970M,0.704
P55017,SLC12A3,A970L,0.706
P55017,SLC12A3,A970D,0.523
P55017,SLC12A3,A970E,0.562
P55017,SLC12A3,A970F,0.642
P55017,SLC12A3,A970C,0.75
P55017,SLC12A3,A970H,0.556
P55017,SLC12A3,A970I,0.708
P55017,SLC12A3,A970K,0.533
P55017,SLC12A3,A970G,0.723
P55017,SLC12A3,A971P,0.803
P55017,SLC12A3,A971Y,0.734
P55017,SLC12A3,A971W,0.692
P55017,SLC12A3,A971V,0.89
P55017,SLC12A3,A971T,0.858
P55017,SLC12A3,A971S,0.862
P55017,SLC12A3,A971R,0.716
P55017,SLC12A3,A971Q,0.749
P55017,SLC12A3,A971N,0.729
P55017,SLC12A3,A971M,0.826
P55017,SLC12A3,A971L,0.816
P55017,SLC12A3,A971D,0.729
P55017,SLC12A3,A971E,0.772
P55017,SLC12A3,A971F,0.764
P55017,SLC12A3,A971C,0.829
P55017,SLC12A3,A971H,0.703
P55017,SLC12A3,A971I,0.815
P55017,SLC12A3,A971K,0.726
P55017,SLC12A3,A971G,0.824
P55017,SLC12A3,L972P,0.474
P55017,SLC12A3,L972Y,0.608
P55017,SLC12A3,L972W,0.617
P55017,SLC12A3,L972V,0.78
P55017,SLC12A3,L972T,0.584
P55017,SLC12A3,L972S,0.524
P55017,SLC12A3,L972R,0.52
P55017,SLC12A3,L972Q,0.534
P55017,SLC12A3,L972N,0.472
P55017,SLC12A3,L972M,0.826
P55017,SLC12A3,L972K,0.491
P55017,SLC12A3,L972C,0.661
P55017,SLC12A3,L972D,0.363
P55017,SLC12A3,L972E,0.418
P55017,SLC12A3,L972A,0.603
P55017,SLC12A3,L972G,0.428
P55017,SLC12A3,L972H,0.496
P55017,SLC12A3,L972I,0.822
P55017,SLC12A3,L972F,0.757
P55017,SLC12A3,I973P,0.52
P55017,SLC12A3,I973Y,0.668
P55017,SLC12A3,I973W,0.58
P55017,SLC12A3,I973V,0.899
P55017,SLC12A3,I973T,0.666
P55017,SLC12A3,I973S,0.572
P55017,SLC12A3,I973R,0.53
P55017,SLC12A3,I973Q,0.506
P55017,SLC12A3,I973N,0.55
P55017,SLC12A3,I973M,0.813
P55017,SLC12A3,I973L,0.879
P55017,SLC12A3,I973C,0.668
P55017,SLC12A3,I973D,0.477
P55017,SLC12A3,I973E,0.494
P55017,SLC12A3,I973A,0.642
P55017,SLC12A3,I973G,0.487
P55017,SLC12A3,I973H,0.532
P55017,SLC12A3,I973K,0.506
P55017,SLC12A3,I973F,0.786
P55017,SLC12A3,V974N,0.505
P55017,SLC12A3,V974Y,0.638
P55017,SLC12A3,V974W,0.573
P55017,SLC12A3,V974T,0.7
P55017,SLC12A3,V974S,0.57
P55017,SLC12A3,V974R,0.487
P55017,SLC12A3,V974Q,0.562
P55017,SLC12A3,V974P,0.528
P55017,SLC12A3,V974M,0.844
P55017,SLC12A3,V974L,0.851
P55017,SLC12A3,V974K,0.51
P55017,SLC12A3,V974C,0.73
P55017,SLC12A3,V974D,0.484
P55017,SLC12A3,V974E,0.546
P55017,SLC12A3,V974A,0.754
P55017,SLC12A3,V974G,0.563
P55017,SLC12A3,V974H,0.518
P55017,SLC12A3,V974I,0.93
P55017,SLC12A3,V974F,0.738
P55017,SLC12A3,I975P,0.656
P55017,SLC12A3,I975Y,0.792
P55017,SLC12A3,I975W,0.702
P55017,SLC12A3,I975V,1.024
P55017,SLC12A3,I975T,0.796
P55017,SLC12A3,I975S,0.704
P55017,SLC12A3,I975R,0.661
P55017,SLC12A3,I975Q,0.642
P55017,SLC12A3,I975N,0.682
P55017,SLC12A3,I975M,0.938
P55017,SLC12A3,I975L,0.996
P55017,SLC12A3,I975C,0.792
P55017,SLC12A3,I975D,0.608
P55017,SLC12A3,I975E,0.632
P55017,SLC12A3,I975A,0.774
P55017,SLC12A3,I975G,0.616
P55017,SLC12A3,I975H,0.659
P55017,SLC12A3,I975K,0.642
P55017,SLC12A3,I975F,0.902
P55017,SLC12A3,T976N,0.764
P55017,SLC12A3,T976Y,0.725
P55017,SLC12A3,T976W,0.62
P55017,SLC12A3,T976V,0.866
P55017,SLC12A3,T976S,0.842
P55017,SLC12A3,T976R,0.692
P55017,SLC12A3,T976Q,0.698
P55017,SLC12A3,T976P,0.682
P55017,SLC12A3,T976M,0.853
P55017,SLC12A3,T976L,0.826
P55017,SLC12A3,T976K,0.702
P55017,SLC12A3,T976C,0.826
P55017,SLC12A3,T976D,0.653
P55017,SLC12A3,T976E,0.642
P55017,SLC12A3,T976A,0.857
P55017,SLC12A3,T976G,0.674
P55017,SLC12A3,T976H,0.653
P55017,SLC12A3,T976I,0.856
P55017,SLC12A3,T976F,0.758
P55017,SLC12A3,L977P,0.582
P55017,SLC12A3,L977Y,0.702
P55017,SLC12A3,L977W,0.706
P55017,SLC12A3,L977V,0.87
P55017,SLC12A3,L977T,0.692
P55017,SLC12A3,L977S,0.636
P55017,SLC12A3,L977R,0.631
P55017,SLC12A3,L977Q,0.644
P55017,SLC12A3,L977N,0.585
P55017,SLC12A3,L977M,0.912
P55017,SLC12A3,L977K,0.608
P55017,SLC12A3,L977C,0.752
P55017,SLC12A3,L977D,0.476
P55017,SLC12A3,L977E,0.532
P55017,SLC12A3,L977A,0.708
P55017,SLC12A3,L977G,0.536
P55017,SLC12A3,L977H,0.601
P55017,SLC12A3,L977I,0.908
P55017,SLC12A3,L977F,0.836
P55017,SLC12A3,P978N,0.704
P55017,SLC12A3,P978Y,0.709
P55017,SLC12A3,P978W,0.637
P55017,SLC12A3,P978V,0.782
P55017,SLC12A3,P978T,0.796
P55017,SLC12A3,P978S,0.795
P55017,SLC12A3,P978R,0.729
P55017,SLC12A3,P978Q,0.795
P55017,SLC12A3,P978M,0.784
P55017,SLC12A3,P978L,0.82
P55017,SLC12A3,P978K,0.722
P55017,SLC12A3,P978C,0.681
P55017,SLC12A3,P978D,0.703
P55017,SLC12A3,P978E,0.735
P55017,SLC12A3,P978A,0.82
P55017,SLC12A3,P978G,0.7
P55017,SLC12A3,P978H,0.752
P55017,SLC12A3,P978I,0.756
P55017,SLC12A3,P978F,0.708
P55017,SLC12A3,I979P,0.65
P55017,SLC12A3,I979Y,0.776
P55017,SLC12A3,I979W,0.677
P55017,SLC12A3,I979V,0.979
P55017,SLC12A3,I979T,0.792
P55017,SLC12A3,I979S,0.707
P55017,SLC12A3,I979R,0.668
P55017,SLC12A3,I979Q,0.644
P55017,SLC12A3,I979N,0.692
P55017,SLC12A3,I979M,0.901
P55017,SLC12A3,I979L,0.94
P55017,SLC12A3,I979C,0.762
P55017,SLC12A3,I979D,0.628
P55017,SLC12A3,I979E,0.645
P55017,SLC12A3,I979A,0.752
P55017,SLC12A3,I979G,0.61
P55017,SLC12A3,I979H,0.662
P55017,SLC12A3,I979K,0.651
P55017,SLC12A3,I979F,0.855
P55017,SLC12A3,G980P,0.78
P55017,SLC12A3,G980Y,0.754
P55017,SLC12A3,G980W,0.826
P55017,SLC12A3,G980V,0.831
P55017,SLC12A3,G980T,0.806
P55017,SLC12A3,G980S,0.915
P55017,SLC12A3,G980R,0.823
P55017,SLC12A3,G980Q,0.792
P55017,SLC12A3,G980N,0.892
P55017,SLC12A3,G980M,0.755
P55017,SLC12A3,G980L,0.752
P55017,SLC12A3,G980C,0.838
P55017,SLC12A3,G980D,0.861
P55017,SLC12A3,G980E,0.821
P55017,SLC12A3,G980A,0.909
P55017,SLC12A3,G980H,0.804
P55017,SLC12A3,G980I,0.768
P55017,SLC12A3,G980K,0.78
P55017,SLC12A3,G980F,0.813
P55017,SLC12A3,R981N,0.869
P55017,SLC12A3,R981Y,0.795
P55017,SLC12A3,R981W,0.804
P55017,SLC12A3,R981V,0.774
P55017,SLC12A3,R981T,0.845
P55017,SLC12A3,R981S,0.839
P55017,SLC12A3,R981Q,0.936
P55017,SLC12A3,R981P,0.792
P55017,SLC12A3,R981M,0.854
P55017,SLC12A3,R981L,0.83
P55017,SLC12A3,R981K,0.966
P55017,SLC12A3,R981C,0.826
P55017,SLC12A3,R981D,0.742
P55017,SLC12A3,R981E,0.84
P55017,SLC12A3,R981A,0.802
P55017,SLC12A3,R981G,0.82
P55017,SLC12A3,R981H,0.908
P55017,SLC12A3,R981I,0.78
P55017,SLC12A3,R981F,0.726
P55017,SLC12A3,K982P,0.84
P55017,SLC12A3,K982Y,0.807
P55017,SLC12A3,K982W,0.802
P55017,SLC12A3,K982V,0.849
P55017,SLC12A3,K982T,0.896
P55017,SLC12A3,K982S,0.896
P55017,SLC12A3,K982R,1.008
P55017,SLC12A3,K982Q,0.958
P55017,SLC12A3,K982N,0.932
P55017,SLC12A3,K982M,0.923
P55017,SLC12A3,K982L,0.852
P55017,SLC12A3,K982C,0.77
P55017,SLC12A3,K982D,0.838
P55017,SLC12A3,K982E,0.951
P55017,SLC12A3,K982A,0.863
P55017,SLC12A3,K982G,0.812
P55017,SLC12A3,K982H,0.878
P55017,SLC12A3,K982I,0.841
P55017,SLC12A3,K982F,0.801
P55017,SLC12A3,G983P,0.857
P55017,SLC12A3,G983Y,0.837
P55017,SLC12A3,G983W,0.896
P55017,SLC12A3,G983V,0.891
P55017,SLC12A3,G983T,0.902
P55017,SLC12A3,G983S,1.017
P55017,SLC12A3,G983R,0.933
P55017,SLC12A3,G983Q,0.9
P55017,SLC12A3,G983N,0.999
P55017,SLC12A3,G983M,0.822
P55017,SLC12A3,G983L,0.8
P55017,SLC12A3,G983C,0.894
P55017,SLC12A3,G983D,0.97
P55017,SLC12A3,G983E,0.932
P55017,SLC12A3,G983A,0.994
P55017,SLC12A3,G983H,0.891
P55017,SLC12A3,G983I,0.827
P55017,SLC12A3,G983K,0.9
P55017,SLC12A3,G983F,0.862
P55017,SLC12A3,K984P,0.996
P55017,SLC12A3,K984Y,0.957
P55017,SLC12A3,K984W,0.965
P55017,SLC12A3,K984V,1.002
P55017,SLC12A3,K984T,1.054
P55017,SLC12A3,K984S,1.056
P55017,SLC12A3,K984R,1.17
P55017,SLC12A3,K984Q,1.126
P55017,SLC12A3,K984N,1.096
P55017,SLC12A3,K984M,1.072
P55017,SLC12A3,K984L,0.995
P55017,SLC12A3,K984C,0.929
P55017,SLC12A3,K984D,1.006
P55017,SLC12A3,K984E,1.122
P55017,SLC12A3,K984A,1.02
P55017,SLC12A3,K984G,0.97
P55017,SLC12A3,K984H,1.031
P55017,SLC12A3,K984I,1.002
P55017,SLC12A3,K984F,0.932
P55017,SLC12A3,C985P,0.76
P55017,SLC12A3,C985Y,0.857
P55017,SLC12A3,C985W,0.849
P55017,SLC12A3,C985V,0.785
P55017,SLC12A3,C985T,0.786
P55017,SLC12A3,C985S,0.802
P55017,SLC12A3,C985R,0.788
P55017,SLC12A3,C985Q,0.722
P55017,SLC12A3,C985N,0.694
P55017,SLC12A3,C985M,0.726
P55017,SLC12A3,C985L,0.831
P55017,SLC12A3,C985D,0.596
P55017,SLC12A3,C985E,0.678
P55017,SLC12A3,C985F,0.864
P55017,SLC12A3,C985A,0.8
P55017,SLC12A3,C985H,0.762
P55017,SLC12A3,C985I,0.832
P55017,SLC12A3,C985K,0.714
P55017,SLC12A3,C985G,0.76
P55017,SLC12A3,P986N,0.6
P55017,SLC12A3,P986Y,0.692
P55017,SLC12A3,P986W,0.564
P55017,SLC12A3,P986V,0.753
P55017,SLC12A3,P986T,0.774
P55017,SLC12A3,P986S,0.762
P55017,SLC12A3,P986R,0.647
P55017,SLC12A3,P986Q,0.728
P55017,SLC12A3,P986M,0.775
P55017,SLC12A3,P986L,0.759
P55017,SLC12A3,P986K,0.634
P55017,SLC12A3,P986C,0.773
P55017,SLC12A3,P986D,0.62
P55017,SLC12A3,P986E,0.648
P55017,SLC12A3,P986A,0.817
P55017,SLC12A3,P986G,0.64
P55017,SLC12A3,P986H,0.72
P55017,SLC12A3,P986I,0.698
P55017,SLC12A3,P986F,0.726
P55017,SLC12A3,S987N,0.781
P55017,SLC12A3,S987Y,0.705
P55017,SLC12A3,S987W,0.664
P55017,SLC12A3,S987V,0.704
P55017,SLC12A3,S987T,0.839
P55017,SLC12A3,S987R,0.677
P55017,SLC12A3,S987Q,0.691
P55017,SLC12A3,S987P,0.676
P55017,SLC12A3,S987M,0.774
P55017,SLC12A3,S987L,0.73
P55017,SLC12A3,S987K,0.647
P55017,SLC12A3,S987C,0.831
P55017,SLC12A3,S987D,0.676
P55017,SLC12A3,S987E,0.64
P55017,SLC12A3,S987A,0.862
P55017,SLC12A3,S987G,0.778
P55017,SLC12A3,S987H,0.71
P55017,SLC12A3,S987I,0.718
P55017,SLC12A3,S987F,0.7
P55017,SLC12A3,S988N,0.834
P55017,SLC12A3,S988Y,0.76
P55017,SLC12A3,S988W,0.727
P55017,SLC12A3,S988V,0.76
P55017,SLC12A3,S988T,0.893
P55017,SLC12A3,S988R,0.726
P55017,SLC12A3,S988Q,0.746
P55017,SLC12A3,S988P,0.734
P55017,SLC12A3,S988M,0.831
P55017,SLC12A3,S988L,0.786
P55017,SLC12A3,S988K,0.694
P55017,SLC12A3,S988C,0.888
P55017,SLC12A3,S988D,0.73
P55017,SLC12A3,S988E,0.694
P55017,SLC12A3,S988A,0.918
P55017,SLC12A3,S988G,0.834
P55017,SLC12A3,S988H,0.764
P55017,SLC12A3,S988I,0.774
P55017,SLC12A3,S988F,0.766
P55017,SLC12A3,L989P,0.364
P55017,SLC12A3,L989Y,0.509
P55017,SLC12A3,L989W,0.524
P55017,SLC12A3,L989V,0.693
P55017,SLC12A3,L989T,0.476
P55017,SLC12A3,L989S,0.41
P55017,SLC12A3,L989R,0.399
P55017,SLC12A3,L989Q,0.416
P55017,SLC12A3,L989N,0.355
P55017,SLC12A3,L989M,0.738
P55017,SLC12A3,L989K,0.364
P55017,SLC12A3,L989C,0.574
P55017,SLC12A3,L989D,0.242
P55017,SLC12A3,L989E,0.296
P55017,SLC12A3,L989A,0.498
P55017,SLC12A3,L989G,0.32
P55017,SLC12A3,L989H,0.376
P55017,SLC12A3,L989I,0.738
P55017,SLC12A3,L989F,0.68
P55017,SLC12A3,Y990N,0.536
P55017,SLC12A3,Y990V,0.665
P55017,SLC12A3,Y990T,0.52
P55017,SLC12A3,Y990S,0.518
P55017,SLC12A3,Y990R,0.534
P55017,SLC12A3,Y990W,0.766
P55017,SLC12A3,Y990Q,0.568
P55017,SLC12A3,Y990P,0.388
P55017,SLC12A3,Y990M,0.662
P55017,SLC12A3,Y990F,0.897
P55017,SLC12A3,Y990K,0.458
P55017,SLC12A3,Y990A,0.538
P55017,SLC12A3,Y990C,0.68
P55017,SLC12A3,Y990D,0.414
P55017,SLC12A3,Y990L,0.722
P55017,SLC12A3,Y990G,0.5
P55017,SLC12A3,Y990H,0.738
P55017,SLC12A3,Y990I,0.671
P55017,SLC12A3,Y990E,0.446
P55017,SLC12A3,M991P,0.292
P55017,SLC12A3,M991Y,0.459
P55017,SLC12A3,M991W,0.457
P55017,SLC12A3,M991V,0.663
P55017,SLC12A3,M991T,0.483
P55017,SLC12A3,M991S,0.362
P55017,SLC12A3,M991R,0.372
P55017,SLC12A3,M991Q,0.439
P55017,SLC12A3,M991N,0.347
P55017,SLC12A3,M991L,0.716
P55017,SLC12A3,M991K,0.398
P55017,SLC12A3,M991C,0.494
P55017,SLC12A3,M991D,0.238
P55017,SLC12A3,M991E,0.326
P55017,SLC12A3,M991A,0.492
P55017,SLC12A3,M991G,0.374
P55017,SLC12A3,M991H,0.402
P55017,SLC12A3,M991I,0.664
P55017,SLC12A3,M991F,0.576
P55017,SLC12A3,A992P,0.56
P55017,SLC12A3,A992Y,0.56
P55017,SLC12A3,A992W,0.453
P55017,SLC12A3,A992V,0.767
P55017,SLC12A3,A992T,0.692
P55017,SLC12A3,A992S,0.708
P55017,SLC12A3,A992R,0.513
P55017,SLC12A3,A992Q,0.533
P55017,SLC12A3,A992N,0.514
P55017,SLC12A3,A992M,0.704
P55017,SLC12A3,A992L,0.711
P55017,SLC12A3,A992D,0.482
P55017,SLC12A3,A992E,0.527
P55017,SLC12A3,A992F,0.637
P55017,SLC12A3,A992C,0.742
P55017,SLC12A3,A992H,0.528
P55017,SLC12A3,A992I,0.706
P55017,SLC12A3,A992K,0.492
P55017,SLC12A3,A992G,0.697
P55017,SLC12A3,W993N,0.277
P55017,SLC12A3,W993Y,0.672
P55017,SLC12A3,W993V,0.5
P55017,SLC12A3,W993T,0.424
P55017,SLC12A3,W993S,0.382
P55017,SLC12A3,W993R,0.38
P55017,SLC12A3,W993Q,0.404
P55017,SLC12A3,W993P,0.226
P55017,SLC12A3,W993M,0.584
P55017,SLC12A3,W993L,0.604
P55017,SLC12A3,W993K,0.331
P55017,SLC12A3,W993C,0.577
P55017,SLC12A3,W993D,0.276
P55017,SLC12A3,W993E,0.328
P55017,SLC12A3,W993A,0.426
P55017,SLC12A3,W993G,0.469
P55017,SLC12A3,W993H,0.439
P55017,SLC12A3,W993I,0.473
P55017,SLC12A3,W993F,0.697
P55017,SLC12A3,L994P,0.384
P55017,SLC12A3,L994Y,0.551
P55017,SLC12A3,L994W,0.549
P55017,SLC12A3,L994V,0.73
P55017,SLC12A3,L994T,0.523
P55017,SLC12A3,L994S,0.462
P55017,SLC12A3,L994R,0.447
P55017,SLC12A3,L994Q,0.459
P55017,SLC12A3,L994N,0.402
P55017,SLC12A3,L994M,0.776
P55017,SLC12A3,L994K,0.424
P55017,SLC12A3,L994C,0.606
P55017,SLC12A3,L994D,0.277
P55017,SLC12A3,L994E,0.342
P55017,SLC12A3,L994A,0.544
P55017,SLC12A3,L994G,0.366
P55017,SLC12A3,L994H,0.412
P55017,SLC12A3,L994I,0.773
P55017,SLC12A3,L994F,0.71
P55017,SLC12A3,E995P,0.496
P55017,SLC12A3,E995Y,0.657
P55017,SLC12A3,E995W,0.572
P55017,SLC12A3,E995V,0.682
P55017,SLC12A3,E995T,0.599
P55017,SLC12A3,E995S,0.608
P55017,SLC12A3,E995R,0.65
P55017,SLC12A3,E995Q,0.782
P55017,SLC12A3,E995N,0.614
P55017,SLC12A3,E995M,0.709
P55017,SLC12A3,E995L,0.635
P55017,SLC12A3,E995C,0.596
P55017,SLC12A3,E995D,0.756
P55017,SLC12A3,E995F,0.601
P55017,SLC12A3,E995A,0.679
P55017,SLC12A3,E995H,0.655
P55017,SLC12A3,E995I,0.637
P55017,SLC12A3,E995K,0.673
P55017,SLC12A3,E995G,0.61
P55017,SLC12A3,T996N,0.719
P55017,SLC12A3,T996Y,0.687
P55017,SLC12A3,T996W,0.587
P55017,SLC12A3,T996V,0.842
P55017,SLC12A3,T996S,0.798
P55017,SLC12A3,T996R,0.641
P55017,SLC12A3,T996Q,0.653
P55017,SLC12A3,T996P,0.644
P55017,SLC12A3,T996M,0.828
P55017,SLC12A3,T996L,0.808
P55017,SLC12A3,T996K,0.655
P55017,SLC12A3,T996C,0.8
P55017,SLC12A3,T996D,0.602
P55017,SLC12A3,T996E,0.592
P55017,SLC12A3,T996A,0.824
P55017,SLC12A3,T996G,0.638
P55017,SLC12A3,T996H,0.608
P55017,SLC12A3,T996I,0.83
P55017,SLC12A3,T996F,0.736
P55017,SLC12A3,L997P,0.463
P55017,SLC12A3,L997Y,0.604
P55017,SLC12A3,L997W,0.608
P55017,SLC12A3,L997V,0.769
P55017,SLC12A3,L997T,0.587
P55017,SLC12A3,L997S,0.53
P55017,SLC12A3,L997R,0.526
P55017,SLC12A3,L997Q,0.538
P55017,SLC12A3,L997N,0.48
P55017,SLC12A3,L997M,0.814
P55017,SLC12A3,L997K,0.5
P55017,SLC12A3,L997C,0.652
P55017,SLC12A3,L997D,0.37
P55017,SLC12A3,L997E,0.425
P55017,SLC12A3,L997A,0.6
P55017,SLC12A3,L997G,0.43
P55017,SLC12A3,L997H,0.489
P55017,SLC12A3,L997I,0.808
P55017,SLC12A3,L997F,0.741
P55017,SLC12A3,S998N,0.726
P55017,SLC12A3,S998Y,0.668
P55017,SLC12A3,S998W,0.637
P55017,SLC12A3,S998V,0.673
P55017,SLC12A3,S998T,0.788
P55017,SLC12A3,S998R,0.62
P55017,SLC12A3,S998Q,0.637
P55017,SLC12A3,S998P,0.624
P55017,SLC12A3,S998M,0.743
P55017,SLC12A3,S998L,0.708
P55017,SLC12A3,S998K,0.582
P55017,SLC12A3,S998C,0.792
P55017,SLC12A3,S998D,0.62
P55017,SLC12A3,S998E,0.584
P55017,SLC12A3,S998A,0.814
P55017,SLC12A3,S998G,0.726
P55017,SLC12A3,S998H,0.661
P55017,SLC12A3,S998I,0.692
P55017,SLC12A3,S998F,0.678
P55017,SLC12A3,Q999N,0.894
P55017,SLC12A3,Q999Y,0.859
P55017,SLC12A3,Q999W,0.808
P55017,SLC12A3,Q999V,0.863
P55017,SLC12A3,Q999T,0.876
P55017,SLC12A3,Q999S,0.883
P55017,SLC12A3,Q999R,0.956
P55017,SLC12A3,Q999P,0.883
P55017,SLC12A3,Q999M,0.948
P55017,SLC12A3,Q999L,0.91
P55017,SLC12A3,Q999K,0.936
P55017,SLC12A3,Q999C,0.808
P55017,SLC12A3,Q999D,0.868
P55017,SLC12A3,Q999E,0.978
P55017,SLC12A3,Q999A,0.872
P55017,SLC12A3,Q999G,0.814
P55017,SLC12A3,Q999H,0.94
P55017,SLC12A3,Q999I,0.83
P55017,SLC12A3,Q999F,0.821
P55017,SLC12A3,D1000P,0.818
P55017,SLC12A3,D1000Y,0.835
P55017,SLC12A3,D1000W,0.706
P55017,SLC12A3,D1000V,0.807
P55017,SLC12A3,D1000T,0.853
P55017,SLC12A3,D1000S,0.896
P55017,SLC12A3,D1000R,0.787
P55017,SLC12A3,D1000Q,0.884
P55017,SLC12A3,D1000N,0.972
P55017,SLC12A3,D1000M,0.794
P55017,SLC12A3,D1000L,0.752
P55017,SLC12A3,D1000C,0.766
P55017,SLC12A3,D1000E,1.012
P55017,SLC12A3,D1000F,0.806
P55017,SLC12A3,D1000A,0.847
P55017,SLC12A3,D1000H,0.869
P55017,SLC12A3,D1000I,0.794
P55017,SLC12A3,D1000K,0.84
P55017,SLC12A3,D1000G,0.893
P55017,SLC12A3,L1001P,0.685
P55017,SLC12A3,L1001Y,0.72
P55017,SLC12A3,L1001W,0.698
P55017,SLC12A3,L1001V,0.851
P55017,SLC12A3,L1001T,0.708
P55017,SLC12A3,L1001S,0.676
P55017,SLC12A3,L1001R,0.668
P55017,SLC12A3,L1001Q,0.695
P55017,SLC12A3,L1001N,0.598
P55017,SLC12A3,L1001M,0.897
P55017,SLC12A3,L1001K,0.624
P55017,SLC12A3,L1001C,0.698
P55017,SLC12A3,L1001D,0.555
P55017,SLC12A3,L1001E,0.603
P55017,SLC12A3,L1001A,0.71
P55017,SLC12A3,L1001G,0.562
P55017,SLC12A3,L1001H,0.672
P55017,SLC12A3,L1001I,0.888
P55017,SLC12A3,L1001F,0.834
P55017,SLC12A3,R1002N,1.008
P55017,SLC12A3,R1002Y,0.931
P55017,SLC12A3,R1002W,0.94
P55017,SLC12A3,R1002V,0.894
P55017,SLC12A3,R1002T,0.978
P55017,SLC12A3,R1002S,0.974
P55017,SLC12A3,R1002Q,1.076
P55017,SLC12A3,R1002P,0.926
P55017,SLC12A3,R1002M,0.978
P55017,SLC12A3,R1002L,0.948
P55017,SLC12A3,R1002K,1.108
P55017,SLC12A3,R1002C,0.948
P55017,SLC12A3,R1002D,0.883
P55017,SLC12A3,R1002E,0.982
P55017,SLC12A3,R1002A,0.929
P55017,SLC12A3,R1002G,0.95
P55017,SLC12A3,R1002H,1.047
P55017,SLC12A3,R1002I,0.904
P55017,SLC12A3,R1002F,0.85
P55017,SLC12A3,P1003N,0.668
P55017,SLC12A3,P1003Y,0.649
P55017,SLC12A3,P1003W,0.556
P55017,SLC12A3,P1003V,0.732
P55017,SLC12A3,P1003T,0.764
P55017,SLC12A3,P1003S,0.766
P55017,SLC12A3,P1003R,0.684
P55017,SLC12A3,P1003Q,0.758
P55017,SLC12A3,P1003M,0.726
P55017,SLC12A3,P1003L,0.756
P55017,SLC12A3,P1003K,0.69
P55017,SLC12A3,P1003C,0.635
P55017,SLC12A3,P1003D,0.672
P55017,SLC12A3,P1003E,0.7
P55017,SLC12A3,P1003A,0.787
P55017,SLC12A3,P1003G,0.671
P55017,SLC12A3,P1003H,0.706
P55017,SLC12A3,P1003I,0.692
P55017,SLC12A3,P1003F,0.627
P55017,SLC12A3,P1004N,0.642
P55017,SLC12A3,P1004Y,0.641
P55017,SLC12A3,P1004W,0.554
P55017,SLC12A3,P1004V,0.721
P55017,SLC12A3,P1004T,0.74
P55017,SLC12A3,P1004S,0.74
P55017,SLC12A3,P1004R,0.663
P55017,SLC12A3,P1004Q,0.736
P55017,SLC12A3,P1004M,0.719
P55017,SLC12A3,P1004L,0.753
P55017,SLC12A3,P1004K,0.662
P55017,SLC12A3,P1004C,0.621
P55017,SLC12A3,P1004D,0.643
P55017,SLC12A3,P1004E,0.674
P55017,SLC12A3,P1004A,0.766
P55017,SLC12A3,P1004G,0.646
P55017,SLC12A3,P1004H,0.69
P55017,SLC12A3,P1004I,0.686
P55017,SLC12A3,P1004F,0.627
P55017,SLC12A3,V1005N,0.502
P55017,SLC12A3,V1005Y,0.637
P55017,SLC12A3,V1005W,0.569
P55017,SLC12A3,V1005T,0.697
P55017,SLC12A3,V1005S,0.566
P55017,SLC12A3,V1005R,0.484
P55017,SLC12A3,V1005Q,0.559
P55017,SLC12A3,V1005P,0.524
P55017,SLC12A3,V1005M,0.838
P55017,SLC12A3,V1005L,0.845
P55017,SLC12A3,V1005K,0.504
P55017,SLC12A3,V1005C,0.722
P55017,SLC12A3,V1005D,0.486
P55017,SLC12A3,V1005E,0.548
P55017,SLC12A3,V1005A,0.748
P55017,SLC12A3,V1005G,0.558
P55017,SLC12A3,V1005H,0.514
P55017,SLC12A3,V1005I,0.925
P55017,SLC12A3,V1005F,0.734
P55017,SLC12A3,I1006P,0.664
P55017,SLC12A3,I1006W,0.7
P55017,SLC12A3,I1006V,1.019
P55017,SLC12A3,I1006T,0.806
P55017,SLC12A3,I1006S,0.714
P55017,SLC12A3,I1006Y,0.79
P55017,SLC12A3,I1006R,0.664
P55017,SLC12A3,I1006Q,0.65
P55017,SLC12A3,I1006N,0.69
P55017,SLC12A3,I1006F,0.893
P55017,SLC12A3,I1006L,0.984
P55017,SLC12A3,I1006A,0.778
P55017,SLC12A3,I1006C,0.798
P55017,SLC12A3,I1006D,0.618
P55017,SLC12A3,I1006M,0.934
P55017,SLC12A3,I1006G,0.626
P55017,SLC12A3,I1006H,0.668
P55017,SLC12A3,I1006K,0.65
P55017,SLC12A3,I1006E,0.64
P55017,SLC12A3,L1007P,0.425
P55017,SLC12A3,L1007Y,0.598
P55017,SLC12A3,L1007W,0.605
P55017,SLC12A3,L1007V,0.782
P55017,SLC12A3,L1007T,0.572
P55017,SLC12A3,L1007S,0.508
P55017,SLC12A3,L1007R,0.49
P55017,SLC12A3,L1007Q,0.5
P55017,SLC12A3,L1007N,0.444
P55017,SLC12A3,L1007M,0.821
P55017,SLC12A3,L1007K,0.47
P55017,SLC12A3,L1007C,0.656
P55017,SLC12A3,L1007D,0.32
P55017,SLC12A3,L1007E,0.386
P55017,SLC12A3,L1007A,0.595
P55017,SLC12A3,L1007G,0.41
P55017,SLC12A3,L1007H,0.452
P55017,SLC12A3,L1007I,0.824
P55017,SLC12A3,L1007F,0.758
P55017,SLC12A3,I1008P,0.629
P55017,SLC12A3,I1008Y,0.75
P55017,SLC12A3,I1008W,0.658
P55017,SLC12A3,I1008V,0.994
P55017,SLC12A3,I1008T,0.79
P55017,SLC12A3,I1008S,0.681
P55017,SLC12A3,I1008R,0.629
P55017,SLC12A3,I1008Q,0.614
P55017,SLC12A3,I1008N,0.659
P55017,SLC12A3,I1008M,0.898
P55017,SLC12A3,I1008L,0.946
P55017,SLC12A3,I1008C,0.762
P55017,SLC12A3,I1008D,0.588
P55017,SLC12A3,I1008E,0.606
P55017,SLC12A3,I1008A,0.745
P55017,SLC12A3,I1008G,0.594
P55017,SLC12A3,I1008H,0.63
P55017,SLC12A3,I1008K,0.616
P55017,SLC12A3,I1008F,0.851
P55017,SLC12A3,R1009N,0.637
P55017,SLC12A3,R1009Y,0.599
P55017,SLC12A3,R1009W,0.638
P55017,SLC12A3,R1009V,0.615
P55017,SLC12A3,R1009T,0.635
P55017,SLC12A3,R1009S,0.615
P55017,SLC12A3,R1009Q,0.724
P55017,SLC12A3,R1009P,0.488
P55017,SLC12A3,R1009M,0.73
P55017,SLC12A3,R1009L,0.696
P55017,SLC12A3,R1009K,0.754
P55017,SLC12A3,R1009C,0.64
P55017,SLC12A3,R1009D,0.494
P55017,SLC12A3,R1009E,0.566
P55017,SLC12A3,R1009A,0.624
P55017,SLC12A3,R1009G,0.59
P55017,SLC12A3,R1009H,0.74
P55017,SLC12A3,R1009I,0.638
P55017,SLC12A3,R1009F,0.583
P55017,SLC12A3,G1010P,0.594
P55017,SLC12A3,G1010Y,0.585
P55017,SLC12A3,G1010W,0.646
P55017,SLC12A3,G1010V,0.655
P55017,SLC12A3,G1010T,0.629
P55017,SLC12A3,G1010S,0.736
P55017,SLC12A3,G1010R,0.644
P55017,SLC12A3,G1010Q,0.608
P55017,SLC12A3,G1010N,0.713
P55017,SLC12A3,G1010M,0.566
P55017,SLC12A3,G1010L,0.569
P55017,SLC12A3,G1010C,0.644
P55017,SLC12A3,G1010D,0.675
P55017,SLC12A3,G1010E,0.631
P55017,SLC12A3,G1010A,0.73
P55017,SLC12A3,G1010H,0.618
P55017,SLC12A3,G1010I,0.582
P55017,SLC12A3,G1010K,0.601
P55017,SLC12A3,G1010F,0.639
P55017,SLC12A3,N1011P,0.676
P55017,SLC12A3,N1011Y,0.742
P55017,SLC12A3,N1011W,0.612
P55017,SLC12A3,N1011V,0.698
P55017,SLC12A3,N1011T,0.828
P55017,SLC12A3,N1011S,0.872
P55017,SLC12A3,N1011R,0.772
P55017,SLC12A3,N1011Q,0.784
P55017,SLC12A3,N1011M,0.737
P55017,SLC12A3,N1011L,0.69
P55017,SLC12A3,N1011K,0.798
P55017,SLC12A3,N1011C,0.702
P55017,SLC12A3,N1011D,0.844
P55017,SLC12A3,N1011E,0.748
P55017,SLC12A3,N1011A,0.73
P55017,SLC12A3,N1011G,0.801
P55017,SLC12A3,N1011H,0.858
P55017,SLC12A3,N1011I,0.722
P55017,SLC12A3,N1011F,0.714
P55017,SLC12A3,Q1012N,0.619
P55017,SLC12A3,Q1012Y,0.75
P55017,SLC12A3,Q1012W,0.789
P55017,SLC12A3,Q1012V,0.696
P55017,SLC12A3,Q1012T,0.636
P55017,SLC12A3,Q1012S,0.641
P55017,SLC12A3,Q1012R,0.751
P55017,SLC12A3,Q1012P,0.656
P55017,SLC12A3,Q1012M,0.824
P55017,SLC12A3,Q1012L,0.786
P55017,SLC12A3,Q1012K,0.688
P55017,SLC12A3,Q1012C,0.708
P55017,SLC12A3,Q1012D,0.583
P55017,SLC12A3,Q1012E,0.743
P55017,SLC12A3,Q1012A,0.648
P55017,SLC12A3,Q1012G,0.601
P55017,SLC12A3,Q1012H,0.771
P55017,SLC12A3,Q1012I,0.695
P55017,SLC12A3,Q1012F,0.692
P55017,SLC12A3,E1013P,0.804
P55017,SLC12A3,E1013Y,0.756
P55017,SLC12A3,E1013W,0.706
P55017,SLC12A3,E1013V,0.822
P55017,SLC12A3,E1013T,0.822
P55017,SLC12A3,E1013S,0.838
P55017,SLC12A3,E1013R,0.839
P55017,SLC12A3,E1013Q,0.964
P55017,SLC12A3,E1013N,0.855
P55017,SLC12A3,E1013M,0.789
P55017,SLC12A3,E1013L,0.753
P55017,SLC12A3,E1013C,0.688
P55017,SLC12A3,E1013D,0.977
P55017,SLC12A3,E1013F,0.722
P55017,SLC12A3,E1013A,0.853
P55017,SLC12A3,E1013H,0.847
P55017,SLC12A3,E1013I,0.768
P55017,SLC12A3,E1013K,0.92
P55017,SLC12A3,E1013G,0.818
P55017,SLC12A3,N1014P,0.69
P55017,SLC12A3,N1014W,0.645
P55017,SLC12A3,N1014V,0.714
P55017,SLC12A3,N1014T,0.84
P55017,SLC12A3,N1014S,0.883
P55017,SLC12A3,N1014Y,0.754
P55017,SLC12A3,N1014R,0.779
P55017,SLC12A3,N1014Q,0.797
P55017,SLC12A3,N1014M,0.752
P55017,SLC12A3,N1014F,0.73
P55017,SLC12A3,N1014K,0.802
P55017,SLC12A3,N1014A,0.745
P55017,SLC12A3,N1014C,0.716
P55017,SLC12A3,N1014D,0.862
P55017,SLC12A3,N1014L,0.708
P55017,SLC12A3,N1014G,0.815
P55017,SLC12A3,N1014H,0.869
P55017,SLC12A3,N1014I,0.74
P55017,SLC12A3,N1014E,0.767
P55017,SLC12A3,V1015N,0.46
P55017,SLC12A3,V1015Y,0.565
P55017,SLC12A3,V1015W,0.516
P55017,SLC12A3,V1015T,0.647
P55017,SLC12A3,V1015S,0.521
P55017,SLC12A3,V1015R,0.455
P55017,SLC12A3,V1015Q,0.511
P55017,SLC12A3,V1015P,0.478
P55017,SLC12A3,V1015M,0.777
P55017,SLC12A3,V1015L,0.776
P55017,SLC12A3,V1015K,0.466
P55017,SLC12A3,V1015C,0.666
P55017,SLC12A3,V1015D,0.444
P55017,SLC12A3,V1015E,0.496
P55017,SLC12A3,V1015A,0.696
P55017,SLC12A3,V1015G,0.514
P55017,SLC12A3,V1015H,0.474
P55017,SLC12A3,V1015I,0.859
P55017,SLC12A3,V1015F,0.666
P55017,SLC12A3,L1016P,0.64
P55017,SLC12A3,L1016Y,0.672
P55017,SLC12A3,L1016W,0.65
P55017,SLC12A3,L1016V,0.806
P55017,SLC12A3,L1016T,0.658
P55017,SLC12A3,L1016S,0.63
P55017,SLC12A3,L1016R,0.621
P55017,SLC12A3,L1016Q,0.647
P55017,SLC12A3,L1016N,0.551
P55017,SLC12A3,L1016M,0.855
P55017,SLC12A3,L1016K,0.577
P55017,SLC12A3,L1016C,0.651
P55017,SLC12A3,L1016D,0.506
P55017,SLC12A3,L1016E,0.554
P55017,SLC12A3,L1016A,0.664
P55017,SLC12A3,L1016G,0.514
P55017,SLC12A3,L1016H,0.625
P55017,SLC12A3,L1016I,0.844
P55017,SLC12A3,L1016F,0.79
P55017,SLC12A3,T1017N,0.903
P55017,SLC12A3,T1017Y,0.797
P55017,SLC12A3,T1017W,0.702
P55017,SLC12A3,T1017V,0.916
P55017,SLC12A3,T1017S,0.934
P55017,SLC12A3,T1017R,0.832
P55017,SLC12A3,T1017Q,0.82
P55017,SLC12A3,T1017P,0.846
P55017,SLC12A3,T1017M,0.92
P55017,SLC12A3,T1017L,0.849
P55017,SLC12A3,T1017K,0.845
P55017,SLC12A3,T1017C,0.841
P55017,SLC12A3,T1017D,0.77
P55017,SLC12A3,T1017E,0.794
P55017,SLC12A3,T1017A,0.924
P55017,SLC12A3,T1017G,0.796
P55017,SLC12A3,T1017H,0.802
P55017,SLC12A3,T1017I,0.914
P55017,SLC12A3,T1017F,0.798
P55017,SLC12A3,F1018P,0.562
P55017,SLC12A3,F1018W,0.76
P55017,SLC12A3,F1018V,0.74
P55017,SLC12A3,F1018T,0.68
P55017,SLC12A3,F1018S,0.704
P55017,SLC12A3,F1018Y,0.881
P55017,SLC12A3,F1018R,0.632
P55017,SLC12A3,F1018Q,0.632
P55017,SLC12A3,F1018N,0.629
P55017,SLC12A3,F1018G,0.59
P55017,SLC12A3,F1018L,0.784
P55017,SLC12A3,F1018A,0.672
P55017,SLC12A3,F1018C,0.721
P55017,SLC12A3,F1018D,0.622
P55017,SLC12A3,F1018M,0.745
P55017,SLC12A3,F1018H,0.738
P55017,SLC12A3,F1018I,0.767
P55017,SLC12A3,F1018K,0.614
P55017,SLC12A3,F1018E,0.58
P55017,SLC12A3,Y1019N,0.746
P55017,SLC12A3,Y1019W,0.802
P55017,SLC12A3,Y1019V,0.718
P55017,SLC12A3,Y1019T,0.709
P55017,SLC12A3,Y1019S,0.732
P55017,SLC12A3,Y1019R,0.727
P55017,SLC12A3,Y1019Q,0.769
P55017,SLC12A3,Y1019P,0.66
P55017,SLC12A3,Y1019M,0.736
P55017,SLC12A3,Y1019L,0.748
P55017,SLC12A3,Y1019K,0.69
P55017,SLC12A3,Y1019C,0.786
P55017,SLC12A3,Y1019D,0.693
P55017,SLC12A3,Y1019E,0.688
P55017,SLC12A3,Y1019A,0.698
P55017,SLC12A3,Y1019G,0.652
P55017,SLC12A3,Y1019H,0.878
P55017,SLC12A3,Y1019I,0.722
P55017,SLC12A3,Y1019F,0.904
P55017,SLC12A3,C1020P,0.762
P55017,SLC12A3,C1020W,0.879
P55017,SLC12A3,C1020V,0.854
P55017,SLC12A3,C1020T,0.863
P55017,SLC12A3,C1020S,0.911
P55017,SLC12A3,C1020Y,0.9
P55017,SLC12A3,C1020R,0.873
P55017,SLC12A3,C1020Q,0.812
P55017,SLC12A3,C1020N,0.81
P55017,SLC12A3,C1020G,0.828
P55017,SLC12A3,C1020L,0.837
P55017,SLC12A3,C1020K,0.764
P55017,SLC12A3,C1020I,0.858
P55017,SLC12A3,C1020H,0.84
P55017,SLC12A3,C1020F,0.877
P55017,SLC12A3,C1020E,0.71
P55017,SLC12A3,C1020D,0.742
P55017,SLC12A3,C1020A,0.898
P55017,SLC12A3,C1020M,0.874
P55017,SLC12A3,Q1021N,0.891
P55017,SLC12A3,Q1021P,0.894
P55017,SLC12A3,Q1021V,0.824
P55017,SLC12A3,Q1021S,0.864
P55017,SLC12A3,Q1021T,0.87
P55017,SLC12A3,Q1021M,0.933
P55017,SLC12A3,Q1021R,0.992
P55017,SLC12A3,Q1021L,0.88
P55017,SLC12A3,Q1021F,0.776
P55017,SLC12A3,Q1021I,0.806
P55017,SLC12A3,Q1021H,0.977
P55017,SLC12A3,Q1021G,0.796
P55017,SLC12A3,Q1021E,0.989
P55017,SLC12A3,Q1021D,0.85
P55017,SLC12A3,Q1021C,0.813
P55017,SLC12A3,Q1021A,0.854
P55017,SLC12A3,Q1021W,0.865
P55017,SLC12A3,Q1021K,0.964
P55017,SLC12A3,Q1021Y,0.865
