Uniprot ID,Gene Symbol,variant,QAFI_predictions
Q9BY41,HDAC8,M1A,0.901
Q9BY41,HDAC8,M1Y,0.852
Q9BY41,HDAC8,M1W,0.867
Q9BY41,HDAC8,M1V,0.995
Q9BY41,HDAC8,M1T,0.95
Q9BY41,HDAC8,M1S,0.864
Q9BY41,HDAC8,M1Q,0.908
Q9BY41,HDAC8,M1P,0.81
Q9BY41,HDAC8,M1N,0.84
Q9BY41,HDAC8,M1R,0.891
Q9BY41,HDAC8,M1K,0.905
Q9BY41,HDAC8,M1L,1.002
Q9BY41,HDAC8,M1D,0.757
Q9BY41,HDAC8,M1E,0.835
Q9BY41,HDAC8,M1F,0.89
Q9BY41,HDAC8,M1C,0.847
Q9BY41,HDAC8,M1H,0.842
Q9BY41,HDAC8,M1I,0.992
Q9BY41,HDAC8,M1G,0.78
Q9BY41,HDAC8,E2P,0.954
Q9BY41,HDAC8,E2Y,0.952
Q9BY41,HDAC8,E2W,0.896
Q9BY41,HDAC8,E2V,1.003
Q9BY41,HDAC8,E2T,0.985
Q9BY41,HDAC8,E2S,0.987
Q9BY41,HDAC8,E2R,1.01
Q9BY41,HDAC8,E2Q,1.126
Q9BY41,HDAC8,E2N,1.012
Q9BY41,HDAC8,E2G,1.0
Q9BY41,HDAC8,E2L,0.932
Q9BY41,HDAC8,E2M,0.979
Q9BY41,HDAC8,E2C,0.888
Q9BY41,HDAC8,E2D,1.133
Q9BY41,HDAC8,E2F,0.899
Q9BY41,HDAC8,E2A,1.03
Q9BY41,HDAC8,E2H,1.009
Q9BY41,HDAC8,E2I,0.963
Q9BY41,HDAC8,E2K,1.082
Q9BY41,HDAC8,E3Y,0.948
Q9BY41,HDAC8,E3W,0.882
Q9BY41,HDAC8,E3V,1.0
Q9BY41,HDAC8,E3T,0.982
Q9BY41,HDAC8,E3S,0.983
Q9BY41,HDAC8,E3Q,1.122
Q9BY41,HDAC8,E3P,0.951
Q9BY41,HDAC8,E3N,1.008
Q9BY41,HDAC8,E3M,0.976
Q9BY41,HDAC8,E3R,1.007
Q9BY41,HDAC8,E3K,1.078
Q9BY41,HDAC8,E3C,0.873
Q9BY41,HDAC8,E3D,1.128
Q9BY41,HDAC8,E3F,0.886
Q9BY41,HDAC8,E3A,1.026
Q9BY41,HDAC8,E3L,0.928
Q9BY41,HDAC8,E3H,1.005
Q9BY41,HDAC8,E3I,0.96
Q9BY41,HDAC8,E3G,0.996
Q9BY41,HDAC8,P4M,1.008
Q9BY41,HDAC8,P4W,0.86
Q9BY41,HDAC8,P4V,0.996
Q9BY41,HDAC8,P4T,1.061
Q9BY41,HDAC8,P4S,1.07
Q9BY41,HDAC8,P4R,1.001
Q9BY41,HDAC8,P4Q,1.068
Q9BY41,HDAC8,P4N,0.967
Q9BY41,HDAC8,P4L,1.03
Q9BY41,HDAC8,P4Y,0.966
Q9BY41,HDAC8,P4I,0.968
Q9BY41,HDAC8,P4A,1.082
Q9BY41,HDAC8,P4C,0.963
Q9BY41,HDAC8,P4D,0.954
Q9BY41,HDAC8,P4K,0.984
Q9BY41,HDAC8,P4F,0.946
Q9BY41,HDAC8,P4G,0.945
Q9BY41,HDAC8,P4H,1.023
Q9BY41,HDAC8,P4E,0.995
Q9BY41,HDAC8,E5N,0.968
Q9BY41,HDAC8,E5W,0.851
Q9BY41,HDAC8,E5V,0.96
Q9BY41,HDAC8,E5T,0.94
Q9BY41,HDAC8,E5S,0.942
Q9BY41,HDAC8,E5R,0.966
Q9BY41,HDAC8,E5Q,1.081
Q9BY41,HDAC8,E5P,0.911
Q9BY41,HDAC8,E5Y,0.907
Q9BY41,HDAC8,E5M,0.935
Q9BY41,HDAC8,E5K,1.037
Q9BY41,HDAC8,E5I,0.919
Q9BY41,HDAC8,E5H,0.964
Q9BY41,HDAC8,E5G,0.956
Q9BY41,HDAC8,E5F,0.854
Q9BY41,HDAC8,E5D,1.088
Q9BY41,HDAC8,E5C,0.843
Q9BY41,HDAC8,E5A,0.986
Q9BY41,HDAC8,E5L,0.887
Q9BY41,HDAC8,E6P,0.992
Q9BY41,HDAC8,E6Q,1.163
Q9BY41,HDAC8,E6S,1.024
Q9BY41,HDAC8,E6N,1.05
Q9BY41,HDAC8,E6V,1.041
Q9BY41,HDAC8,E6W,0.919
Q9BY41,HDAC8,E6Y,0.989
Q9BY41,HDAC8,E6T,1.022
Q9BY41,HDAC8,E6M,1.016
Q9BY41,HDAC8,E6R,1.048
Q9BY41,HDAC8,E6K,1.119
Q9BY41,HDAC8,E6A,1.068
Q9BY41,HDAC8,E6C,0.911
Q9BY41,HDAC8,E6D,1.169
Q9BY41,HDAC8,E6F,0.923
Q9BY41,HDAC8,E6L,0.964
Q9BY41,HDAC8,E6H,1.046
Q9BY41,HDAC8,E6I,1.0
Q9BY41,HDAC8,E6G,1.038
Q9BY41,HDAC8,P7Y,0.966
Q9BY41,HDAC8,P7W,0.833
Q9BY41,HDAC8,P7V,0.996
Q9BY41,HDAC8,P7T,1.061
Q9BY41,HDAC8,P7S,1.07
Q9BY41,HDAC8,P7R,1.001
Q9BY41,HDAC8,P7N,0.966
Q9BY41,HDAC8,P7M,1.008
Q9BY41,HDAC8,P7L,1.03
Q9BY41,HDAC8,P7Q,1.069
Q9BY41,HDAC8,P7I,0.967
Q9BY41,HDAC8,P7H,1.023
Q9BY41,HDAC8,P7G,0.939
Q9BY41,HDAC8,P7F,0.941
Q9BY41,HDAC8,P7E,0.995
Q9BY41,HDAC8,P7D,0.952
Q9BY41,HDAC8,P7C,0.962
Q9BY41,HDAC8,P7K,0.984
Q9BY41,HDAC8,P7A,1.082
Q9BY41,HDAC8,A8Q,0.998
Q9BY41,HDAC8,A8R,0.966
Q9BY41,HDAC8,A8S,1.115
Q9BY41,HDAC8,A8Y,0.97
Q9BY41,HDAC8,A8V,1.102
Q9BY41,HDAC8,A8W,0.888
Q9BY41,HDAC8,A8P,1.039
Q9BY41,HDAC8,A8T,1.114
Q9BY41,HDAC8,A8N,0.995
Q9BY41,HDAC8,A8E,1.026
Q9BY41,HDAC8,A8L,1.006
Q9BY41,HDAC8,A8K,0.986
Q9BY41,HDAC8,A8I,1.032
Q9BY41,HDAC8,A8H,0.948
Q9BY41,HDAC8,A8G,1.079
Q9BY41,HDAC8,A8F,0.964
Q9BY41,HDAC8,A8D,0.99
Q9BY41,HDAC8,A8C,1.058
Q9BY41,HDAC8,A8M,1.046
Q9BY41,HDAC8,D9P,0.882
Q9BY41,HDAC8,D9Q,0.974
Q9BY41,HDAC8,D9R,0.887
Q9BY41,HDAC8,D9N,1.069
Q9BY41,HDAC8,D9T,0.942
Q9BY41,HDAC8,D9V,0.915
Q9BY41,HDAC8,D9W,0.82
Q9BY41,HDAC8,D9S,0.978
Q9BY41,HDAC8,D9Y,0.96
Q9BY41,HDAC8,D9M,0.884
Q9BY41,HDAC8,D9K,0.94
Q9BY41,HDAC8,D9A,0.956
Q9BY41,HDAC8,D9C,0.897
Q9BY41,HDAC8,D9E,1.099
Q9BY41,HDAC8,D9L,0.846
Q9BY41,HDAC8,D9G,0.987
Q9BY41,HDAC8,D9H,0.989
Q9BY41,HDAC8,D9I,0.897
Q9BY41,HDAC8,D9F,0.905
Q9BY41,HDAC8,S10M,1.044
Q9BY41,HDAC8,S10W,0.953
Q9BY41,HDAC8,S10V,0.996
Q9BY41,HDAC8,S10T,1.152
Q9BY41,HDAC8,S10R,1.044
Q9BY41,HDAC8,S10Q,1.037
Q9BY41,HDAC8,S10P,1.066
Q9BY41,HDAC8,S10N,1.163
Q9BY41,HDAC8,S10L,1.016
Q9BY41,HDAC8,S10Y,1.032
Q9BY41,HDAC8,S10I,1.013
Q9BY41,HDAC8,S10A,1.15
Q9BY41,HDAC8,S10C,1.109
Q9BY41,HDAC8,S10D,1.034
Q9BY41,HDAC8,S10K,1.039
Q9BY41,HDAC8,S10F,1.038
Q9BY41,HDAC8,S10G,1.108
Q9BY41,HDAC8,S10H,1.026
Q9BY41,HDAC8,S10E,1.003
Q9BY41,HDAC8,G11N,1.043
Q9BY41,HDAC8,G11W,0.965
Q9BY41,HDAC8,G11V,0.982
Q9BY41,HDAC8,G11T,0.97
Q9BY41,HDAC8,G11S,1.08
Q9BY41,HDAC8,G11R,1.014
Q9BY41,HDAC8,G11Q,0.962
Q9BY41,HDAC8,G11P,0.918
Q9BY41,HDAC8,G11Y,0.903
Q9BY41,HDAC8,G11M,0.922
Q9BY41,HDAC8,G11K,0.959
Q9BY41,HDAC8,G11I,0.917
Q9BY41,HDAC8,G11H,0.948
Q9BY41,HDAC8,G11F,0.927
Q9BY41,HDAC8,G11E,1.007
Q9BY41,HDAC8,G11D,1.023
Q9BY41,HDAC8,G11C,1.004
Q9BY41,HDAC8,G11A,1.085
Q9BY41,HDAC8,G11L,0.87
Q9BY41,HDAC8,Q12N,0.983
Q9BY41,HDAC8,Q12P,0.986
Q9BY41,HDAC8,Q12S,0.962
Q9BY41,HDAC8,Q12M,1.017
Q9BY41,HDAC8,Q12V,0.93
Q9BY41,HDAC8,Q12W,0.964
Q9BY41,HDAC8,Q12Y,0.962
Q9BY41,HDAC8,Q12T,0.966
Q9BY41,HDAC8,Q12L,0.974
Q9BY41,HDAC8,Q12R,1.064
Q9BY41,HDAC8,Q12I,0.916
Q9BY41,HDAC8,Q12A,0.954
Q9BY41,HDAC8,Q12C,0.921
Q9BY41,HDAC8,Q12D,0.95
Q9BY41,HDAC8,Q12E,1.064
Q9BY41,HDAC8,Q12K,1.042
Q9BY41,HDAC8,Q12G,0.909
Q9BY41,HDAC8,Q12H,1.052
Q9BY41,HDAC8,Q12F,0.893
Q9BY41,HDAC8,S13Y,0.874
Q9BY41,HDAC8,S13W,0.812
Q9BY41,HDAC8,S13V,0.846
Q9BY41,HDAC8,S13T,1.018
Q9BY41,HDAC8,S13R,0.889
Q9BY41,HDAC8,S13Q,0.893
Q9BY41,HDAC8,S13N,1.032
Q9BY41,HDAC8,S13M,0.889
Q9BY41,HDAC8,S13L,0.862
Q9BY41,HDAC8,S13P,0.91
Q9BY41,HDAC8,S13I,0.859
Q9BY41,HDAC8,S13H,0.871
Q9BY41,HDAC8,S13G,0.958
Q9BY41,HDAC8,S13F,0.879
Q9BY41,HDAC8,S13E,0.882
Q9BY41,HDAC8,S13D,0.893
Q9BY41,HDAC8,S13C,0.951
Q9BY41,HDAC8,S13K,0.894
Q9BY41,HDAC8,S13A,1.016
Q9BY41,HDAC8,L14Q,0.945
Q9BY41,HDAC8,L14R,0.916
Q9BY41,HDAC8,L14S,0.924
Q9BY41,HDAC8,L14Y,0.938
Q9BY41,HDAC8,L14V,1.043
Q9BY41,HDAC8,L14W,0.906
Q9BY41,HDAC8,L14P,0.926
Q9BY41,HDAC8,L14T,0.944
Q9BY41,HDAC8,L14N,0.852
Q9BY41,HDAC8,L14D,0.819
Q9BY41,HDAC8,L14K,0.883
Q9BY41,HDAC8,L14I,1.074
Q9BY41,HDAC8,L14H,0.911
Q9BY41,HDAC8,L14G,0.799
Q9BY41,HDAC8,L14F,1.014
Q9BY41,HDAC8,L14E,0.866
Q9BY41,HDAC8,L14C,0.906
Q9BY41,HDAC8,L14A,0.934
Q9BY41,HDAC8,L14M,1.094
Q9BY41,HDAC8,V15R,0.935
Q9BY41,HDAC8,V15Q,0.97
Q9BY41,HDAC8,V15S,0.981
Q9BY41,HDAC8,V15P,0.964
Q9BY41,HDAC8,V15W,0.906
Q9BY41,HDAC8,V15Y,0.985
Q9BY41,HDAC8,V15N,0.942
Q9BY41,HDAC8,V15T,1.12
Q9BY41,HDAC8,V15M,1.18
Q9BY41,HDAC8,V15L,1.148
Q9BY41,HDAC8,V15K,0.964
Q9BY41,HDAC8,V15C,1.022
Q9BY41,HDAC8,V15D,0.956
Q9BY41,HDAC8,V15E,1.026
Q9BY41,HDAC8,V15A,1.128
Q9BY41,HDAC8,V15G,0.989
Q9BY41,HDAC8,V15H,0.918
Q9BY41,HDAC8,V15I,1.253
Q9BY41,HDAC8,V15F,1.05
Q9BY41,HDAC8,P16M,0.82
Q9BY41,HDAC8,P16W,0.672
Q9BY41,HDAC8,P16V,0.826
Q9BY41,HDAC8,P16T,0.846
Q9BY41,HDAC8,P16S,0.844
Q9BY41,HDAC8,P16R,0.765
Q9BY41,HDAC8,P16Q,0.84
Q9BY41,HDAC8,P16N,0.746
Q9BY41,HDAC8,P16L,0.857
Q9BY41,HDAC8,P16Y,0.744
Q9BY41,HDAC8,P16I,0.791
Q9BY41,HDAC8,P16A,0.871
Q9BY41,HDAC8,P16C,0.726
Q9BY41,HDAC8,P16D,0.746
Q9BY41,HDAC8,P16K,0.766
Q9BY41,HDAC8,P16F,0.739
Q9BY41,HDAC8,P16G,0.751
Q9BY41,HDAC8,P16H,0.792
Q9BY41,HDAC8,P16E,0.778
Q9BY41,HDAC8,V17M,0.794
Q9BY41,HDAC8,V17W,0.51
Q9BY41,HDAC8,V17T,0.643
Q9BY41,HDAC8,V17S,0.511
Q9BY41,HDAC8,V17R,0.394
Q9BY41,HDAC8,V17Q,0.496
Q9BY41,HDAC8,V17P,0.472
Q9BY41,HDAC8,V17N,0.423
Q9BY41,HDAC8,V17Y,0.582
Q9BY41,HDAC8,V17L,0.807
Q9BY41,HDAC8,V17I,0.883
Q9BY41,HDAC8,V17H,0.447
Q9BY41,HDAC8,V17G,0.487
Q9BY41,HDAC8,V17F,0.694
Q9BY41,HDAC8,V17E,0.466
Q9BY41,HDAC8,V17D,0.4
Q9BY41,HDAC8,V17C,0.69
Q9BY41,HDAC8,V17A,0.698
Q9BY41,HDAC8,V17K,0.436
Q9BY41,HDAC8,Y18N,0.578
Q9BY41,HDAC8,Y18P,0.418
Q9BY41,HDAC8,Y18Q,0.613
Q9BY41,HDAC8,Y18M,0.682
Q9BY41,HDAC8,Y18S,0.558
Q9BY41,HDAC8,Y18T,0.559
Q9BY41,HDAC8,Y18V,0.684
Q9BY41,HDAC8,Y18R,0.58
Q9BY41,HDAC8,Y18W,0.792
Q9BY41,HDAC8,Y18L,0.736
Q9BY41,HDAC8,Y18I,0.689
Q9BY41,HDAC8,Y18A,0.572
Q9BY41,HDAC8,Y18C,0.694
Q9BY41,HDAC8,Y18D,0.452
Q9BY41,HDAC8,Y18K,0.511
Q9BY41,HDAC8,Y18F,0.914
Q9BY41,HDAC8,Y18G,0.533
Q9BY41,HDAC8,Y18H,0.776
Q9BY41,HDAC8,Y18E,0.499
Q9BY41,HDAC8,I19W,0.58
Q9BY41,HDAC8,I19V,0.898
Q9BY41,HDAC8,I19T,0.685
Q9BY41,HDAC8,I19S,0.586
Q9BY41,HDAC8,I19R,0.538
Q9BY41,HDAC8,I19Q,0.52
Q9BY41,HDAC8,I19P,0.532
Q9BY41,HDAC8,I19N,0.566
Q9BY41,HDAC8,I19M,0.812
Q9BY41,HDAC8,I19Y,0.67
Q9BY41,HDAC8,I19K,0.519
Q9BY41,HDAC8,I19A,0.648
Q9BY41,HDAC8,I19C,0.67
Q9BY41,HDAC8,I19D,0.496
Q9BY41,HDAC8,I19L,0.872
Q9BY41,HDAC8,I19F,0.78
Q9BY41,HDAC8,I19G,0.501
Q9BY41,HDAC8,I19H,0.54
Q9BY41,HDAC8,I19E,0.511
Q9BY41,HDAC8,Y20M,0.737
Q9BY41,HDAC8,Y20V,0.74
Q9BY41,HDAC8,Y20T,0.629
Q9BY41,HDAC8,Y20S,0.632
Q9BY41,HDAC8,Y20R,0.653
Q9BY41,HDAC8,Y20Q,0.684
Q9BY41,HDAC8,Y20P,0.493
Q9BY41,HDAC8,Y20N,0.653
Q9BY41,HDAC8,Y20W,0.848
Q9BY41,HDAC8,Y20L,0.784
Q9BY41,HDAC8,Y20I,0.74
Q9BY41,HDAC8,Y20K,0.587
Q9BY41,HDAC8,Y20A,0.638
Q9BY41,HDAC8,Y20C,0.756
Q9BY41,HDAC8,Y20D,0.538
Q9BY41,HDAC8,Y20F,0.962
Q9BY41,HDAC8,Y20G,0.606
Q9BY41,HDAC8,Y20H,0.843
Q9BY41,HDAC8,Y20E,0.572
Q9BY41,HDAC8,S21Y,0.72
Q9BY41,HDAC8,S21W,0.639
Q9BY41,HDAC8,S21V,0.726
Q9BY41,HDAC8,S21T,0.85
Q9BY41,HDAC8,S21R,0.734
Q9BY41,HDAC8,S21Q,0.754
Q9BY41,HDAC8,S21P,0.77
Q9BY41,HDAC8,S21N,0.862
Q9BY41,HDAC8,S21M,0.751
Q9BY41,HDAC8,S21L,0.744
Q9BY41,HDAC8,S21I,0.725
Q9BY41,HDAC8,S21A,0.843
Q9BY41,HDAC8,S21C,0.774
Q9BY41,HDAC8,S21D,0.757
Q9BY41,HDAC8,S21K,0.758
Q9BY41,HDAC8,S21F,0.756
Q9BY41,HDAC8,S21G,0.81
Q9BY41,HDAC8,S21H,0.723
Q9BY41,HDAC8,S21E,0.738
Q9BY41,HDAC8,P22M,0.776
Q9BY41,HDAC8,P22W,0.632
Q9BY41,HDAC8,P22V,0.777
Q9BY41,HDAC8,P22T,0.834
Q9BY41,HDAC8,P22S,0.842
Q9BY41,HDAC8,P22R,0.767
Q9BY41,HDAC8,P22Q,0.838
Q9BY41,HDAC8,P22N,0.75
Q9BY41,HDAC8,P22L,0.79
Q9BY41,HDAC8,P22Y,0.714
Q9BY41,HDAC8,P22I,0.735
Q9BY41,HDAC8,P22A,0.85
Q9BY41,HDAC8,P22C,0.686
Q9BY41,HDAC8,P22D,0.756
Q9BY41,HDAC8,P22K,0.777
Q9BY41,HDAC8,P22F,0.675
Q9BY41,HDAC8,P22G,0.742
Q9BY41,HDAC8,P22H,0.781
Q9BY41,HDAC8,P22E,0.784
Q9BY41,HDAC8,E23N,0.859
Q9BY41,HDAC8,E23W,0.718
Q9BY41,HDAC8,E23V,0.836
Q9BY41,HDAC8,E23T,0.828
Q9BY41,HDAC8,E23S,0.843
Q9BY41,HDAC8,E23R,0.839
Q9BY41,HDAC8,E23Q,0.967
Q9BY41,HDAC8,E23P,0.808
Q9BY41,HDAC8,E23Y,0.768
Q9BY41,HDAC8,E23M,0.802
Q9BY41,HDAC8,E23K,0.917
Q9BY41,HDAC8,E23I,0.785
Q9BY41,HDAC8,E23H,0.852
Q9BY41,HDAC8,E23G,0.824
Q9BY41,HDAC8,E23F,0.74
Q9BY41,HDAC8,E23D,0.983
Q9BY41,HDAC8,E23C,0.7
Q9BY41,HDAC8,E23A,0.86
Q9BY41,HDAC8,E23L,0.772
Q9BY41,HDAC8,Y24N,0.57
Q9BY41,HDAC8,Y24P,0.406
Q9BY41,HDAC8,Y24R,0.569
Q9BY41,HDAC8,Y24M,0.708
Q9BY41,HDAC8,Y24T,0.568
Q9BY41,HDAC8,Y24V,0.715
Q9BY41,HDAC8,Y24W,0.814
Q9BY41,HDAC8,Y24S,0.558
Q9BY41,HDAC8,Y24L,0.772
Q9BY41,HDAC8,Y24Q,0.617
Q9BY41,HDAC8,Y24I,0.72
Q9BY41,HDAC8,Y24A,0.589
Q9BY41,HDAC8,Y24C,0.704
Q9BY41,HDAC8,Y24D,0.44
Q9BY41,HDAC8,Y24E,0.494
Q9BY41,HDAC8,Y24K,0.508
Q9BY41,HDAC8,Y24G,0.548
Q9BY41,HDAC8,Y24H,0.788
Q9BY41,HDAC8,Y24F,0.946
Q9BY41,HDAC8,V25Y,0.653
Q9BY41,HDAC8,V25W,0.585
Q9BY41,HDAC8,V25T,0.726
Q9BY41,HDAC8,V25S,0.601
Q9BY41,HDAC8,V25R,0.514
Q9BY41,HDAC8,V25Q,0.584
Q9BY41,HDAC8,V25N,0.537
Q9BY41,HDAC8,V25M,0.856
Q9BY41,HDAC8,V25L,0.859
Q9BY41,HDAC8,V25P,0.554
Q9BY41,HDAC8,V25I,0.938
Q9BY41,HDAC8,V25H,0.548
Q9BY41,HDAC8,V25G,0.594
Q9BY41,HDAC8,V25F,0.749
Q9BY41,HDAC8,V25E,0.572
Q9BY41,HDAC8,V25D,0.518
Q9BY41,HDAC8,V25C,0.752
Q9BY41,HDAC8,V25K,0.54
Q9BY41,HDAC8,V25A,0.772
Q9BY41,HDAC8,S26P,0.935
Q9BY41,HDAC8,S26Q,0.918
Q9BY41,HDAC8,S26R,0.899
Q9BY41,HDAC8,S26Y,0.861
Q9BY41,HDAC8,S26V,0.864
Q9BY41,HDAC8,S26W,0.776
Q9BY41,HDAC8,S26N,1.027
Q9BY41,HDAC8,S26T,1.009
Q9BY41,HDAC8,S26M,0.889
Q9BY41,HDAC8,S26D,0.922
Q9BY41,HDAC8,S26K,0.93
Q9BY41,HDAC8,S26I,0.857
Q9BY41,HDAC8,S26H,0.88
Q9BY41,HDAC8,S26G,0.972
Q9BY41,HDAC8,S26F,0.882
Q9BY41,HDAC8,S26E,0.905
Q9BY41,HDAC8,S26C,0.92
Q9BY41,HDAC8,S26A,1.003
Q9BY41,HDAC8,S26L,0.869
Q9BY41,HDAC8,M27S,0.876
Q9BY41,HDAC8,M27R,0.875
Q9BY41,HDAC8,M27T,0.924
Q9BY41,HDAC8,M27Q,0.897
Q9BY41,HDAC8,M27W,0.836
Q9BY41,HDAC8,M27Y,0.8
Q9BY41,HDAC8,M27P,0.822
Q9BY41,HDAC8,M27V,0.986
Q9BY41,HDAC8,M27N,0.817
Q9BY41,HDAC8,M27L,1.005
Q9BY41,HDAC8,M27K,0.879
Q9BY41,HDAC8,M27C,0.843
Q9BY41,HDAC8,M27D,0.743
Q9BY41,HDAC8,M27E,0.808
Q9BY41,HDAC8,M27A,0.882
Q9BY41,HDAC8,M27G,0.733
Q9BY41,HDAC8,M27H,0.787
Q9BY41,HDAC8,M27I,0.962
Q9BY41,HDAC8,M27F,0.876
Q9BY41,HDAC8,C28N,0.485
Q9BY41,HDAC8,C28Y,0.546
Q9BY41,HDAC8,C28W,0.55
Q9BY41,HDAC8,C28V,0.686
Q9BY41,HDAC8,C28S,0.622
Q9BY41,HDAC8,C28R,0.454
Q9BY41,HDAC8,C28Q,0.466
Q9BY41,HDAC8,C28P,0.364
Q9BY41,HDAC8,C28M,0.696
Q9BY41,HDAC8,C28T,0.607
Q9BY41,HDAC8,C28K,0.396
Q9BY41,HDAC8,C28L,0.686
Q9BY41,HDAC8,C28D,0.473
Q9BY41,HDAC8,C28E,0.324
Q9BY41,HDAC8,C28A,0.699
Q9BY41,HDAC8,C28G,0.506
Q9BY41,HDAC8,C28H,0.484
Q9BY41,HDAC8,C28I,0.662
Q9BY41,HDAC8,C28F,0.624
Q9BY41,HDAC8,D29Y,0.604
Q9BY41,HDAC8,D29P,0.478
Q9BY41,HDAC8,D29W,0.503
Q9BY41,HDAC8,D29V,0.641
Q9BY41,HDAC8,D29T,0.655
Q9BY41,HDAC8,D29S,0.689
Q9BY41,HDAC8,D29R,0.534
Q9BY41,HDAC8,D29Q,0.704
Q9BY41,HDAC8,D29N,0.792
Q9BY41,HDAC8,D29I,0.628
Q9BY41,HDAC8,D29L,0.562
Q9BY41,HDAC8,D29K,0.584
Q9BY41,HDAC8,D29H,0.711
Q9BY41,HDAC8,D29G,0.64
Q9BY41,HDAC8,D29F,0.62
Q9BY41,HDAC8,D29E,0.81
Q9BY41,HDAC8,D29C,0.665
Q9BY41,HDAC8,D29A,0.643
Q9BY41,HDAC8,D29M,0.562
Q9BY41,HDAC8,S30R,0.865
Q9BY41,HDAC8,S30Q,0.883
Q9BY41,HDAC8,S30T,0.971
Q9BY41,HDAC8,S30P,0.898
Q9BY41,HDAC8,S30W,0.768
Q9BY41,HDAC8,S30Y,0.844
Q9BY41,HDAC8,S30N,0.986
Q9BY41,HDAC8,S30V,0.845
Q9BY41,HDAC8,S30M,0.875
Q9BY41,HDAC8,S30L,0.864
Q9BY41,HDAC8,S30K,0.888
Q9BY41,HDAC8,S30C,0.896
Q9BY41,HDAC8,S30D,0.88
Q9BY41,HDAC8,S30E,0.865
Q9BY41,HDAC8,S30A,0.969
Q9BY41,HDAC8,S30G,0.931
Q9BY41,HDAC8,S30H,0.852
Q9BY41,HDAC8,S30I,0.85
Q9BY41,HDAC8,S30F,0.882
Q9BY41,HDAC8,L31N,0.528
Q9BY41,HDAC8,L31W,0.631
Q9BY41,HDAC8,L31V,0.79
Q9BY41,HDAC8,L31T,0.627
Q9BY41,HDAC8,L31S,0.575
Q9BY41,HDAC8,L31R,0.574
Q9BY41,HDAC8,L31Q,0.584
Q9BY41,HDAC8,L31P,0.527
Q9BY41,HDAC8,L31M,0.837
Q9BY41,HDAC8,L31Y,0.631
Q9BY41,HDAC8,L31I,0.823
Q9BY41,HDAC8,L31A,0.638
Q9BY41,HDAC8,L31C,0.678
Q9BY41,HDAC8,L31D,0.424
Q9BY41,HDAC8,L31K,0.554
Q9BY41,HDAC8,L31F,0.753
Q9BY41,HDAC8,L31G,0.474
Q9BY41,HDAC8,L31H,0.54
Q9BY41,HDAC8,L31E,0.477
Q9BY41,HDAC8,A32N,0.936
Q9BY41,HDAC8,A32W,0.874
Q9BY41,HDAC8,A32V,1.055
Q9BY41,HDAC8,A32T,1.055
Q9BY41,HDAC8,A32S,1.066
Q9BY41,HDAC8,A32R,0.93
Q9BY41,HDAC8,A32Q,0.956
Q9BY41,HDAC8,A32P,0.999
Q9BY41,HDAC8,A32Y,0.92
Q9BY41,HDAC8,A32M,0.992
Q9BY41,HDAC8,A32K,0.944
Q9BY41,HDAC8,A32I,0.977
Q9BY41,HDAC8,A32H,0.903
Q9BY41,HDAC8,A32G,1.018
Q9BY41,HDAC8,A32F,0.922
Q9BY41,HDAC8,A32E,0.98
Q9BY41,HDAC8,A32D,0.936
Q9BY41,HDAC8,A32C,0.997
Q9BY41,HDAC8,A32L,0.968
Q9BY41,HDAC8,K33Q,0.911
Q9BY41,HDAC8,K33R,0.956
Q9BY41,HDAC8,K33S,0.844
Q9BY41,HDAC8,K33P,0.79
Q9BY41,HDAC8,K33V,0.798
Q9BY41,HDAC8,K33W,0.733
Q9BY41,HDAC8,K33Y,0.745
Q9BY41,HDAC8,K33T,0.842
Q9BY41,HDAC8,K33N,0.88
Q9BY41,HDAC8,K33M,0.871
Q9BY41,HDAC8,K33L,0.797
Q9BY41,HDAC8,K33C,0.704
Q9BY41,HDAC8,K33D,0.784
Q9BY41,HDAC8,K33E,0.9
Q9BY41,HDAC8,K33A,0.814
Q9BY41,HDAC8,K33G,0.76
Q9BY41,HDAC8,K33H,0.821
Q9BY41,HDAC8,K33I,0.78
Q9BY41,HDAC8,K33F,0.732
Q9BY41,HDAC8,I34N,0.726
Q9BY41,HDAC8,I34W,0.686
Q9BY41,HDAC8,I34V,1.007
Q9BY41,HDAC8,I34T,0.828
Q9BY41,HDAC8,I34S,0.742
Q9BY41,HDAC8,I34R,0.696
Q9BY41,HDAC8,I34Q,0.678
Q9BY41,HDAC8,I34P,0.688
Q9BY41,HDAC8,I34M,0.916
Q9BY41,HDAC8,I34Y,0.79
Q9BY41,HDAC8,I34K,0.691
Q9BY41,HDAC8,I34A,0.786
Q9BY41,HDAC8,I34C,0.782
Q9BY41,HDAC8,I34D,0.666
Q9BY41,HDAC8,I34L,0.948
Q9BY41,HDAC8,I34F,0.857
Q9BY41,HDAC8,I34G,0.649
Q9BY41,HDAC8,I34H,0.683
Q9BY41,HDAC8,I34E,0.684
Q9BY41,HDAC8,P35M,0.786
Q9BY41,HDAC8,P35W,0.641
Q9BY41,HDAC8,P35V,0.79
Q9BY41,HDAC8,P35T,0.834
Q9BY41,HDAC8,P35S,0.839
Q9BY41,HDAC8,P35R,0.761
Q9BY41,HDAC8,P35Q,0.832
Q9BY41,HDAC8,P35N,0.744
Q9BY41,HDAC8,P35Y,0.72
Q9BY41,HDAC8,P35L,0.81
Q9BY41,HDAC8,P35I,0.75
Q9BY41,HDAC8,P35H,0.778
Q9BY41,HDAC8,P35G,0.74
Q9BY41,HDAC8,P35F,0.695
Q9BY41,HDAC8,P35E,0.776
Q9BY41,HDAC8,P35D,0.748
Q9BY41,HDAC8,P35C,0.696
Q9BY41,HDAC8,P35A,0.852
Q9BY41,HDAC8,P35K,0.767
Q9BY41,HDAC8,K36P,0.806
Q9BY41,HDAC8,K36Q,0.926
Q9BY41,HDAC8,K36R,0.974
Q9BY41,HDAC8,K36N,0.899
Q9BY41,HDAC8,K36T,0.863
Q9BY41,HDAC8,K36V,0.821
Q9BY41,HDAC8,K36W,0.744
Q9BY41,HDAC8,K36S,0.864
Q9BY41,HDAC8,K36Y,0.767
Q9BY41,HDAC8,K36M,0.892
Q9BY41,HDAC8,K36I,0.804
Q9BY41,HDAC8,K36A,0.835
Q9BY41,HDAC8,K36C,0.729
Q9BY41,HDAC8,K36D,0.801
Q9BY41,HDAC8,K36L,0.824
Q9BY41,HDAC8,K36F,0.758
Q9BY41,HDAC8,K36G,0.782
Q9BY41,HDAC8,K36H,0.841
Q9BY41,HDAC8,K36E,0.915
Q9BY41,HDAC8,R37Y,0.561
Q9BY41,HDAC8,R37W,0.601
Q9BY41,HDAC8,R37V,0.59
Q9BY41,HDAC8,R37T,0.598
Q9BY41,HDAC8,R37S,0.579
Q9BY41,HDAC8,R37Q,0.686
Q9BY41,HDAC8,R37P,0.464
Q9BY41,HDAC8,R37M,0.704
Q9BY41,HDAC8,R37L,0.67
Q9BY41,HDAC8,R37N,0.596
Q9BY41,HDAC8,R37I,0.605
Q9BY41,HDAC8,R37K,0.707
Q9BY41,HDAC8,R37C,0.612
Q9BY41,HDAC8,R37D,0.458
Q9BY41,HDAC8,R37E,0.528
Q9BY41,HDAC8,R37A,0.595
Q9BY41,HDAC8,R37G,0.562
Q9BY41,HDAC8,R37H,0.7
Q9BY41,HDAC8,R37F,0.552
Q9BY41,HDAC8,A38P,0.62
Q9BY41,HDAC8,A38W,0.494
Q9BY41,HDAC8,A38Y,0.624
Q9BY41,HDAC8,A38V,0.812
Q9BY41,HDAC8,A38T,0.76
Q9BY41,HDAC8,A38S,0.778
Q9BY41,HDAC8,A38R,0.587
Q9BY41,HDAC8,A38Q,0.6
Q9BY41,HDAC8,A38N,0.583
Q9BY41,HDAC8,A38D,0.551
Q9BY41,HDAC8,A38L,0.751
Q9BY41,HDAC8,A38K,0.568
Q9BY41,HDAC8,A38I,0.752
Q9BY41,HDAC8,A38H,0.593
Q9BY41,HDAC8,A38G,0.762
Q9BY41,HDAC8,A38F,0.684
Q9BY41,HDAC8,A38E,0.596
Q9BY41,HDAC8,A38C,0.798
Q9BY41,HDAC8,A38M,0.745
Q9BY41,HDAC8,S39P,0.611
Q9BY41,HDAC8,S39Q,0.634
Q9BY41,HDAC8,S39R,0.606
Q9BY41,HDAC8,S39Y,0.637
Q9BY41,HDAC8,S39V,0.656
Q9BY41,HDAC8,S39W,0.584
Q9BY41,HDAC8,S39T,0.787
Q9BY41,HDAC8,S39M,0.732
Q9BY41,HDAC8,S39N,0.726
Q9BY41,HDAC8,S39L,0.685
Q9BY41,HDAC8,S39A,0.812
Q9BY41,HDAC8,S39C,0.782
Q9BY41,HDAC8,S39D,0.622
Q9BY41,HDAC8,S39E,0.584
Q9BY41,HDAC8,S39K,0.579
Q9BY41,HDAC8,S39G,0.728
Q9BY41,HDAC8,S39H,0.656
Q9BY41,HDAC8,S39I,0.667
Q9BY41,HDAC8,S39F,0.643
Q9BY41,HDAC8,M40N,0.355
Q9BY41,HDAC8,M40W,0.462
Q9BY41,HDAC8,M40V,0.696
Q9BY41,HDAC8,M40T,0.488
Q9BY41,HDAC8,M40S,0.38
Q9BY41,HDAC8,M40R,0.374
Q9BY41,HDAC8,M40Q,0.464
Q9BY41,HDAC8,M40P,0.292
Q9BY41,HDAC8,M40L,0.756
Q9BY41,HDAC8,M40Y,0.464
Q9BY41,HDAC8,M40I,0.689
Q9BY41,HDAC8,M40A,0.506
Q9BY41,HDAC8,M40C,0.52
Q9BY41,HDAC8,M40D,0.245
Q9BY41,HDAC8,M40K,0.402
Q9BY41,HDAC8,M40F,0.585
Q9BY41,HDAC8,M40G,0.384
Q9BY41,HDAC8,M40H,0.406
Q9BY41,HDAC8,M40E,0.329
Q9BY41,HDAC8,V41M,0.676
Q9BY41,HDAC8,V41W,0.355
Q9BY41,HDAC8,V41T,0.532
Q9BY41,HDAC8,V41S,0.403
Q9BY41,HDAC8,V41R,0.291
Q9BY41,HDAC8,V41Q,0.385
Q9BY41,HDAC8,V41P,0.366
Q9BY41,HDAC8,V41N,0.319
Q9BY41,HDAC8,V41Y,0.453
Q9BY41,HDAC8,V41L,0.68
Q9BY41,HDAC8,V41I,0.758
Q9BY41,HDAC8,V41H,0.328
Q9BY41,HDAC8,V41G,0.38
Q9BY41,HDAC8,V41F,0.558
Q9BY41,HDAC8,V41E,0.36
Q9BY41,HDAC8,V41D,0.295
Q9BY41,HDAC8,V41C,0.564
Q9BY41,HDAC8,V41A,0.587
Q9BY41,HDAC8,V41K,0.34
Q9BY41,HDAC8,H42P,0.522
Q9BY41,HDAC8,H42Q,0.617
Q9BY41,HDAC8,H42R,0.616
Q9BY41,HDAC8,H42Y,0.776
Q9BY41,HDAC8,H42T,0.529
Q9BY41,HDAC8,H42V,0.544
Q9BY41,HDAC8,H42W,0.536
Q9BY41,HDAC8,H42S,0.554
Q9BY41,HDAC8,H42N,0.671
Q9BY41,HDAC8,H42M,0.579
Q9BY41,HDAC8,H42K,0.519
Q9BY41,HDAC8,H42A,0.518
Q9BY41,HDAC8,H42C,0.534
Q9BY41,HDAC8,H42D,0.546
Q9BY41,HDAC8,H42L,0.595
Q9BY41,HDAC8,H42F,0.68
Q9BY41,HDAC8,H42G,0.488
Q9BY41,HDAC8,H42I,0.55
Q9BY41,HDAC8,H42E,0.573
Q9BY41,HDAC8,S43W,0.526
Q9BY41,HDAC8,S43V,0.594
Q9BY41,HDAC8,S43T,0.722
Q9BY41,HDAC8,S43R,0.556
Q9BY41,HDAC8,S43Q,0.566
Q9BY41,HDAC8,S43P,0.555
Q9BY41,HDAC8,S43N,0.662
Q9BY41,HDAC8,S43M,0.669
Q9BY41,HDAC8,S43L,0.629
Q9BY41,HDAC8,S43Y,0.577
Q9BY41,HDAC8,S43I,0.604
Q9BY41,HDAC8,S43A,0.742
Q9BY41,HDAC8,S43C,0.721
Q9BY41,HDAC8,S43D,0.556
Q9BY41,HDAC8,S43K,0.522
Q9BY41,HDAC8,S43F,0.59
Q9BY41,HDAC8,S43G,0.658
Q9BY41,HDAC8,S43H,0.597
Q9BY41,HDAC8,S43E,0.514
Q9BY41,HDAC8,L44N,0.286
Q9BY41,HDAC8,L44W,0.416
Q9BY41,HDAC8,L44V,0.629
Q9BY41,HDAC8,L44T,0.429
Q9BY41,HDAC8,L44S,0.35
Q9BY41,HDAC8,L44R,0.323
Q9BY41,HDAC8,L44Q,0.334
Q9BY41,HDAC8,L44P,0.289
Q9BY41,HDAC8,L44Y,0.428
Q9BY41,HDAC8,L44M,0.674
Q9BY41,HDAC8,L44I,0.667
Q9BY41,HDAC8,L44K,0.314
Q9BY41,HDAC8,L44A,0.45
Q9BY41,HDAC8,L44C,0.508
Q9BY41,HDAC8,L44D,0.189
Q9BY41,HDAC8,L44F,0.601
Q9BY41,HDAC8,L44G,0.252
Q9BY41,HDAC8,L44H,0.305
Q9BY41,HDAC8,L44E,0.234
Q9BY41,HDAC8,I45Y,0.488
Q9BY41,HDAC8,I45W,0.448
Q9BY41,HDAC8,I45V,0.807
Q9BY41,HDAC8,I45T,0.575
Q9BY41,HDAC8,I45S,0.456
Q9BY41,HDAC8,I45R,0.404
Q9BY41,HDAC8,I45Q,0.386
Q9BY41,HDAC8,I45P,0.324
Q9BY41,HDAC8,I45N,0.362
Q9BY41,HDAC8,I45M,0.73
Q9BY41,HDAC8,I45K,0.412
Q9BY41,HDAC8,I45A,0.576
Q9BY41,HDAC8,I45C,0.62
Q9BY41,HDAC8,I45D,0.31
Q9BY41,HDAC8,I45L,0.761
Q9BY41,HDAC8,I45F,0.634
Q9BY41,HDAC8,I45G,0.319
Q9BY41,HDAC8,I45H,0.458
Q9BY41,HDAC8,I45E,0.302
Q9BY41,HDAC8,E46N,0.66
Q9BY41,HDAC8,E46W,0.568
Q9BY41,HDAC8,E46V,0.675
Q9BY41,HDAC8,E46T,0.638
Q9BY41,HDAC8,E46S,0.654
Q9BY41,HDAC8,E46R,0.693
Q9BY41,HDAC8,E46Q,0.824
Q9BY41,HDAC8,E46P,0.511
Q9BY41,HDAC8,E46M,0.704
Q9BY41,HDAC8,E46Y,0.666
Q9BY41,HDAC8,E46K,0.729
Q9BY41,HDAC8,E46A,0.708
Q9BY41,HDAC8,E46C,0.595
Q9BY41,HDAC8,E46D,0.809
Q9BY41,HDAC8,E46L,0.602
Q9BY41,HDAC8,E46G,0.644
Q9BY41,HDAC8,E46H,0.689
Q9BY41,HDAC8,E46I,0.601
Q9BY41,HDAC8,E46F,0.578
Q9BY41,HDAC8,A47N,0.656
Q9BY41,HDAC8,A47W,0.595
Q9BY41,HDAC8,A47V,0.796
Q9BY41,HDAC8,A47T,0.784
Q9BY41,HDAC8,A47S,0.791
Q9BY41,HDAC8,A47R,0.644
Q9BY41,HDAC8,A47Q,0.674
Q9BY41,HDAC8,A47P,0.728
Q9BY41,HDAC8,A47Y,0.644
Q9BY41,HDAC8,A47M,0.73
Q9BY41,HDAC8,A47K,0.66
Q9BY41,HDAC8,A47I,0.712
Q9BY41,HDAC8,A47H,0.624
Q9BY41,HDAC8,A47G,0.75
Q9BY41,HDAC8,A47F,0.66
Q9BY41,HDAC8,A47E,0.698
Q9BY41,HDAC8,A47D,0.656
Q9BY41,HDAC8,A47C,0.736
Q9BY41,HDAC8,A47L,0.71
Q9BY41,HDAC8,Y48P,0.353
Q9BY41,HDAC8,Y48Q,0.558
Q9BY41,HDAC8,Y48R,0.515
Q9BY41,HDAC8,Y48N,0.511
Q9BY41,HDAC8,Y48T,0.51
Q9BY41,HDAC8,Y48V,0.657
Q9BY41,HDAC8,Y48W,0.75
Q9BY41,HDAC8,Y48S,0.5
Q9BY41,HDAC8,Y48M,0.649
Q9BY41,HDAC8,Y48F,0.887
Q9BY41,HDAC8,Y48K,0.448
Q9BY41,HDAC8,Y48C,0.647
Q9BY41,HDAC8,Y48D,0.376
Q9BY41,HDAC8,Y48E,0.436
Q9BY41,HDAC8,Y48A,0.528
Q9BY41,HDAC8,Y48G,0.486
Q9BY41,HDAC8,Y48H,0.722
Q9BY41,HDAC8,Y48I,0.663
Q9BY41,HDAC8,Y48L,0.714
Q9BY41,HDAC8,A49P,0.773
Q9BY41,HDAC8,A49Y,0.763
Q9BY41,HDAC8,A49W,0.639
Q9BY41,HDAC8,A49V,0.93
Q9BY41,HDAC8,A49T,0.908
Q9BY41,HDAC8,A49S,0.932
Q9BY41,HDAC8,A49R,0.74
Q9BY41,HDAC8,A49Q,0.759
Q9BY41,HDAC8,A49N,0.746
Q9BY41,HDAC8,A49M,0.867
Q9BY41,HDAC8,A49L,0.854
Q9BY41,HDAC8,A49D,0.728
Q9BY41,HDAC8,A49E,0.769
Q9BY41,HDAC8,A49F,0.792
Q9BY41,HDAC8,A49C,0.918
Q9BY41,HDAC8,A49H,0.74
Q9BY41,HDAC8,A49I,0.862
Q9BY41,HDAC8,A49K,0.73
Q9BY41,HDAC8,A49G,0.91
Q9BY41,HDAC8,L50N,0.337
Q9BY41,HDAC8,L50W,0.486
Q9BY41,HDAC8,L50V,0.706
Q9BY41,HDAC8,L50T,0.481
Q9BY41,HDAC8,L50S,0.398
Q9BY41,HDAC8,L50R,0.38
Q9BY41,HDAC8,L50Q,0.388
Q9BY41,HDAC8,L50P,0.316
Q9BY41,HDAC8,L50M,0.75
Q9BY41,HDAC8,L50Y,0.497
Q9BY41,HDAC8,L50I,0.75
Q9BY41,HDAC8,L50A,0.507
Q9BY41,HDAC8,L50C,0.575
Q9BY41,HDAC8,L50D,0.216
Q9BY41,HDAC8,L50K,0.364
Q9BY41,HDAC8,L50F,0.673
Q9BY41,HDAC8,L50G,0.3
Q9BY41,HDAC8,L50H,0.342
Q9BY41,HDAC8,L50E,0.275
Q9BY41,HDAC8,H51N,0.924
Q9BY41,HDAC8,H51W,0.78
Q9BY41,HDAC8,H51V,0.736
Q9BY41,HDAC8,H51T,0.785
Q9BY41,HDAC8,H51S,0.816
Q9BY41,HDAC8,H51R,0.906
Q9BY41,HDAC8,H51Q,0.899
Q9BY41,HDAC8,H51P,0.8
Q9BY41,HDAC8,H51M,0.8
Q9BY41,HDAC8,H51Y,0.944
Q9BY41,HDAC8,H51K,0.826
Q9BY41,HDAC8,H51A,0.767
Q9BY41,HDAC8,H51C,0.798
Q9BY41,HDAC8,H51D,0.838
Q9BY41,HDAC8,H51L,0.784
Q9BY41,HDAC8,H51F,0.828
Q9BY41,HDAC8,H51G,0.778
Q9BY41,HDAC8,H51I,0.74
Q9BY41,HDAC8,H51E,0.828
Q9BY41,HDAC8,K52N,0.99
Q9BY41,HDAC8,K52W,0.824
Q9BY41,HDAC8,K52V,0.893
Q9BY41,HDAC8,K52T,0.948
Q9BY41,HDAC8,K52S,0.951
Q9BY41,HDAC8,K52R,1.065
Q9BY41,HDAC8,K52Q,1.02
Q9BY41,HDAC8,K52P,0.895
Q9BY41,HDAC8,K52Y,0.847
Q9BY41,HDAC8,K52M,0.964
Q9BY41,HDAC8,K52I,0.876
Q9BY41,HDAC8,K52H,0.926
Q9BY41,HDAC8,K52G,0.866
Q9BY41,HDAC8,K52F,0.824
Q9BY41,HDAC8,K52E,1.01
Q9BY41,HDAC8,K52D,0.895
Q9BY41,HDAC8,K52C,0.803
Q9BY41,HDAC8,K52A,0.918
Q9BY41,HDAC8,K52L,0.887
Q9BY41,HDAC8,Q53N,0.936
Q9BY41,HDAC8,Q53P,0.924
Q9BY41,HDAC8,Q53R,0.997
Q9BY41,HDAC8,Q53M,0.978
Q9BY41,HDAC8,Q53T,0.914
Q9BY41,HDAC8,Q53V,0.896
Q9BY41,HDAC8,Q53W,0.818
Q9BY41,HDAC8,Q53S,0.922
Q9BY41,HDAC8,Q53L,0.932
Q9BY41,HDAC8,Q53Y,0.896
Q9BY41,HDAC8,Q53I,0.861
Q9BY41,HDAC8,Q53A,0.912
Q9BY41,HDAC8,Q53C,0.836
Q9BY41,HDAC8,Q53D,0.91
Q9BY41,HDAC8,Q53K,0.981
Q9BY41,HDAC8,Q53F,0.847
Q9BY41,HDAC8,Q53G,0.851
Q9BY41,HDAC8,Q53H,0.977
Q9BY41,HDAC8,Q53E,1.024
Q9BY41,HDAC8,M54W,0.586
Q9BY41,HDAC8,M54V,0.786
Q9BY41,HDAC8,M54T,0.598
Q9BY41,HDAC8,M54S,0.492
Q9BY41,HDAC8,M54R,0.5
Q9BY41,HDAC8,M54Q,0.586
Q9BY41,HDAC8,M54P,0.403
Q9BY41,HDAC8,M54N,0.473
Q9BY41,HDAC8,M54L,0.836
Q9BY41,HDAC8,M54Y,0.587
Q9BY41,HDAC8,M54I,0.792
Q9BY41,HDAC8,M54A,0.608
Q9BY41,HDAC8,M54C,0.621
Q9BY41,HDAC8,M54D,0.367
Q9BY41,HDAC8,M54K,0.524
Q9BY41,HDAC8,M54F,0.694
Q9BY41,HDAC8,M54G,0.489
Q9BY41,HDAC8,M54H,0.53
Q9BY41,HDAC8,M54E,0.452
Q9BY41,HDAC8,R55M,0.92
Q9BY41,HDAC8,R55W,0.872
Q9BY41,HDAC8,R55V,0.84
Q9BY41,HDAC8,R55T,0.895
Q9BY41,HDAC8,R55S,0.886
Q9BY41,HDAC8,R55Q,0.984
Q9BY41,HDAC8,R55P,0.844
Q9BY41,HDAC8,R55N,0.915
Q9BY41,HDAC8,R55Y,0.855
Q9BY41,HDAC8,R55L,0.903
Q9BY41,HDAC8,R55I,0.852
Q9BY41,HDAC8,R55K,1.013
Q9BY41,HDAC8,R55A,0.858
Q9BY41,HDAC8,R55C,0.889
Q9BY41,HDAC8,R55D,0.779
Q9BY41,HDAC8,R55F,0.8
Q9BY41,HDAC8,R55G,0.87
Q9BY41,HDAC8,R55H,0.963
Q9BY41,HDAC8,R55E,0.881
Q9BY41,HDAC8,I56Y,0.805
Q9BY41,HDAC8,I56W,0.702
Q9BY41,HDAC8,I56V,1.004
Q9BY41,HDAC8,I56T,0.84
Q9BY41,HDAC8,I56S,0.76
Q9BY41,HDAC8,I56R,0.724
Q9BY41,HDAC8,I56Q,0.701
Q9BY41,HDAC8,I56P,0.706
Q9BY41,HDAC8,I56N,0.749
Q9BY41,HDAC8,I56M,0.926
Q9BY41,HDAC8,I56K,0.72
Q9BY41,HDAC8,I56A,0.799
Q9BY41,HDAC8,I56C,0.79
Q9BY41,HDAC8,I56D,0.686
Q9BY41,HDAC8,I56L,0.951
Q9BY41,HDAC8,I56F,0.866
Q9BY41,HDAC8,I56G,0.663
Q9BY41,HDAC8,I56H,0.705
Q9BY41,HDAC8,I56E,0.704
Q9BY41,HDAC8,V57M,0.784
Q9BY41,HDAC8,V57W,0.474
Q9BY41,HDAC8,V57T,0.663
Q9BY41,HDAC8,V57S,0.522
Q9BY41,HDAC8,V57R,0.416
Q9BY41,HDAC8,V57Q,0.51
Q9BY41,HDAC8,V57P,0.481
Q9BY41,HDAC8,V57N,0.44
Q9BY41,HDAC8,V57L,0.781
Q9BY41,HDAC8,V57Y,0.57
Q9BY41,HDAC8,V57I,0.867
Q9BY41,HDAC8,V57A,0.71
Q9BY41,HDAC8,V57C,0.679
Q9BY41,HDAC8,V57D,0.416
Q9BY41,HDAC8,V57K,0.466
Q9BY41,HDAC8,V57F,0.657
Q9BY41,HDAC8,V57G,0.488
Q9BY41,HDAC8,V57H,0.449
Q9BY41,HDAC8,V57E,0.484
Q9BY41,HDAC8,K58N,0.818
Q9BY41,HDAC8,K58W,0.656
Q9BY41,HDAC8,K58V,0.724
Q9BY41,HDAC8,K58T,0.777
Q9BY41,HDAC8,K58S,0.779
Q9BY41,HDAC8,K58R,0.897
Q9BY41,HDAC8,K58Q,0.845
Q9BY41,HDAC8,K58P,0.72
Q9BY41,HDAC8,K58Y,0.68
Q9BY41,HDAC8,K58M,0.796
Q9BY41,HDAC8,K58I,0.709
Q9BY41,HDAC8,K58H,0.756
Q9BY41,HDAC8,K58G,0.692
Q9BY41,HDAC8,K58F,0.66
Q9BY41,HDAC8,K58E,0.836
Q9BY41,HDAC8,K58D,0.721
Q9BY41,HDAC8,K58C,0.633
Q9BY41,HDAC8,K58A,0.743
Q9BY41,HDAC8,K58L,0.723
Q9BY41,HDAC8,P59N,0.572
Q9BY41,HDAC8,P59Q,0.661
Q9BY41,HDAC8,P59R,0.583
Q9BY41,HDAC8,P59M,0.645
Q9BY41,HDAC8,P59T,0.67
Q9BY41,HDAC8,P59V,0.649
Q9BY41,HDAC8,P59W,0.456
Q9BY41,HDAC8,P59S,0.67
Q9BY41,HDAC8,P59L,0.662
Q9BY41,HDAC8,P59Y,0.546
Q9BY41,HDAC8,P59I,0.599
Q9BY41,HDAC8,P59A,0.692
Q9BY41,HDAC8,P59C,0.542
Q9BY41,HDAC8,P59D,0.577
Q9BY41,HDAC8,P59K,0.588
Q9BY41,HDAC8,P59F,0.54
Q9BY41,HDAC8,P59G,0.576
Q9BY41,HDAC8,P59H,0.613
Q9BY41,HDAC8,P59E,0.603
Q9BY41,HDAC8,K60Y,0.652
Q9BY41,HDAC8,K60W,0.639
Q9BY41,HDAC8,K60V,0.694
Q9BY41,HDAC8,K60T,0.752
Q9BY41,HDAC8,K60S,0.756
Q9BY41,HDAC8,K60R,0.871
Q9BY41,HDAC8,K60Q,0.825
Q9BY41,HDAC8,K60N,0.796
Q9BY41,HDAC8,K60M,0.767
Q9BY41,HDAC8,K60P,0.698
Q9BY41,HDAC8,K60I,0.678
Q9BY41,HDAC8,K60L,0.689
Q9BY41,HDAC8,K60C,0.607
Q9BY41,HDAC8,K60D,0.7
Q9BY41,HDAC8,K60E,0.817
Q9BY41,HDAC8,K60A,0.72
Q9BY41,HDAC8,K60G,0.67
Q9BY41,HDAC8,K60H,0.732
Q9BY41,HDAC8,K60F,0.626
Q9BY41,HDAC8,V61N,0.6
Q9BY41,HDAC8,V61W,0.582
Q9BY41,HDAC8,V61Y,0.658
Q9BY41,HDAC8,V61T,0.74
Q9BY41,HDAC8,V61S,0.633
Q9BY41,HDAC8,V61R,0.595
Q9BY41,HDAC8,V61Q,0.62
Q9BY41,HDAC8,V61P,0.635
Q9BY41,HDAC8,V61M,0.787
Q9BY41,HDAC8,V61C,0.644
Q9BY41,HDAC8,V61K,0.622
Q9BY41,HDAC8,V61I,0.862
Q9BY41,HDAC8,V61H,0.584
Q9BY41,HDAC8,V61G,0.634
Q9BY41,HDAC8,V61F,0.708
Q9BY41,HDAC8,V61E,0.659
Q9BY41,HDAC8,V61D,0.61
Q9BY41,HDAC8,V61A,0.728
Q9BY41,HDAC8,V61L,0.782
Q9BY41,HDAC8,A62Q,0.56
Q9BY41,HDAC8,A62R,0.534
Q9BY41,HDAC8,A62S,0.677
Q9BY41,HDAC8,A62Y,0.564
Q9BY41,HDAC8,A62V,0.728
Q9BY41,HDAC8,A62W,0.524
Q9BY41,HDAC8,A62T,0.678
Q9BY41,HDAC8,A62N,0.539
Q9BY41,HDAC8,A62P,0.615
Q9BY41,HDAC8,A62M,0.661
Q9BY41,HDAC8,A62C,0.657
Q9BY41,HDAC8,A62D,0.53
Q9BY41,HDAC8,A62E,0.57
Q9BY41,HDAC8,A62F,0.609
Q9BY41,HDAC8,A62L,0.663
Q9BY41,HDAC8,A62H,0.521
Q9BY41,HDAC8,A62I,0.657
Q9BY41,HDAC8,A62K,0.538
Q9BY41,HDAC8,A62G,0.642
Q9BY41,HDAC8,S63M,0.714
Q9BY41,HDAC8,S63W,0.601
Q9BY41,HDAC8,S63V,0.688
Q9BY41,HDAC8,S63T,0.821
Q9BY41,HDAC8,S63R,0.716
Q9BY41,HDAC8,S63Q,0.726
Q9BY41,HDAC8,S63P,0.742
Q9BY41,HDAC8,S63N,0.836
Q9BY41,HDAC8,S63L,0.702
Q9BY41,HDAC8,S63Y,0.684
Q9BY41,HDAC8,S63I,0.686
Q9BY41,HDAC8,S63A,0.813
Q9BY41,HDAC8,S63C,0.738
Q9BY41,HDAC8,S63D,0.726
Q9BY41,HDAC8,S63K,0.743
Q9BY41,HDAC8,S63F,0.714
Q9BY41,HDAC8,S63G,0.779
Q9BY41,HDAC8,S63H,0.696
Q9BY41,HDAC8,S63E,0.706
Q9BY41,HDAC8,M64N,0.559
Q9BY41,HDAC8,M64W,0.626
Q9BY41,HDAC8,M64V,0.772
Q9BY41,HDAC8,M64T,0.674
Q9BY41,HDAC8,M64S,0.616
Q9BY41,HDAC8,M64R,0.62
Q9BY41,HDAC8,M64Q,0.645
Q9BY41,HDAC8,M64P,0.572
Q9BY41,HDAC8,M64Y,0.579
Q9BY41,HDAC8,M64L,0.811
Q9BY41,HDAC8,M64I,0.762
Q9BY41,HDAC8,M64H,0.544
Q9BY41,HDAC8,M64G,0.476
Q9BY41,HDAC8,M64F,0.684
Q9BY41,HDAC8,M64E,0.549
Q9BY41,HDAC8,M64D,0.478
Q9BY41,HDAC8,M64C,0.619
Q9BY41,HDAC8,M64A,0.639
Q9BY41,HDAC8,M64K,0.611
Q9BY41,HDAC8,E65P,0.706
Q9BY41,HDAC8,E65Q,0.865
Q9BY41,HDAC8,E65R,0.743
Q9BY41,HDAC8,E65Y,0.661
Q9BY41,HDAC8,E65T,0.725
Q9BY41,HDAC8,E65V,0.726
Q9BY41,HDAC8,E65W,0.609
Q9BY41,HDAC8,E65S,0.742
Q9BY41,HDAC8,E65N,0.756
Q9BY41,HDAC8,E65M,0.692
Q9BY41,HDAC8,E65K,0.822
Q9BY41,HDAC8,E65A,0.756
Q9BY41,HDAC8,E65C,0.592
Q9BY41,HDAC8,E65D,0.88
Q9BY41,HDAC8,E65L,0.657
Q9BY41,HDAC8,E65G,0.72
Q9BY41,HDAC8,E65H,0.75
Q9BY41,HDAC8,E65I,0.673
Q9BY41,HDAC8,E65F,0.627
Q9BY41,HDAC8,E66W,0.521
Q9BY41,HDAC8,E66V,0.654
Q9BY41,HDAC8,E66T,0.592
Q9BY41,HDAC8,E66S,0.604
Q9BY41,HDAC8,E66R,0.644
Q9BY41,HDAC8,E66Q,0.778
Q9BY41,HDAC8,E66P,0.464
Q9BY41,HDAC8,E66N,0.608
Q9BY41,HDAC8,E66M,0.677
Q9BY41,HDAC8,E66Y,0.622
Q9BY41,HDAC8,E66K,0.672
Q9BY41,HDAC8,E66A,0.668
Q9BY41,HDAC8,E66C,0.56
Q9BY41,HDAC8,E66D,0.756
Q9BY41,HDAC8,E66L,0.589
Q9BY41,HDAC8,E66G,0.601
Q9BY41,HDAC8,E66H,0.641
Q9BY41,HDAC8,E66I,0.595
Q9BY41,HDAC8,E66F,0.544
Q9BY41,HDAC8,M67N,0.25
Q9BY41,HDAC8,M67W,0.399
Q9BY41,HDAC8,M67V,0.63
Q9BY41,HDAC8,M67T,0.394
Q9BY41,HDAC8,M67S,0.278
Q9BY41,HDAC8,M67R,0.288
Q9BY41,HDAC8,M67Q,0.365
Q9BY41,HDAC8,M67P,0.213
Q9BY41,HDAC8,M67Y,0.392
Q9BY41,HDAC8,M67L,0.697
Q9BY41,HDAC8,M67I,0.636
Q9BY41,HDAC8,M67K,0.29
Q9BY41,HDAC8,M67A,0.42
Q9BY41,HDAC8,M67C,0.45
Q9BY41,HDAC8,M67D,0.152
Q9BY41,HDAC8,M67F,0.538
Q9BY41,HDAC8,M67G,0.288
Q9BY41,HDAC8,M67H,0.316
Q9BY41,HDAC8,M67E,0.228
Q9BY41,HDAC8,A68Y,0.524
Q9BY41,HDAC8,A68W,0.467
Q9BY41,HDAC8,A68V,0.677
Q9BY41,HDAC8,A68T,0.665
Q9BY41,HDAC8,A68S,0.673
Q9BY41,HDAC8,A68R,0.528
Q9BY41,HDAC8,A68Q,0.556
Q9BY41,HDAC8,A68P,0.608
Q9BY41,HDAC8,A68N,0.538
Q9BY41,HDAC8,A68M,0.609
Q9BY41,HDAC8,A68K,0.547
Q9BY41,HDAC8,A68C,0.617
Q9BY41,HDAC8,A68D,0.532
Q9BY41,HDAC8,A68E,0.575
Q9BY41,HDAC8,A68L,0.591
Q9BY41,HDAC8,A68G,0.632
Q9BY41,HDAC8,A68H,0.506
Q9BY41,HDAC8,A68I,0.594
Q9BY41,HDAC8,A68F,0.54
Q9BY41,HDAC8,T69M,0.851
Q9BY41,HDAC8,T69W,0.686
Q9BY41,HDAC8,T69V,0.856
Q9BY41,HDAC8,T69S,0.883
Q9BY41,HDAC8,T69R,0.784
Q9BY41,HDAC8,T69Q,0.772
Q9BY41,HDAC8,T69P,0.808
Q9BY41,HDAC8,T69N,0.848
Q9BY41,HDAC8,T69L,0.784
Q9BY41,HDAC8,T69Y,0.72
Q9BY41,HDAC8,T69I,0.837
Q9BY41,HDAC8,T69A,0.868
Q9BY41,HDAC8,T69C,0.765
Q9BY41,HDAC8,T69D,0.739
Q9BY41,HDAC8,T69K,0.788
Q9BY41,HDAC8,T69F,0.732
Q9BY41,HDAC8,T69G,0.746
Q9BY41,HDAC8,T69H,0.75
Q9BY41,HDAC8,T69E,0.76
Q9BY41,HDAC8,F70N,0.358
Q9BY41,HDAC8,F70W,0.578
Q9BY41,HDAC8,F70V,0.547
Q9BY41,HDAC8,F70T,0.42
Q9BY41,HDAC8,F70S,0.448
Q9BY41,HDAC8,F70R,0.314
Q9BY41,HDAC8,F70Q,0.304
Q9BY41,HDAC8,F70P,0.238
Q9BY41,HDAC8,F70Y,0.678
Q9BY41,HDAC8,F70M,0.563
Q9BY41,HDAC8,F70K,0.299
Q9BY41,HDAC8,F70I,0.58
Q9BY41,HDAC8,F70H,0.491
Q9BY41,HDAC8,F70G,0.342
Q9BY41,HDAC8,F70E,0.242
Q9BY41,HDAC8,F70D,0.288
Q9BY41,HDAC8,F70C,0.516
Q9BY41,HDAC8,F70A,0.424
Q9BY41,HDAC8,F70L,0.611
Q9BY41,HDAC8,H71P,0.456
Q9BY41,HDAC8,H71Q,0.558
Q9BY41,HDAC8,H71R,0.548
Q9BY41,HDAC8,H71N,0.61
Q9BY41,HDAC8,H71T,0.464
Q9BY41,HDAC8,H71V,0.487
Q9BY41,HDAC8,H71W,0.482
Q9BY41,HDAC8,H71S,0.494
Q9BY41,HDAC8,H71M,0.52
Q9BY41,HDAC8,H71Y,0.724
Q9BY41,HDAC8,H71K,0.452
Q9BY41,HDAC8,H71A,0.463
Q9BY41,HDAC8,H71C,0.474
Q9BY41,HDAC8,H71D,0.48
Q9BY41,HDAC8,H71L,0.537
Q9BY41,HDAC8,H71F,0.626
Q9BY41,HDAC8,H71G,0.428
Q9BY41,HDAC8,H71I,0.498
Q9BY41,HDAC8,H71E,0.514
Q9BY41,HDAC8,T72Y,0.5
Q9BY41,HDAC8,T72W,0.389
Q9BY41,HDAC8,T72V,0.645
Q9BY41,HDAC8,T72S,0.645
Q9BY41,HDAC8,T72R,0.494
Q9BY41,HDAC8,T72Q,0.501
Q9BY41,HDAC8,T72P,0.482
Q9BY41,HDAC8,T72M,0.63
Q9BY41,HDAC8,T72L,0.594
Q9BY41,HDAC8,T72N,0.571
Q9BY41,HDAC8,T72I,0.629
Q9BY41,HDAC8,T72K,0.514
Q9BY41,HDAC8,T72C,0.61
Q9BY41,HDAC8,T72D,0.462
Q9BY41,HDAC8,T72E,0.45
Q9BY41,HDAC8,T72A,0.652
Q9BY41,HDAC8,T72G,0.476
Q9BY41,HDAC8,T72H,0.445
Q9BY41,HDAC8,T72F,0.52
Q9BY41,HDAC8,D73P,0.588
Q9BY41,HDAC8,D73Y,0.597
Q9BY41,HDAC8,D73W,0.466
Q9BY41,HDAC8,D73V,0.576
Q9BY41,HDAC8,D73T,0.624
Q9BY41,HDAC8,D73S,0.668
Q9BY41,HDAC8,D73R,0.552
Q9BY41,HDAC8,D73Q,0.649
Q9BY41,HDAC8,D73N,0.742
Q9BY41,HDAC8,D73E,0.776
Q9BY41,HDAC8,D73L,0.52
Q9BY41,HDAC8,D73M,0.562
Q9BY41,HDAC8,D73C,0.538
Q9BY41,HDAC8,D73F,0.572
Q9BY41,HDAC8,D73A,0.619
Q9BY41,HDAC8,D73H,0.634
Q9BY41,HDAC8,D73I,0.558
Q9BY41,HDAC8,D73K,0.612
Q9BY41,HDAC8,D73G,0.668
Q9BY41,HDAC8,A74N,0.516
Q9BY41,HDAC8,A74W,0.416
Q9BY41,HDAC8,A74V,0.712
Q9BY41,HDAC8,A74T,0.68
Q9BY41,HDAC8,A74S,0.702
Q9BY41,HDAC8,A74R,0.516
Q9BY41,HDAC8,A74Q,0.53
Q9BY41,HDAC8,A74Y,0.538
Q9BY41,HDAC8,A74M,0.65
Q9BY41,HDAC8,A74P,0.56
Q9BY41,HDAC8,A74K,0.504
Q9BY41,HDAC8,A74C,0.697
Q9BY41,HDAC8,A74D,0.495
Q9BY41,HDAC8,A74E,0.533
Q9BY41,HDAC8,A74L,0.642
Q9BY41,HDAC8,A74G,0.683
Q9BY41,HDAC8,A74H,0.513
Q9BY41,HDAC8,A74I,0.648
Q9BY41,HDAC8,A74F,0.578
Q9BY41,HDAC8,Y75M,0.507
Q9BY41,HDAC8,Y75V,0.514
Q9BY41,HDAC8,Y75T,0.388
Q9BY41,HDAC8,Y75S,0.385
Q9BY41,HDAC8,Y75R,0.395
Q9BY41,HDAC8,Y75Q,0.44
Q9BY41,HDAC8,Y75P,0.253
Q9BY41,HDAC8,Y75N,0.398
Q9BY41,HDAC8,Y75L,0.554
Q9BY41,HDAC8,Y75W,0.606
Q9BY41,HDAC8,Y75I,0.506
Q9BY41,HDAC8,Y75A,0.407
Q9BY41,HDAC8,Y75C,0.502
Q9BY41,HDAC8,Y75D,0.277
Q9BY41,HDAC8,Y75K,0.346
Q9BY41,HDAC8,Y75F,0.728
Q9BY41,HDAC8,Y75G,0.37
Q9BY41,HDAC8,Y75H,0.607
Q9BY41,HDAC8,Y75E,0.326
Q9BY41,HDAC8,L76N,0.3
Q9BY41,HDAC8,L76W,0.402
Q9BY41,HDAC8,L76V,0.602
Q9BY41,HDAC8,L76T,0.435
Q9BY41,HDAC8,L76S,0.36
Q9BY41,HDAC8,L76R,0.335
Q9BY41,HDAC8,L76Q,0.35
Q9BY41,HDAC8,L76P,0.304
Q9BY41,HDAC8,L76Y,0.418
Q9BY41,HDAC8,L76K,0.332
Q9BY41,HDAC8,L76I,0.636
Q9BY41,HDAC8,L76H,0.317
Q9BY41,HDAC8,L76G,0.259
Q9BY41,HDAC8,L76F,0.567
Q9BY41,HDAC8,L76E,0.254
Q9BY41,HDAC8,L76D,0.205
Q9BY41,HDAC8,L76C,0.492
Q9BY41,HDAC8,L76A,0.446
Q9BY41,HDAC8,L76M,0.648
Q9BY41,HDAC8,Q77P,0.722
Q9BY41,HDAC8,Q77R,0.798
Q9BY41,HDAC8,Q77S,0.722
Q9BY41,HDAC8,Q77Y,0.688
Q9BY41,HDAC8,Q77V,0.688
Q9BY41,HDAC8,Q77W,0.614
Q9BY41,HDAC8,Q77T,0.714
Q9BY41,HDAC8,Q77M,0.772
Q9BY41,HDAC8,Q77N,0.734
Q9BY41,HDAC8,Q77L,0.726
Q9BY41,HDAC8,Q77A,0.711
Q9BY41,HDAC8,Q77C,0.635
Q9BY41,HDAC8,Q77D,0.704
Q9BY41,HDAC8,Q77E,0.814
Q9BY41,HDAC8,Q77K,0.784
Q9BY41,HDAC8,Q77G,0.654
Q9BY41,HDAC8,Q77H,0.777
Q9BY41,HDAC8,Q77I,0.653
Q9BY41,HDAC8,Q77F,0.64
Q9BY41,HDAC8,H78W,0.478
Q9BY41,HDAC8,H78V,0.482
Q9BY41,HDAC8,H78T,0.462
Q9BY41,HDAC8,H78S,0.484
Q9BY41,HDAC8,H78R,0.542
Q9BY41,HDAC8,H78Q,0.546
Q9BY41,HDAC8,H78P,0.449
Q9BY41,HDAC8,H78N,0.602
Q9BY41,HDAC8,H78M,0.518
Q9BY41,HDAC8,H78Y,0.723
Q9BY41,HDAC8,H78K,0.436
Q9BY41,HDAC8,H78A,0.45
Q9BY41,HDAC8,H78C,0.476
Q9BY41,HDAC8,H78D,0.482
Q9BY41,HDAC8,H78L,0.548
Q9BY41,HDAC8,H78F,0.63
Q9BY41,HDAC8,H78G,0.42
Q9BY41,HDAC8,H78I,0.494
Q9BY41,HDAC8,H78E,0.507
Q9BY41,HDAC8,L79N,0.256
Q9BY41,HDAC8,L79W,0.41
Q9BY41,HDAC8,L79V,0.603
Q9BY41,HDAC8,L79T,0.39
Q9BY41,HDAC8,L79S,0.321
Q9BY41,HDAC8,L79R,0.302
Q9BY41,HDAC8,L79Q,0.313
Q9BY41,HDAC8,L79P,0.276
Q9BY41,HDAC8,L79Y,0.418
Q9BY41,HDAC8,L79M,0.649
Q9BY41,HDAC8,L79I,0.649
Q9BY41,HDAC8,L79K,0.286
Q9BY41,HDAC8,L79A,0.414
Q9BY41,HDAC8,L79C,0.477
Q9BY41,HDAC8,L79D,0.144
Q9BY41,HDAC8,L79F,0.587
Q9BY41,HDAC8,L79G,0.224
Q9BY41,HDAC8,L79H,0.284
Q9BY41,HDAC8,L79E,0.207
Q9BY41,HDAC8,Q80Y,0.669
Q9BY41,HDAC8,Q80W,0.707
Q9BY41,HDAC8,Q80V,0.613
Q9BY41,HDAC8,Q80T,0.589
Q9BY41,HDAC8,Q80S,0.601
Q9BY41,HDAC8,Q80R,0.708
Q9BY41,HDAC8,Q80P,0.618
Q9BY41,HDAC8,Q80N,0.581
Q9BY41,HDAC8,Q80M,0.742
Q9BY41,HDAC8,Q80K,0.669
Q9BY41,HDAC8,Q80I,0.597
Q9BY41,HDAC8,Q80A,0.599
Q9BY41,HDAC8,Q80C,0.638
Q9BY41,HDAC8,Q80D,0.542
Q9BY41,HDAC8,Q80L,0.679
Q9BY41,HDAC8,Q80F,0.586
Q9BY41,HDAC8,Q80G,0.556
Q9BY41,HDAC8,Q80H,0.718
Q9BY41,HDAC8,Q80E,0.707
Q9BY41,HDAC8,K81N,0.642
Q9BY41,HDAC8,K81W,0.626
Q9BY41,HDAC8,K81V,0.611
Q9BY41,HDAC8,K81T,0.624
Q9BY41,HDAC8,K81S,0.566
Q9BY41,HDAC8,K81R,0.774
Q9BY41,HDAC8,K81Q,0.707
Q9BY41,HDAC8,K81P,0.434
Q9BY41,HDAC8,K81M,0.661
Q9BY41,HDAC8,K81Y,0.574
Q9BY41,HDAC8,K81I,0.585
Q9BY41,HDAC8,K81A,0.58
Q9BY41,HDAC8,K81C,0.612
Q9BY41,HDAC8,K81D,0.498
Q9BY41,HDAC8,K81L,0.618
Q9BY41,HDAC8,K81F,0.527
Q9BY41,HDAC8,K81G,0.459
Q9BY41,HDAC8,K81H,0.611
Q9BY41,HDAC8,K81E,0.637
Q9BY41,HDAC8,V82M,0.712
Q9BY41,HDAC8,V82W,0.442
Q9BY41,HDAC8,V82T,0.584
Q9BY41,HDAC8,V82S,0.458
Q9BY41,HDAC8,V82R,0.372
Q9BY41,HDAC8,V82Q,0.444
Q9BY41,HDAC8,V82P,0.412
Q9BY41,HDAC8,V82N,0.394
Q9BY41,HDAC8,V82Y,0.512
Q9BY41,HDAC8,V82L,0.712
Q9BY41,HDAC8,V82I,0.794
Q9BY41,HDAC8,V82H,0.401
Q9BY41,HDAC8,V82G,0.448
Q9BY41,HDAC8,V82F,0.603
Q9BY41,HDAC8,V82E,0.434
Q9BY41,HDAC8,V82D,0.376
Q9BY41,HDAC8,V82C,0.604
Q9BY41,HDAC8,V82A,0.633
Q9BY41,HDAC8,V82K,0.398
Q9BY41,HDAC8,S83N,0.622
Q9BY41,HDAC8,S83P,0.512
Q9BY41,HDAC8,S83Q,0.513
Q9BY41,HDAC8,S83Y,0.526
Q9BY41,HDAC8,S83T,0.687
Q9BY41,HDAC8,S83V,0.545
Q9BY41,HDAC8,S83W,0.485
Q9BY41,HDAC8,S83R,0.486
Q9BY41,HDAC8,S83M,0.613
Q9BY41,HDAC8,S83L,0.578
Q9BY41,HDAC8,S83I,0.554
Q9BY41,HDAC8,S83A,0.716
Q9BY41,HDAC8,S83C,0.68
Q9BY41,HDAC8,S83D,0.504
Q9BY41,HDAC8,S83K,0.475
Q9BY41,HDAC8,S83F,0.562
Q9BY41,HDAC8,S83G,0.63
Q9BY41,HDAC8,S83H,0.52
Q9BY41,HDAC8,S83E,0.463
Q9BY41,HDAC8,Q84Y,0.794
Q9BY41,HDAC8,Q84W,0.727
Q9BY41,HDAC8,Q84V,0.784
Q9BY41,HDAC8,Q84T,0.827
Q9BY41,HDAC8,Q84S,0.838
Q9BY41,HDAC8,Q84R,0.919
Q9BY41,HDAC8,Q84P,0.838
Q9BY41,HDAC8,Q84M,0.869
Q9BY41,HDAC8,Q84L,0.81
Q9BY41,HDAC8,Q84N,0.855
Q9BY41,HDAC8,Q84I,0.744
Q9BY41,HDAC8,Q84K,0.909
Q9BY41,HDAC8,Q84C,0.733
Q9BY41,HDAC8,Q84D,0.83
Q9BY41,HDAC8,Q84E,0.94
Q9BY41,HDAC8,Q84A,0.818
Q9BY41,HDAC8,Q84G,0.765
Q9BY41,HDAC8,Q84H,0.889
Q9BY41,HDAC8,Q84F,0.728
Q9BY41,HDAC8,E85P,0.762
Q9BY41,HDAC8,E85W,0.682
Q9BY41,HDAC8,E85Y,0.725
Q9BY41,HDAC8,E85V,0.788
Q9BY41,HDAC8,E85T,0.782
Q9BY41,HDAC8,E85S,0.799
Q9BY41,HDAC8,E85R,0.799
Q9BY41,HDAC8,E85Q,0.922
Q9BY41,HDAC8,E85N,0.815
Q9BY41,HDAC8,E85C,0.656
Q9BY41,HDAC8,E85L,0.724
Q9BY41,HDAC8,E85K,0.876
Q9BY41,HDAC8,E85I,0.738
Q9BY41,HDAC8,E85H,0.809
Q9BY41,HDAC8,E85G,0.778
Q9BY41,HDAC8,E85F,0.697
Q9BY41,HDAC8,E85D,0.937
Q9BY41,HDAC8,E85A,0.814
Q9BY41,HDAC8,E85M,0.755
Q9BY41,HDAC8,G86Q,0.708
Q9BY41,HDAC8,G86R,0.771
Q9BY41,HDAC8,G86S,0.845
Q9BY41,HDAC8,G86Y,0.656
Q9BY41,HDAC8,G86V,0.76
Q9BY41,HDAC8,G86W,0.724
Q9BY41,HDAC8,G86T,0.728
Q9BY41,HDAC8,G86N,0.797
Q9BY41,HDAC8,G86P,0.663
Q9BY41,HDAC8,G86M,0.673
Q9BY41,HDAC8,G86A,0.836
Q9BY41,HDAC8,G86C,0.76
Q9BY41,HDAC8,G86D,0.777
Q9BY41,HDAC8,G86E,0.759
Q9BY41,HDAC8,G86L,0.647
Q9BY41,HDAC8,G86H,0.7
Q9BY41,HDAC8,G86I,0.678
Q9BY41,HDAC8,G86K,0.706
Q9BY41,HDAC8,G86F,0.699
Q9BY41,HDAC8,D87N,0.923
Q9BY41,HDAC8,D87W,0.654
Q9BY41,HDAC8,D87V,0.772
Q9BY41,HDAC8,D87T,0.79
Q9BY41,HDAC8,D87S,0.825
Q9BY41,HDAC8,D87R,0.724
Q9BY41,HDAC8,D87Q,0.81
Q9BY41,HDAC8,D87P,0.714
Q9BY41,HDAC8,D87M,0.739
Q9BY41,HDAC8,D87Y,0.806
Q9BY41,HDAC8,D87K,0.782
Q9BY41,HDAC8,D87A,0.812
Q9BY41,HDAC8,D87C,0.738
Q9BY41,HDAC8,D87E,0.936
Q9BY41,HDAC8,D87L,0.703
Q9BY41,HDAC8,D87G,0.845
Q9BY41,HDAC8,D87H,0.84
Q9BY41,HDAC8,D87I,0.75
Q9BY41,HDAC8,D87F,0.762
Q9BY41,HDAC8,D88N,0.874
Q9BY41,HDAC8,D88W,0.622
Q9BY41,HDAC8,D88V,0.718
Q9BY41,HDAC8,D88T,0.746
Q9BY41,HDAC8,D88S,0.782
Q9BY41,HDAC8,D88R,0.69
Q9BY41,HDAC8,D88Q,0.776
Q9BY41,HDAC8,D88P,0.684
Q9BY41,HDAC8,D88Y,0.754
Q9BY41,HDAC8,D88M,0.686
Q9BY41,HDAC8,D88K,0.742
Q9BY41,HDAC8,D88I,0.7
Q9BY41,HDAC8,D88H,0.792
Q9BY41,HDAC8,D88G,0.79
Q9BY41,HDAC8,D88F,0.707
Q9BY41,HDAC8,D88E,0.906
Q9BY41,HDAC8,D88C,0.7
Q9BY41,HDAC8,D88A,0.759
Q9BY41,HDAC8,D88L,0.649
Q9BY41,HDAC8,D89P,0.753
Q9BY41,HDAC8,D89Q,0.852
Q9BY41,HDAC8,D89R,0.764
Q9BY41,HDAC8,D89Y,0.839
Q9BY41,HDAC8,D89T,0.826
Q9BY41,HDAC8,D89V,0.8
Q9BY41,HDAC8,D89W,0.687
Q9BY41,HDAC8,D89S,0.863
Q9BY41,HDAC8,D89N,0.963
Q9BY41,HDAC8,D89M,0.772
Q9BY41,HDAC8,D89K,0.82
Q9BY41,HDAC8,D89A,0.849
Q9BY41,HDAC8,D89C,0.768
Q9BY41,HDAC8,D89E,0.98
Q9BY41,HDAC8,D89L,0.728
Q9BY41,HDAC8,D89G,0.883
Q9BY41,HDAC8,D89H,0.878
Q9BY41,HDAC8,D89I,0.779
Q9BY41,HDAC8,D89F,0.79
Q9BY41,HDAC8,H90W,0.696
Q9BY41,HDAC8,H90V,0.643
Q9BY41,HDAC8,H90T,0.692
Q9BY41,HDAC8,H90S,0.716
Q9BY41,HDAC8,H90R,0.816
Q9BY41,HDAC8,H90Q,0.81
Q9BY41,HDAC8,H90P,0.71
Q9BY41,HDAC8,H90N,0.836
Q9BY41,HDAC8,H90M,0.71
Q9BY41,HDAC8,H90Y,0.871
Q9BY41,HDAC8,H90K,0.718
Q9BY41,HDAC8,H90A,0.659
Q9BY41,HDAC8,H90C,0.72
Q9BY41,HDAC8,H90D,0.756
Q9BY41,HDAC8,H90L,0.724
Q9BY41,HDAC8,H90F,0.766
Q9BY41,HDAC8,H90G,0.67
Q9BY41,HDAC8,H90I,0.676
Q9BY41,HDAC8,H90E,0.723
Q9BY41,HDAC8,P91M,0.706
Q9BY41,HDAC8,P91W,0.554
Q9BY41,HDAC8,P91V,0.707
Q9BY41,HDAC8,P91T,0.774
Q9BY41,HDAC8,P91S,0.784
Q9BY41,HDAC8,P91R,0.713
Q9BY41,HDAC8,P91Q,0.782
Q9BY41,HDAC8,P91N,0.688
Q9BY41,HDAC8,P91Y,0.658
Q9BY41,HDAC8,P91L,0.72
Q9BY41,HDAC8,P91I,0.667
Q9BY41,HDAC8,P91K,0.708
Q9BY41,HDAC8,P91A,0.786
Q9BY41,HDAC8,P91C,0.631
Q9BY41,HDAC8,P91D,0.672
Q9BY41,HDAC8,P91F,0.624
Q9BY41,HDAC8,P91G,0.668
Q9BY41,HDAC8,P91H,0.723
Q9BY41,HDAC8,P91E,0.72
Q9BY41,HDAC8,D92Y,0.798
Q9BY41,HDAC8,D92W,0.663
Q9BY41,HDAC8,D92V,0.768
Q9BY41,HDAC8,D92T,0.812
Q9BY41,HDAC8,D92S,0.853
Q9BY41,HDAC8,D92R,0.719
Q9BY41,HDAC8,D92Q,0.83
Q9BY41,HDAC8,D92P,0.742
Q9BY41,HDAC8,D92N,0.926
Q9BY41,HDAC8,D92M,0.752
Q9BY41,HDAC8,D92K,0.793
Q9BY41,HDAC8,D92A,0.804
Q9BY41,HDAC8,D92C,0.738
Q9BY41,HDAC8,D92E,0.96
Q9BY41,HDAC8,D92L,0.72
Q9BY41,HDAC8,D92G,0.852
Q9BY41,HDAC8,D92H,0.826
Q9BY41,HDAC8,D92I,0.758
Q9BY41,HDAC8,D92F,0.778
Q9BY41,HDAC8,S93M,0.597
Q9BY41,HDAC8,S93W,0.449
Q9BY41,HDAC8,S93V,0.528
Q9BY41,HDAC8,S93T,0.648
Q9BY41,HDAC8,S93R,0.441
Q9BY41,HDAC8,S93Q,0.483
Q9BY41,HDAC8,S93P,0.484
Q9BY41,HDAC8,S93N,0.58
Q9BY41,HDAC8,S93L,0.554
Q9BY41,HDAC8,S93Y,0.486
Q9BY41,HDAC8,S93I,0.526
Q9BY41,HDAC8,S93A,0.677
Q9BY41,HDAC8,S93C,0.663
Q9BY41,HDAC8,S93D,0.477
Q9BY41,HDAC8,S93K,0.428
Q9BY41,HDAC8,S93F,0.532
Q9BY41,HDAC8,S93G,0.59
Q9BY41,HDAC8,S93H,0.496
Q9BY41,HDAC8,S93E,0.435
Q9BY41,HDAC8,I94N,0.809
Q9BY41,HDAC8,I94W,0.738
Q9BY41,HDAC8,I94V,1.056
Q9BY41,HDAC8,I94T,0.898
Q9BY41,HDAC8,I94S,0.82
Q9BY41,HDAC8,I94R,0.78
Q9BY41,HDAC8,I94Q,0.756
Q9BY41,HDAC8,I94P,0.752
Q9BY41,HDAC8,I94Y,0.848
Q9BY41,HDAC8,I94M,0.968
Q9BY41,HDAC8,I94K,0.783
Q9BY41,HDAC8,I94H,0.757
Q9BY41,HDAC8,I94G,0.711
Q9BY41,HDAC8,I94F,0.893
Q9BY41,HDAC8,I94E,0.758
Q9BY41,HDAC8,I94D,0.735
Q9BY41,HDAC8,I94C,0.834
Q9BY41,HDAC8,I94A,0.851
Q9BY41,HDAC8,I94L,0.977
Q9BY41,HDAC8,E95Q,0.904
Q9BY41,HDAC8,E95R,0.786
Q9BY41,HDAC8,E95S,0.777
Q9BY41,HDAC8,E95P,0.741
Q9BY41,HDAC8,E95V,0.758
Q9BY41,HDAC8,E95W,0.649
Q9BY41,HDAC8,E95Y,0.699
Q9BY41,HDAC8,E95T,0.76
Q9BY41,HDAC8,E95N,0.794
Q9BY41,HDAC8,E95G,0.754
Q9BY41,HDAC8,E95L,0.69
Q9BY41,HDAC8,E95A,0.79
Q9BY41,HDAC8,E95C,0.625
Q9BY41,HDAC8,E95D,0.914
Q9BY41,HDAC8,E95F,0.662
Q9BY41,HDAC8,E95M,0.726
Q9BY41,HDAC8,E95H,0.79
Q9BY41,HDAC8,E95I,0.709
Q9BY41,HDAC8,E95K,0.862
Q9BY41,HDAC8,Y96W,0.652
Q9BY41,HDAC8,Y96V,0.55
Q9BY41,HDAC8,Y96T,0.46
Q9BY41,HDAC8,Y96S,0.468
Q9BY41,HDAC8,Y96R,0.482
Q9BY41,HDAC8,Y96Q,0.516
Q9BY41,HDAC8,Y96N,0.49
Q9BY41,HDAC8,Y96M,0.546
Q9BY41,HDAC8,Y96L,0.582
Q9BY41,HDAC8,Y96P,0.362
Q9BY41,HDAC8,Y96I,0.54
Q9BY41,HDAC8,Y96K,0.427
Q9BY41,HDAC8,Y96C,0.572
Q9BY41,HDAC8,Y96D,0.388
Q9BY41,HDAC8,Y96E,0.408
Q9BY41,HDAC8,Y96A,0.464
Q9BY41,HDAC8,Y96G,0.441
Q9BY41,HDAC8,Y96H,0.668
Q9BY41,HDAC8,Y96F,0.758
Q9BY41,HDAC8,G97P,0.402
Q9BY41,HDAC8,G97Y,0.344
Q9BY41,HDAC8,G97W,0.445
Q9BY41,HDAC8,G97V,0.508
Q9BY41,HDAC8,G97T,0.486
Q9BY41,HDAC8,G97S,0.604
Q9BY41,HDAC8,G97R,0.459
Q9BY41,HDAC8,G97Q,0.42
Q9BY41,HDAC8,G97N,0.518
Q9BY41,HDAC8,G97D,0.467
Q9BY41,HDAC8,G97L,0.426
Q9BY41,HDAC8,G97M,0.502
Q9BY41,HDAC8,G97C,0.549
Q9BY41,HDAC8,G97E,0.451
Q9BY41,HDAC8,G97A,0.666
Q9BY41,HDAC8,G97H,0.388
Q9BY41,HDAC8,G97I,0.438
Q9BY41,HDAC8,G97K,0.412
Q9BY41,HDAC8,G97F,0.418
Q9BY41,HDAC8,L98N,0.278
Q9BY41,HDAC8,L98Y,0.422
Q9BY41,HDAC8,L98W,0.438
Q9BY41,HDAC8,L98V,0.601
Q9BY41,HDAC8,L98T,0.385
Q9BY41,HDAC8,L98S,0.344
Q9BY41,HDAC8,L98R,0.331
Q9BY41,HDAC8,L98P,0.31
Q9BY41,HDAC8,L98M,0.649
Q9BY41,HDAC8,L98Q,0.358
Q9BY41,HDAC8,L98I,0.654
Q9BY41,HDAC8,L98C,0.482
Q9BY41,HDAC8,L98D,0.16
Q9BY41,HDAC8,L98E,0.231
Q9BY41,HDAC8,L98A,0.406
Q9BY41,HDAC8,L98G,0.236
Q9BY41,HDAC8,L98K,0.29
Q9BY41,HDAC8,L98H,0.322
Q9BY41,HDAC8,L98F,0.595
Q9BY41,HDAC8,G99N,0.634
Q9BY41,HDAC8,G99W,0.556
Q9BY41,HDAC8,G99V,0.584
Q9BY41,HDAC8,G99T,0.554
Q9BY41,HDAC8,G99S,0.661
Q9BY41,HDAC8,G99R,0.56
Q9BY41,HDAC8,G99Q,0.526
Q9BY41,HDAC8,G99P,0.498
Q9BY41,HDAC8,G99M,0.513
Q9BY41,HDAC8,G99Y,0.48
Q9BY41,HDAC8,G99K,0.516
Q9BY41,HDAC8,G99A,0.658
Q9BY41,HDAC8,G99C,0.581
Q9BY41,HDAC8,G99D,0.6
Q9BY41,HDAC8,G99L,0.501
Q9BY41,HDAC8,G99F,0.548
Q9BY41,HDAC8,G99H,0.52
Q9BY41,HDAC8,G99I,0.53
Q9BY41,HDAC8,G99E,0.555
Q9BY41,HDAC8,Y100M,0.702
Q9BY41,HDAC8,Y100V,0.676
Q9BY41,HDAC8,Y100T,0.683
Q9BY41,HDAC8,Y100S,0.702
Q9BY41,HDAC8,Y100R,0.661
Q9BY41,HDAC8,Y100Q,0.734
Q9BY41,HDAC8,Y100P,0.635
Q9BY41,HDAC8,Y100N,0.698
Q9BY41,HDAC8,Y100W,0.746
Q9BY41,HDAC8,Y100L,0.696
Q9BY41,HDAC8,Y100I,0.68
Q9BY41,HDAC8,Y100H,0.861
Q9BY41,HDAC8,Y100G,0.599
Q9BY41,HDAC8,Y100F,0.878
Q9BY41,HDAC8,Y100E,0.659
Q9BY41,HDAC8,Y100D,0.666
Q9BY41,HDAC8,Y100C,0.716
Q9BY41,HDAC8,Y100A,0.671
Q9BY41,HDAC8,Y100K,0.656
Q9BY41,HDAC8,D101P,0.648
Q9BY41,HDAC8,D101R,0.622
Q9BY41,HDAC8,D101S,0.738
Q9BY41,HDAC8,D101N,0.808
Q9BY41,HDAC8,D101V,0.665
Q9BY41,HDAC8,D101W,0.578
Q9BY41,HDAC8,D101Y,0.686
Q9BY41,HDAC8,D101T,0.695
Q9BY41,HDAC8,D101M,0.651
Q9BY41,HDAC8,D101Q,0.718
Q9BY41,HDAC8,D101K,0.676
Q9BY41,HDAC8,D101A,0.693
Q9BY41,HDAC8,D101C,0.632
Q9BY41,HDAC8,D101E,0.841
Q9BY41,HDAC8,D101F,0.676
Q9BY41,HDAC8,D101L,0.626
Q9BY41,HDAC8,D101H,0.707
Q9BY41,HDAC8,D101G,0.74
Q9BY41,HDAC8,D101I,0.658
Q9BY41,HDAC8,C102W,0.424
Q9BY41,HDAC8,C102V,0.52
Q9BY41,HDAC8,C102T,0.448
Q9BY41,HDAC8,C102S,0.476
Q9BY41,HDAC8,C102R,0.342
Q9BY41,HDAC8,C102Q,0.319
Q9BY41,HDAC8,C102P,0.254
Q9BY41,HDAC8,C102N,0.33
Q9BY41,HDAC8,C102M,0.523
Q9BY41,HDAC8,C102Y,0.431
Q9BY41,HDAC8,C102K,0.244
Q9BY41,HDAC8,C102A,0.533
Q9BY41,HDAC8,C102D,0.295
Q9BY41,HDAC8,C102E,0.182
Q9BY41,HDAC8,C102L,0.513
Q9BY41,HDAC8,C102G,0.374
Q9BY41,HDAC8,C102H,0.358
Q9BY41,HDAC8,C102I,0.485
Q9BY41,HDAC8,C102F,0.486
Q9BY41,HDAC8,P103M,0.664
Q9BY41,HDAC8,P103W,0.502
Q9BY41,HDAC8,P103V,0.658
Q9BY41,HDAC8,P103T,0.691
Q9BY41,HDAC8,P103S,0.696
Q9BY41,HDAC8,P103R,0.621
Q9BY41,HDAC8,P103Q,0.688
Q9BY41,HDAC8,P103N,0.608
Q9BY41,HDAC8,P103Y,0.585
Q9BY41,HDAC8,P103L,0.683
Q9BY41,HDAC8,P103I,0.62
Q9BY41,HDAC8,P103K,0.622
Q9BY41,HDAC8,P103A,0.71
Q9BY41,HDAC8,P103C,0.585
Q9BY41,HDAC8,P103D,0.607
Q9BY41,HDAC8,P103F,0.57
Q9BY41,HDAC8,P103G,0.602
Q9BY41,HDAC8,P103H,0.646
Q9BY41,HDAC8,P103E,0.633
Q9BY41,HDAC8,A104Y,0.749
Q9BY41,HDAC8,A104W,0.69
Q9BY41,HDAC8,A104V,0.893
Q9BY41,HDAC8,A104T,0.863
Q9BY41,HDAC8,A104S,0.868
Q9BY41,HDAC8,A104R,0.716
Q9BY41,HDAC8,A104Q,0.752
Q9BY41,HDAC8,A104P,0.803
Q9BY41,HDAC8,A104N,0.732
Q9BY41,HDAC8,A104M,0.826
Q9BY41,HDAC8,A104K,0.732
Q9BY41,HDAC8,A104C,0.828
Q9BY41,HDAC8,A104D,0.728
Q9BY41,HDAC8,A104E,0.768
Q9BY41,HDAC8,A104L,0.826
Q9BY41,HDAC8,A104G,0.829
Q9BY41,HDAC8,A104H,0.707
Q9BY41,HDAC8,A104I,0.828
Q9BY41,HDAC8,A104F,0.784
Q9BY41,HDAC8,T105M,0.813
Q9BY41,HDAC8,T105W,0.622
Q9BY41,HDAC8,T105V,0.818
Q9BY41,HDAC8,T105S,0.838
Q9BY41,HDAC8,T105R,0.738
Q9BY41,HDAC8,T105Q,0.728
Q9BY41,HDAC8,T105P,0.762
Q9BY41,HDAC8,T105N,0.802
Q9BY41,HDAC8,T105L,0.752
Q9BY41,HDAC8,T105Y,0.691
Q9BY41,HDAC8,T105I,0.802
Q9BY41,HDAC8,T105A,0.824
Q9BY41,HDAC8,T105C,0.723
Q9BY41,HDAC8,T105D,0.694
Q9BY41,HDAC8,T105K,0.74
Q9BY41,HDAC8,T105F,0.711
Q9BY41,HDAC8,T105G,0.703
Q9BY41,HDAC8,T105H,0.708
Q9BY41,HDAC8,T105E,0.714
Q9BY41,HDAC8,E106N,0.732
Q9BY41,HDAC8,E106W,0.588
Q9BY41,HDAC8,E106V,0.7
Q9BY41,HDAC8,E106T,0.698
Q9BY41,HDAC8,E106S,0.715
Q9BY41,HDAC8,E106R,0.718
Q9BY41,HDAC8,E106Q,0.84
Q9BY41,HDAC8,E106P,0.68
Q9BY41,HDAC8,E106Y,0.637
Q9BY41,HDAC8,E106M,0.668
Q9BY41,HDAC8,E106K,0.796
Q9BY41,HDAC8,E106I,0.649
Q9BY41,HDAC8,E106H,0.725
Q9BY41,HDAC8,E106G,0.694
Q9BY41,HDAC8,E106F,0.602
Q9BY41,HDAC8,E106D,0.852
Q9BY41,HDAC8,E106C,0.566
Q9BY41,HDAC8,E106A,0.73
Q9BY41,HDAC8,E106L,0.631
Q9BY41,HDAC8,G107Q,0.558
Q9BY41,HDAC8,G107R,0.591
Q9BY41,HDAC8,G107S,0.686
Q9BY41,HDAC8,G107P,0.54
Q9BY41,HDAC8,G107V,0.57
Q9BY41,HDAC8,G107W,0.556
Q9BY41,HDAC8,G107Y,0.497
Q9BY41,HDAC8,G107T,0.572
Q9BY41,HDAC8,G107N,0.663
Q9BY41,HDAC8,G107D,0.63
Q9BY41,HDAC8,G107L,0.462
Q9BY41,HDAC8,G107C,0.565
Q9BY41,HDAC8,G107M,0.48
Q9BY41,HDAC8,G107E,0.588
Q9BY41,HDAC8,G107A,0.668
Q9BY41,HDAC8,G107H,0.559
Q9BY41,HDAC8,G107I,0.472
Q9BY41,HDAC8,G107K,0.558
Q9BY41,HDAC8,G107F,0.532
Q9BY41,HDAC8,I108P,0.3
Q9BY41,HDAC8,I108Y,0.449
Q9BY41,HDAC8,I108W,0.422
Q9BY41,HDAC8,I108V,0.761
Q9BY41,HDAC8,I108T,0.53
Q9BY41,HDAC8,I108S,0.411
Q9BY41,HDAC8,I108R,0.384
Q9BY41,HDAC8,I108Q,0.354
Q9BY41,HDAC8,I108N,0.364
Q9BY41,HDAC8,I108M,0.686
Q9BY41,HDAC8,I108L,0.716
Q9BY41,HDAC8,I108C,0.573
Q9BY41,HDAC8,I108D,0.276
Q9BY41,HDAC8,I108E,0.29
Q9BY41,HDAC8,I108A,0.53
Q9BY41,HDAC8,I108G,0.289
Q9BY41,HDAC8,I108H,0.422
Q9BY41,HDAC8,I108K,0.388
Q9BY41,HDAC8,I108F,0.592
Q9BY41,HDAC8,F109N,0.307
Q9BY41,HDAC8,F109W,0.552
Q9BY41,HDAC8,F109V,0.528
Q9BY41,HDAC8,F109T,0.374
Q9BY41,HDAC8,F109S,0.406
Q9BY41,HDAC8,F109R,0.286
Q9BY41,HDAC8,F109Q,0.289
Q9BY41,HDAC8,F109P,0.231
Q9BY41,HDAC8,F109M,0.545
Q9BY41,HDAC8,F109Y,0.644
Q9BY41,HDAC8,F109K,0.26
Q9BY41,HDAC8,F109A,0.381
Q9BY41,HDAC8,F109C,0.501
Q9BY41,HDAC8,F109D,0.258
Q9BY41,HDAC8,F109L,0.609
Q9BY41,HDAC8,F109G,0.29
Q9BY41,HDAC8,F109H,0.444
Q9BY41,HDAC8,F109I,0.57
Q9BY41,HDAC8,F109E,0.208
Q9BY41,HDAC8,D110N,0.805
Q9BY41,HDAC8,D110W,0.552
Q9BY41,HDAC8,D110V,0.666
Q9BY41,HDAC8,D110T,0.696
Q9BY41,HDAC8,D110S,0.736
Q9BY41,HDAC8,D110R,0.615
Q9BY41,HDAC8,D110Q,0.714
Q9BY41,HDAC8,D110P,0.658
Q9BY41,HDAC8,D110M,0.649
Q9BY41,HDAC8,D110Y,0.676
Q9BY41,HDAC8,D110K,0.67
Q9BY41,HDAC8,D110A,0.696
Q9BY41,HDAC8,D110C,0.624
Q9BY41,HDAC8,D110E,0.836
Q9BY41,HDAC8,D110L,0.618
Q9BY41,HDAC8,D110G,0.742
Q9BY41,HDAC8,D110H,0.706
Q9BY41,HDAC8,D110I,0.651
Q9BY41,HDAC8,D110F,0.669
Q9BY41,HDAC8,Y111M,0.604
Q9BY41,HDAC8,Y111V,0.61
Q9BY41,HDAC8,Y111T,0.482
Q9BY41,HDAC8,Y111S,0.483
Q9BY41,HDAC8,Y111R,0.5
Q9BY41,HDAC8,Y111Q,0.534
Q9BY41,HDAC8,Y111P,0.35
Q9BY41,HDAC8,Y111N,0.5
Q9BY41,HDAC8,Y111W,0.708
Q9BY41,HDAC8,Y111L,0.658
Q9BY41,HDAC8,Y111I,0.61
Q9BY41,HDAC8,Y111H,0.696
Q9BY41,HDAC8,Y111G,0.46
Q9BY41,HDAC8,Y111F,0.832
Q9BY41,HDAC8,Y111E,0.417
Q9BY41,HDAC8,Y111D,0.369
Q9BY41,HDAC8,Y111C,0.622
Q9BY41,HDAC8,Y111A,0.498
Q9BY41,HDAC8,Y111K,0.432
Q9BY41,HDAC8,A112P,0.511
Q9BY41,HDAC8,A112Q,0.479
Q9BY41,HDAC8,A112R,0.45
Q9BY41,HDAC8,A112N,0.451
Q9BY41,HDAC8,A112T,0.647
Q9BY41,HDAC8,A112V,0.714
Q9BY41,HDAC8,A112W,0.393
Q9BY41,HDAC8,A112S,0.663
Q9BY41,HDAC8,A112M,0.64
Q9BY41,HDAC8,A112Y,0.484
Q9BY41,HDAC8,A112K,0.446
Q9BY41,HDAC8,A112C,0.69
Q9BY41,HDAC8,A112D,0.421
Q9BY41,HDAC8,A112E,0.475
Q9BY41,HDAC8,A112L,0.644
Q9BY41,HDAC8,A112G,0.648
Q9BY41,HDAC8,A112H,0.452
Q9BY41,HDAC8,A112I,0.633
Q9BY41,HDAC8,A112F,0.552
Q9BY41,HDAC8,A113W,0.302
Q9BY41,HDAC8,A113V,0.645
Q9BY41,HDAC8,A113T,0.581
Q9BY41,HDAC8,A113S,0.608
Q9BY41,HDAC8,A113R,0.363
Q9BY41,HDAC8,A113Q,0.39
Q9BY41,HDAC8,A113P,0.436
Q9BY41,HDAC8,A113N,0.38
Q9BY41,HDAC8,A113M,0.556
Q9BY41,HDAC8,A113Y,0.418
Q9BY41,HDAC8,A113K,0.364
Q9BY41,HDAC8,A113C,0.624
Q9BY41,HDAC8,A113D,0.355
Q9BY41,HDAC8,A113E,0.386
Q9BY41,HDAC8,A113L,0.564
Q9BY41,HDAC8,A113G,0.598
Q9BY41,HDAC8,A113H,0.372
Q9BY41,HDAC8,A113I,0.548
Q9BY41,HDAC8,A113F,0.481
Q9BY41,HDAC8,A114N,0.448
Q9BY41,HDAC8,A114W,0.356
Q9BY41,HDAC8,A114V,0.67
Q9BY41,HDAC8,A114T,0.62
Q9BY41,HDAC8,A114S,0.639
Q9BY41,HDAC8,A114R,0.446
Q9BY41,HDAC8,A114Q,0.465
Q9BY41,HDAC8,A114P,0.486
Q9BY41,HDAC8,A114Y,0.48
Q9BY41,HDAC8,A114M,0.604
Q9BY41,HDAC8,A114K,0.432
Q9BY41,HDAC8,A114L,0.604
Q9BY41,HDAC8,A114C,0.651
Q9BY41,HDAC8,A114D,0.42
Q9BY41,HDAC8,A114E,0.462
Q9BY41,HDAC8,A114G,0.624
Q9BY41,HDAC8,A114H,0.452
Q9BY41,HDAC8,A114I,0.606
Q9BY41,HDAC8,A114F,0.538
Q9BY41,HDAC8,I115Y,0.462
Q9BY41,HDAC8,I115W,0.416
Q9BY41,HDAC8,I115V,0.812
Q9BY41,HDAC8,I115T,0.579
Q9BY41,HDAC8,I115S,0.442
Q9BY41,HDAC8,I115R,0.392
Q9BY41,HDAC8,I115Q,0.354
Q9BY41,HDAC8,I115P,0.328
Q9BY41,HDAC8,I115N,0.38
Q9BY41,HDAC8,I115M,0.722
Q9BY41,HDAC8,I115K,0.405
Q9BY41,HDAC8,I115A,0.552
Q9BY41,HDAC8,I115C,0.572
Q9BY41,HDAC8,I115D,0.298
Q9BY41,HDAC8,I115L,0.732
Q9BY41,HDAC8,I115F,0.603
Q9BY41,HDAC8,I115G,0.321
Q9BY41,HDAC8,I115H,0.417
Q9BY41,HDAC8,I115E,0.305
Q9BY41,HDAC8,G116N,0.494
Q9BY41,HDAC8,G116W,0.484
Q9BY41,HDAC8,G116V,0.552
Q9BY41,HDAC8,G116T,0.471
Q9BY41,HDAC8,G116S,0.586
Q9BY41,HDAC8,G116R,0.434
Q9BY41,HDAC8,G116Q,0.391
Q9BY41,HDAC8,G116P,0.387
Q9BY41,HDAC8,G116M,0.534
Q9BY41,HDAC8,G116Y,0.376
Q9BY41,HDAC8,G116K,0.368
Q9BY41,HDAC8,G116A,0.676
Q9BY41,HDAC8,G116C,0.569
Q9BY41,HDAC8,G116D,0.424
Q9BY41,HDAC8,G116L,0.506
Q9BY41,HDAC8,G116F,0.502
Q9BY41,HDAC8,G116H,0.382
Q9BY41,HDAC8,G116I,0.514
Q9BY41,HDAC8,G116E,0.412
Q9BY41,HDAC8,G117N,0.411
Q9BY41,HDAC8,G117W,0.381
Q9BY41,HDAC8,G117V,0.46
Q9BY41,HDAC8,G117T,0.383
Q9BY41,HDAC8,G117S,0.513
Q9BY41,HDAC8,G117R,0.386
Q9BY41,HDAC8,G117Q,0.332
Q9BY41,HDAC8,G117P,0.304
Q9BY41,HDAC8,G117Y,0.228
Q9BY41,HDAC8,G117M,0.412
Q9BY41,HDAC8,G117K,0.32
Q9BY41,HDAC8,G117I,0.395
Q9BY41,HDAC8,G117H,0.318
Q9BY41,HDAC8,G117F,0.374
Q9BY41,HDAC8,G117E,0.373
Q9BY41,HDAC8,G117D,0.376
Q9BY41,HDAC8,G117C,0.483
Q9BY41,HDAC8,G117A,0.588
Q9BY41,HDAC8,G117L,0.381
Q9BY41,HDAC8,A118P,0.385
Q9BY41,HDAC8,A118Q,0.357
Q9BY41,HDAC8,A118R,0.325
Q9BY41,HDAC8,A118N,0.332
Q9BY41,HDAC8,A118T,0.533
Q9BY41,HDAC8,A118V,0.624
Q9BY41,HDAC8,A118W,0.292
Q9BY41,HDAC8,A118S,0.568
Q9BY41,HDAC8,A118M,0.542
Q9BY41,HDAC8,A118Y,0.383
Q9BY41,HDAC8,A118K,0.322
Q9BY41,HDAC8,A118C,0.606
Q9BY41,HDAC8,A118D,0.314
Q9BY41,HDAC8,A118E,0.35
Q9BY41,HDAC8,A118L,0.558
Q9BY41,HDAC8,A118G,0.556
Q9BY41,HDAC8,A118H,0.334
Q9BY41,HDAC8,A118I,0.534
Q9BY41,HDAC8,A118F,0.462
Q9BY41,HDAC8,T119N,0.448
Q9BY41,HDAC8,T119Y,0.422
Q9BY41,HDAC8,T119W,0.324
Q9BY41,HDAC8,T119V,0.611
Q9BY41,HDAC8,T119S,0.532
Q9BY41,HDAC8,T119R,0.362
Q9BY41,HDAC8,T119Q,0.378
Q9BY41,HDAC8,T119P,0.385
Q9BY41,HDAC8,T119M,0.576
Q9BY41,HDAC8,T119D,0.328
Q9BY41,HDAC8,T119K,0.365
Q9BY41,HDAC8,T119C,0.562
Q9BY41,HDAC8,T119L,0.591
Q9BY41,HDAC8,T119E,0.309
Q9BY41,HDAC8,T119A,0.568
Q9BY41,HDAC8,T119G,0.377
Q9BY41,HDAC8,T119H,0.327
Q9BY41,HDAC8,T119I,0.594
Q9BY41,HDAC8,T119F,0.499
Q9BY41,HDAC8,I120P,0.34
Q9BY41,HDAC8,I120Y,0.468
Q9BY41,HDAC8,I120W,0.436
Q9BY41,HDAC8,I120V,0.776
Q9BY41,HDAC8,I120T,0.546
Q9BY41,HDAC8,I120S,0.435
Q9BY41,HDAC8,I120R,0.393
Q9BY41,HDAC8,I120Q,0.362
Q9BY41,HDAC8,I120N,0.4
Q9BY41,HDAC8,I120M,0.696
Q9BY41,HDAC8,I120L,0.736
Q9BY41,HDAC8,I120C,0.584
Q9BY41,HDAC8,I120D,0.314
Q9BY41,HDAC8,I120E,0.318
Q9BY41,HDAC8,I120A,0.531
Q9BY41,HDAC8,I120G,0.335
Q9BY41,HDAC8,I120H,0.418
Q9BY41,HDAC8,I120K,0.395
Q9BY41,HDAC8,I120F,0.608
Q9BY41,HDAC8,T121M,0.638
Q9BY41,HDAC8,T121W,0.372
Q9BY41,HDAC8,T121V,0.677
Q9BY41,HDAC8,T121S,0.62
Q9BY41,HDAC8,T121R,0.428
Q9BY41,HDAC8,T121Q,0.454
Q9BY41,HDAC8,T121P,0.458
Q9BY41,HDAC8,T121N,0.536
Q9BY41,HDAC8,T121L,0.624
Q9BY41,HDAC8,T121Y,0.467
Q9BY41,HDAC8,T121I,0.634
Q9BY41,HDAC8,T121A,0.649
Q9BY41,HDAC8,T121C,0.628
Q9BY41,HDAC8,T121D,0.414
Q9BY41,HDAC8,T121K,0.454
Q9BY41,HDAC8,T121F,0.524
Q9BY41,HDAC8,T121G,0.456
Q9BY41,HDAC8,T121H,0.396
Q9BY41,HDAC8,T121E,0.397
Q9BY41,HDAC8,A122N,0.408
Q9BY41,HDAC8,A122W,0.355
Q9BY41,HDAC8,A122V,0.686
Q9BY41,HDAC8,A122T,0.606
Q9BY41,HDAC8,A122S,0.621
Q9BY41,HDAC8,A122R,0.411
Q9BY41,HDAC8,A122Q,0.44
Q9BY41,HDAC8,A122P,0.458
Q9BY41,HDAC8,A122M,0.615
Q9BY41,HDAC8,A122Y,0.456
Q9BY41,HDAC8,A122K,0.402
Q9BY41,HDAC8,A122C,0.664
Q9BY41,HDAC8,A122D,0.377
Q9BY41,HDAC8,A122E,0.429
Q9BY41,HDAC8,A122L,0.628
Q9BY41,HDAC8,A122G,0.609
Q9BY41,HDAC8,A122H,0.418
Q9BY41,HDAC8,A122I,0.614
Q9BY41,HDAC8,A122F,0.535
Q9BY41,HDAC8,A123N,0.338
Q9BY41,HDAC8,A123W,0.308
Q9BY41,HDAC8,A123V,0.643
Q9BY41,HDAC8,A123T,0.542
Q9BY41,HDAC8,A123S,0.564
Q9BY41,HDAC8,A123R,0.348
Q9BY41,HDAC8,A123Q,0.378
Q9BY41,HDAC8,A123P,0.392
Q9BY41,HDAC8,A123Y,0.401
Q9BY41,HDAC8,A123M,0.566
Q9BY41,HDAC8,A123K,0.332
Q9BY41,HDAC8,A123I,0.568
Q9BY41,HDAC8,A123H,0.356
Q9BY41,HDAC8,A123G,0.556
Q9BY41,HDAC8,A123F,0.488
Q9BY41,HDAC8,A123E,0.362
Q9BY41,HDAC8,A123D,0.314
Q9BY41,HDAC8,A123C,0.613
Q9BY41,HDAC8,A123L,0.586
Q9BY41,HDAC8,Q124N,0.552
Q9BY41,HDAC8,Q124P,0.584
Q9BY41,HDAC8,Q124R,0.682
Q9BY41,HDAC8,Q124M,0.704
Q9BY41,HDAC8,Q124T,0.559
Q9BY41,HDAC8,Q124V,0.574
Q9BY41,HDAC8,Q124W,0.661
Q9BY41,HDAC8,Q124S,0.572
Q9BY41,HDAC8,Q124L,0.627
Q9BY41,HDAC8,Q124Y,0.638
Q9BY41,HDAC8,Q124I,0.537
Q9BY41,HDAC8,Q124A,0.566
Q9BY41,HDAC8,Q124C,0.583
Q9BY41,HDAC8,Q124D,0.519
Q9BY41,HDAC8,Q124K,0.64
Q9BY41,HDAC8,Q124F,0.532
Q9BY41,HDAC8,Q124G,0.524
Q9BY41,HDAC8,Q124H,0.687
Q9BY41,HDAC8,Q124E,0.681
Q9BY41,HDAC8,C125W,0.45
Q9BY41,HDAC8,C125V,0.557
Q9BY41,HDAC8,C125T,0.459
Q9BY41,HDAC8,C125S,0.471
Q9BY41,HDAC8,C125R,0.338
Q9BY41,HDAC8,C125Q,0.325
Q9BY41,HDAC8,C125P,0.26
Q9BY41,HDAC8,C125N,0.331
Q9BY41,HDAC8,C125M,0.562
Q9BY41,HDAC8,C125Y,0.438
Q9BY41,HDAC8,C125K,0.26
Q9BY41,HDAC8,C125A,0.556
Q9BY41,HDAC8,C125D,0.307
Q9BY41,HDAC8,C125E,0.206
Q9BY41,HDAC8,C125L,0.562
Q9BY41,HDAC8,C125G,0.361
Q9BY41,HDAC8,C125H,0.359
Q9BY41,HDAC8,C125I,0.532
Q9BY41,HDAC8,C125F,0.52
Q9BY41,HDAC8,L126N,0.221
Q9BY41,HDAC8,L126W,0.368
Q9BY41,HDAC8,L126V,0.585
Q9BY41,HDAC8,L126T,0.368
Q9BY41,HDAC8,L126S,0.286
Q9BY41,HDAC8,L126R,0.266
Q9BY41,HDAC8,L126Q,0.285
Q9BY41,HDAC8,L126P,0.24
Q9BY41,HDAC8,L126Y,0.376
Q9BY41,HDAC8,L126M,0.624
Q9BY41,HDAC8,L126I,0.626
Q9BY41,HDAC8,L126K,0.246
Q9BY41,HDAC8,L126A,0.397
Q9BY41,HDAC8,L126C,0.466
Q9BY41,HDAC8,L126D,0.128
Q9BY41,HDAC8,L126F,0.549
Q9BY41,HDAC8,L126G,0.19
Q9BY41,HDAC8,L126H,0.256
Q9BY41,HDAC8,L126E,0.18
Q9BY41,HDAC8,I127Y,0.631
Q9BY41,HDAC8,I127W,0.601
Q9BY41,HDAC8,I127V,0.936
Q9BY41,HDAC8,I127T,0.706
Q9BY41,HDAC8,I127S,0.592
Q9BY41,HDAC8,I127R,0.553
Q9BY41,HDAC8,I127Q,0.53
Q9BY41,HDAC8,I127P,0.498
Q9BY41,HDAC8,I127N,0.564
Q9BY41,HDAC8,I127L,0.891
Q9BY41,HDAC8,I127K,0.556
Q9BY41,HDAC8,I127A,0.702
Q9BY41,HDAC8,I127C,0.746
Q9BY41,HDAC8,I127D,0.479
Q9BY41,HDAC8,I127M,0.86
Q9BY41,HDAC8,I127F,0.766
Q9BY41,HDAC8,I127G,0.486
Q9BY41,HDAC8,I127H,0.594
Q9BY41,HDAC8,I127E,0.494
Q9BY41,HDAC8,D128N,0.824
Q9BY41,HDAC8,D128W,0.558
Q9BY41,HDAC8,D128V,0.676
Q9BY41,HDAC8,D128T,0.712
Q9BY41,HDAC8,D128S,0.752
Q9BY41,HDAC8,D128R,0.633
Q9BY41,HDAC8,D128Q,0.734
Q9BY41,HDAC8,D128P,0.676
Q9BY41,HDAC8,D128M,0.66
Q9BY41,HDAC8,D128Y,0.679
Q9BY41,HDAC8,D128K,0.691
Q9BY41,HDAC8,D128A,0.71
Q9BY41,HDAC8,D128C,0.64
Q9BY41,HDAC8,D128E,0.856
Q9BY41,HDAC8,D128L,0.623
Q9BY41,HDAC8,D128G,0.756
Q9BY41,HDAC8,D128H,0.723
Q9BY41,HDAC8,D128I,0.658
Q9BY41,HDAC8,D128F,0.674
Q9BY41,HDAC8,G129N,0.806
Q9BY41,HDAC8,G129W,0.694
Q9BY41,HDAC8,G129V,0.698
Q9BY41,HDAC8,G129T,0.71
Q9BY41,HDAC8,G129S,0.826
Q9BY41,HDAC8,G129R,0.734
Q9BY41,HDAC8,G129Q,0.704
Q9BY41,HDAC8,G129P,0.683
Q9BY41,HDAC8,G129Y,0.643
Q9BY41,HDAC8,G129L,0.589
Q9BY41,HDAC8,G129K,0.706
Q9BY41,HDAC8,G129I,0.613
Q9BY41,HDAC8,G129H,0.698
Q9BY41,HDAC8,G129F,0.661
Q9BY41,HDAC8,G129E,0.736
Q9BY41,HDAC8,G129D,0.776
Q9BY41,HDAC8,G129C,0.695
Q9BY41,HDAC8,G129A,0.806
Q9BY41,HDAC8,G129M,0.608
Q9BY41,HDAC8,M130Q,0.854
Q9BY41,HDAC8,M130R,0.831
Q9BY41,HDAC8,M130S,0.828
Q9BY41,HDAC8,M130P,0.777
Q9BY41,HDAC8,M130V,0.951
Q9BY41,HDAC8,M130W,0.812
Q9BY41,HDAC8,M130T,0.879
Q9BY41,HDAC8,M130N,0.77
Q9BY41,HDAC8,M130Y,0.768
Q9BY41,HDAC8,M130L,0.979
Q9BY41,HDAC8,M130A,0.838
Q9BY41,HDAC8,M130C,0.809
Q9BY41,HDAC8,M130D,0.696
Q9BY41,HDAC8,M130E,0.765
Q9BY41,HDAC8,M130K,0.826
Q9BY41,HDAC8,M130G,0.684
Q9BY41,HDAC8,M130H,0.749
Q9BY41,HDAC8,M130I,0.936
Q9BY41,HDAC8,M130F,0.851
Q9BY41,HDAC8,C131Y,0.504
Q9BY41,HDAC8,C131W,0.514
Q9BY41,HDAC8,C131V,0.644
Q9BY41,HDAC8,C131T,0.56
Q9BY41,HDAC8,C131S,0.572
Q9BY41,HDAC8,C131R,0.403
Q9BY41,HDAC8,C131Q,0.418
Q9BY41,HDAC8,C131N,0.434
Q9BY41,HDAC8,C131M,0.655
Q9BY41,HDAC8,C131P,0.325
Q9BY41,HDAC8,C131K,0.341
Q9BY41,HDAC8,C131L,0.645
Q9BY41,HDAC8,C131D,0.414
Q9BY41,HDAC8,C131E,0.274
Q9BY41,HDAC8,C131F,0.584
Q9BY41,HDAC8,C131A,0.643
Q9BY41,HDAC8,C131H,0.436
Q9BY41,HDAC8,C131I,0.624
Q9BY41,HDAC8,C131G,0.457
Q9BY41,HDAC8,K132P,0.744
Q9BY41,HDAC8,K132Y,0.701
Q9BY41,HDAC8,K132W,0.677
Q9BY41,HDAC8,K132V,0.752
Q9BY41,HDAC8,K132T,0.797
Q9BY41,HDAC8,K132S,0.797
Q9BY41,HDAC8,K132R,0.91
Q9BY41,HDAC8,K132Q,0.865
Q9BY41,HDAC8,K132N,0.836
Q9BY41,HDAC8,K132D,0.738
Q9BY41,HDAC8,K132L,0.75
Q9BY41,HDAC8,K132M,0.822
Q9BY41,HDAC8,K132C,0.658
Q9BY41,HDAC8,K132E,0.854
Q9BY41,HDAC8,K132A,0.768
Q9BY41,HDAC8,K132G,0.714
Q9BY41,HDAC8,K132H,0.773
Q9BY41,HDAC8,K132I,0.735
Q9BY41,HDAC8,K132F,0.685
Q9BY41,HDAC8,V133M,0.736
Q9BY41,HDAC8,V133W,0.45
Q9BY41,HDAC8,V133T,0.582
Q9BY41,HDAC8,V133S,0.448
Q9BY41,HDAC8,V133R,0.343
Q9BY41,HDAC8,V133Q,0.439
Q9BY41,HDAC8,V133P,0.408
Q9BY41,HDAC8,V133Y,0.526
Q9BY41,HDAC8,V133L,0.748
Q9BY41,HDAC8,V133N,0.362
Q9BY41,HDAC8,V133I,0.825
Q9BY41,HDAC8,V133A,0.637
Q9BY41,HDAC8,V133C,0.624
Q9BY41,HDAC8,V133D,0.338
Q9BY41,HDAC8,V133K,0.382
Q9BY41,HDAC8,V133F,0.636
Q9BY41,HDAC8,V133G,0.421
Q9BY41,HDAC8,V133H,0.388
Q9BY41,HDAC8,V133E,0.404
Q9BY41,HDAC8,A134W,0.335
Q9BY41,HDAC8,A134V,0.67
Q9BY41,HDAC8,A134T,0.588
Q9BY41,HDAC8,A134S,0.609
Q9BY41,HDAC8,A134R,0.413
Q9BY41,HDAC8,A134Q,0.433
Q9BY41,HDAC8,A134P,0.444
Q9BY41,HDAC8,A134N,0.392
Q9BY41,HDAC8,A134M,0.597
Q9BY41,HDAC8,A134Y,0.454
Q9BY41,HDAC8,A134K,0.39
Q9BY41,HDAC8,A134C,0.653
Q9BY41,HDAC8,A134D,0.358
Q9BY41,HDAC8,A134E,0.412
Q9BY41,HDAC8,A134L,0.613
Q9BY41,HDAC8,A134G,0.597
Q9BY41,HDAC8,A134H,0.42
Q9BY41,HDAC8,A134I,0.611
Q9BY41,HDAC8,A134F,0.529
Q9BY41,HDAC8,I135N,0.314
Q9BY41,HDAC8,I135W,0.426
Q9BY41,HDAC8,I135V,0.787
Q9BY41,HDAC8,I135T,0.527
Q9BY41,HDAC8,I135S,0.402
Q9BY41,HDAC8,I135R,0.356
Q9BY41,HDAC8,I135Q,0.338
Q9BY41,HDAC8,I135P,0.278
Q9BY41,HDAC8,I135Y,0.467
Q9BY41,HDAC8,I135M,0.712
Q9BY41,HDAC8,I135K,0.358
Q9BY41,HDAC8,I135L,0.75
Q9BY41,HDAC8,I135A,0.544
Q9BY41,HDAC8,I135C,0.596
Q9BY41,HDAC8,I135D,0.25
Q9BY41,HDAC8,I135F,0.624
Q9BY41,HDAC8,I135G,0.264
Q9BY41,HDAC8,I135H,0.412
Q9BY41,HDAC8,I135E,0.256
Q9BY41,HDAC8,N136Y,0.538
Q9BY41,HDAC8,N136W,0.442
Q9BY41,HDAC8,N136V,0.552
Q9BY41,HDAC8,N136T,0.588
Q9BY41,HDAC8,N136S,0.638
Q9BY41,HDAC8,N136R,0.52
Q9BY41,HDAC8,N136Q,0.518
Q9BY41,HDAC8,N136P,0.412
Q9BY41,HDAC8,N136M,0.603
Q9BY41,HDAC8,N136K,0.527
Q9BY41,HDAC8,N136I,0.601
Q9BY41,HDAC8,N136A,0.498
Q9BY41,HDAC8,N136C,0.562
Q9BY41,HDAC8,N136D,0.579
Q9BY41,HDAC8,N136L,0.566
Q9BY41,HDAC8,N136F,0.544
Q9BY41,HDAC8,N136G,0.542
Q9BY41,HDAC8,N136H,0.66
Q9BY41,HDAC8,N136E,0.483
Q9BY41,HDAC8,W137V,0.348
Q9BY41,HDAC8,W137T,0.289
Q9BY41,HDAC8,W137S,0.263
Q9BY41,HDAC8,W137R,0.293
Q9BY41,HDAC8,W137Q,0.306
Q9BY41,HDAC8,W137P,0.143
Q9BY41,HDAC8,W137N,0.158
Q9BY41,HDAC8,W137M,0.428
Q9BY41,HDAC8,W137L,0.436
Q9BY41,HDAC8,W137Y,0.522
Q9BY41,HDAC8,W137I,0.325
Q9BY41,HDAC8,W137A,0.292
Q9BY41,HDAC8,W137C,0.423
Q9BY41,HDAC8,W137D,0.138
Q9BY41,HDAC8,W137K,0.237
Q9BY41,HDAC8,W137F,0.534
Q9BY41,HDAC8,W137G,0.332
Q9BY41,HDAC8,W137H,0.299
Q9BY41,HDAC8,W137E,0.224
Q9BY41,HDAC8,S138M,0.758
Q9BY41,HDAC8,S138W,0.641
Q9BY41,HDAC8,S138V,0.732
Q9BY41,HDAC8,S138T,0.83
Q9BY41,HDAC8,S138R,0.708
Q9BY41,HDAC8,S138Q,0.73
Q9BY41,HDAC8,S138P,0.75
Q9BY41,HDAC8,S138N,0.835
Q9BY41,HDAC8,S138Y,0.71
Q9BY41,HDAC8,S138L,0.762
Q9BY41,HDAC8,S138I,0.738
Q9BY41,HDAC8,S138K,0.726
Q9BY41,HDAC8,S138A,0.834
Q9BY41,HDAC8,S138C,0.79
Q9BY41,HDAC8,S138D,0.726
Q9BY41,HDAC8,S138F,0.772
Q9BY41,HDAC8,S138G,0.79
Q9BY41,HDAC8,S138H,0.707
Q9BY41,HDAC8,S138E,0.702
Q9BY41,HDAC8,G139Y,0.232
Q9BY41,HDAC8,G139W,0.336
Q9BY41,HDAC8,G139V,0.396
Q9BY41,HDAC8,G139T,0.34
Q9BY41,HDAC8,G139S,0.464
Q9BY41,HDAC8,G139R,0.33
Q9BY41,HDAC8,G139Q,0.284
Q9BY41,HDAC8,G139P,0.266
Q9BY41,HDAC8,G139N,0.38
Q9BY41,HDAC8,G139M,0.4
Q9BY41,HDAC8,G139K,0.264
Q9BY41,HDAC8,G139A,0.549
Q9BY41,HDAC8,G139C,0.425
Q9BY41,HDAC8,G139D,0.325
Q9BY41,HDAC8,G139L,0.344
Q9BY41,HDAC8,G139F,0.342
Q9BY41,HDAC8,G139H,0.278
Q9BY41,HDAC8,G139I,0.353
Q9BY41,HDAC8,G139E,0.31
Q9BY41,HDAC8,G140N,0.446
Q9BY41,HDAC8,G140W,0.416
Q9BY41,HDAC8,G140V,0.449
Q9BY41,HDAC8,G140T,0.407
Q9BY41,HDAC8,G140S,0.522
Q9BY41,HDAC8,G140R,0.382
Q9BY41,HDAC8,G140Q,0.343
Q9BY41,HDAC8,G140P,0.324
Q9BY41,HDAC8,G140M,0.462
Q9BY41,HDAC8,G140Y,0.294
Q9BY41,HDAC8,G140K,0.332
Q9BY41,HDAC8,G140A,0.593
Q9BY41,HDAC8,G140C,0.482
Q9BY41,HDAC8,G140D,0.406
Q9BY41,HDAC8,G140L,0.404
Q9BY41,HDAC8,G140F,0.376
Q9BY41,HDAC8,G140H,0.334
Q9BY41,HDAC8,G140I,0.395
Q9BY41,HDAC8,G140E,0.374
Q9BY41,HDAC8,W141M,0.525
Q9BY41,HDAC8,W141V,0.447
Q9BY41,HDAC8,W141T,0.384
Q9BY41,HDAC8,W141S,0.353
Q9BY41,HDAC8,W141R,0.375
Q9BY41,HDAC8,W141Q,0.403
Q9BY41,HDAC8,W141P,0.231
Q9BY41,HDAC8,W141N,0.245
Q9BY41,HDAC8,W141Y,0.607
Q9BY41,HDAC8,W141L,0.538
Q9BY41,HDAC8,W141I,0.431
Q9BY41,HDAC8,W141H,0.406
Q9BY41,HDAC8,W141G,0.43
Q9BY41,HDAC8,W141F,0.615
Q9BY41,HDAC8,W141E,0.316
Q9BY41,HDAC8,W141D,0.246
Q9BY41,HDAC8,W141C,0.528
Q9BY41,HDAC8,W141A,0.392
Q9BY41,HDAC8,W141K,0.331
Q9BY41,HDAC8,H142P,0.342
Q9BY41,HDAC8,H142Q,0.438
Q9BY41,HDAC8,H142R,0.436
Q9BY41,HDAC8,H142Y,0.593
Q9BY41,HDAC8,H142T,0.34
Q9BY41,HDAC8,H142V,0.344
Q9BY41,HDAC8,H142W,0.36
Q9BY41,HDAC8,H142S,0.371
Q9BY41,HDAC8,H142N,0.485
Q9BY41,HDAC8,H142M,0.378
Q9BY41,HDAC8,H142K,0.344
Q9BY41,HDAC8,H142A,0.328
Q9BY41,HDAC8,H142C,0.366
Q9BY41,HDAC8,H142D,0.371
Q9BY41,HDAC8,H142L,0.401
Q9BY41,HDAC8,H142F,0.502
Q9BY41,HDAC8,H142G,0.326
Q9BY41,HDAC8,H142I,0.364
Q9BY41,HDAC8,H142E,0.368
Q9BY41,HDAC8,H143P,0.368
Q9BY41,HDAC8,H143Y,0.641
Q9BY41,HDAC8,H143W,0.42
Q9BY41,HDAC8,H143V,0.402
Q9BY41,HDAC8,H143T,0.373
Q9BY41,HDAC8,H143S,0.398
Q9BY41,HDAC8,H143R,0.46
Q9BY41,HDAC8,H143Q,0.465
Q9BY41,HDAC8,H143N,0.514
Q9BY41,HDAC8,H143M,0.44
Q9BY41,HDAC8,H143L,0.466
Q9BY41,HDAC8,H143C,0.4
Q9BY41,HDAC8,H143D,0.396
Q9BY41,HDAC8,H143E,0.406
Q9BY41,HDAC8,H143A,0.365
Q9BY41,HDAC8,H143G,0.344
Q9BY41,HDAC8,H143I,0.426
Q9BY41,HDAC8,H143K,0.36
Q9BY41,HDAC8,H143F,0.562
Q9BY41,HDAC8,A144N,0.332
Q9BY41,HDAC8,A144W,0.247
Q9BY41,HDAC8,A144V,0.572
Q9BY41,HDAC8,A144T,0.518
Q9BY41,HDAC8,A144S,0.536
Q9BY41,HDAC8,A144R,0.338
Q9BY41,HDAC8,A144Q,0.358
Q9BY41,HDAC8,A144P,0.398
Q9BY41,HDAC8,A144M,0.507
Q9BY41,HDAC8,A144Y,0.365
Q9BY41,HDAC8,A144K,0.321
Q9BY41,HDAC8,A144C,0.558
Q9BY41,HDAC8,A144D,0.316
Q9BY41,HDAC8,A144E,0.362
Q9BY41,HDAC8,A144L,0.509
Q9BY41,HDAC8,A144G,0.522
Q9BY41,HDAC8,A144H,0.342
Q9BY41,HDAC8,A144I,0.508
Q9BY41,HDAC8,A144F,0.429
Q9BY41,HDAC8,K145N,0.548
Q9BY41,HDAC8,K145W,0.519
Q9BY41,HDAC8,K145V,0.528
Q9BY41,HDAC8,K145T,0.533
Q9BY41,HDAC8,K145S,0.474
Q9BY41,HDAC8,K145R,0.686
Q9BY41,HDAC8,K145Q,0.61
Q9BY41,HDAC8,K145P,0.354
Q9BY41,HDAC8,K145M,0.574
Q9BY41,HDAC8,K145Y,0.487
Q9BY41,HDAC8,K145I,0.495
Q9BY41,HDAC8,K145A,0.491
Q9BY41,HDAC8,K145C,0.526
Q9BY41,HDAC8,K145D,0.396
Q9BY41,HDAC8,K145L,0.544
Q9BY41,HDAC8,K145F,0.442
Q9BY41,HDAC8,K145G,0.378
Q9BY41,HDAC8,K145H,0.518
Q9BY41,HDAC8,K145E,0.531
Q9BY41,HDAC8,K146N,0.592
Q9BY41,HDAC8,K146W,0.434
Q9BY41,HDAC8,K146V,0.511
Q9BY41,HDAC8,K146T,0.556
Q9BY41,HDAC8,K146S,0.558
Q9BY41,HDAC8,K146R,0.662
Q9BY41,HDAC8,K146Q,0.62
Q9BY41,HDAC8,K146P,0.502
Q9BY41,HDAC8,K146Y,0.452
Q9BY41,HDAC8,K146M,0.58
Q9BY41,HDAC8,K146I,0.489
Q9BY41,HDAC8,K146H,0.53
Q9BY41,HDAC8,K146G,0.477
Q9BY41,HDAC8,K146F,0.438
Q9BY41,HDAC8,K146E,0.61
Q9BY41,HDAC8,K146D,0.496
Q9BY41,HDAC8,K146C,0.419
Q9BY41,HDAC8,K146A,0.528
Q9BY41,HDAC8,K146L,0.507
Q9BY41,HDAC8,D147P,0.535
Q9BY41,HDAC8,D147Q,0.596
Q9BY41,HDAC8,D147R,0.498
Q9BY41,HDAC8,D147N,0.688
Q9BY41,HDAC8,D147T,0.57
Q9BY41,HDAC8,D147V,0.513
Q9BY41,HDAC8,D147W,0.399
Q9BY41,HDAC8,D147S,0.616
Q9BY41,HDAC8,D147M,0.496
Q9BY41,HDAC8,D147Y,0.532
Q9BY41,HDAC8,D147K,0.562
Q9BY41,HDAC8,D147A,0.564
Q9BY41,HDAC8,D147C,0.477
Q9BY41,HDAC8,D147E,0.724
Q9BY41,HDAC8,D147L,0.45
Q9BY41,HDAC8,D147G,0.615
Q9BY41,HDAC8,D147H,0.578
Q9BY41,HDAC8,D147I,0.49
Q9BY41,HDAC8,D147F,0.5
Q9BY41,HDAC8,E148W,0.428
Q9BY41,HDAC8,E148V,0.555
Q9BY41,HDAC8,E148T,0.538
Q9BY41,HDAC8,E148S,0.552
Q9BY41,HDAC8,E148R,0.541
Q9BY41,HDAC8,E148Q,0.671
Q9BY41,HDAC8,E148P,0.518
Q9BY41,HDAC8,E148N,0.564
Q9BY41,HDAC8,E148M,0.518
Q9BY41,HDAC8,E148Y,0.477
Q9BY41,HDAC8,E148K,0.619
Q9BY41,HDAC8,E148A,0.574
Q9BY41,HDAC8,E148C,0.417
Q9BY41,HDAC8,E148D,0.688
Q9BY41,HDAC8,E148L,0.492
Q9BY41,HDAC8,E148G,0.538
Q9BY41,HDAC8,E148H,0.558
Q9BY41,HDAC8,E148I,0.501
Q9BY41,HDAC8,E148F,0.458
Q9BY41,HDAC8,A149N,0.388
Q9BY41,HDAC8,A149W,0.318
Q9BY41,HDAC8,A149V,0.63
Q9BY41,HDAC8,A149T,0.562
Q9BY41,HDAC8,A149S,0.58
Q9BY41,HDAC8,A149R,0.388
Q9BY41,HDAC8,A149Q,0.406
Q9BY41,HDAC8,A149P,0.444
Q9BY41,HDAC8,A149Y,0.44
Q9BY41,HDAC8,A149M,0.567
Q9BY41,HDAC8,A149K,0.367
Q9BY41,HDAC8,A149L,0.574
Q9BY41,HDAC8,A149C,0.61
Q9BY41,HDAC8,A149D,0.37
Q9BY41,HDAC8,A149E,0.406
Q9BY41,HDAC8,A149G,0.568
Q9BY41,HDAC8,A149H,0.399
Q9BY41,HDAC8,A149I,0.573
Q9BY41,HDAC8,A149F,0.508
Q9BY41,HDAC8,S150Y,0.516
Q9BY41,HDAC8,S150W,0.476
Q9BY41,HDAC8,S150V,0.515
Q9BY41,HDAC8,S150T,0.619
Q9BY41,HDAC8,S150R,0.452
Q9BY41,HDAC8,S150Q,0.464
Q9BY41,HDAC8,S150P,0.462
Q9BY41,HDAC8,S150N,0.556
Q9BY41,HDAC8,S150M,0.591
Q9BY41,HDAC8,S150L,0.567
Q9BY41,HDAC8,S150I,0.547
Q9BY41,HDAC8,S150A,0.643
Q9BY41,HDAC8,S150C,0.648
Q9BY41,HDAC8,S150D,0.448
Q9BY41,HDAC8,S150K,0.411
Q9BY41,HDAC8,S150F,0.54
Q9BY41,HDAC8,S150G,0.554
Q9BY41,HDAC8,S150H,0.506
Q9BY41,HDAC8,S150E,0.406
Q9BY41,HDAC8,G151N,0.603
Q9BY41,HDAC8,G151W,0.541
Q9BY41,HDAC8,G151V,0.553
Q9BY41,HDAC8,G151T,0.522
Q9BY41,HDAC8,G151S,0.63
Q9BY41,HDAC8,G151R,0.534
Q9BY41,HDAC8,G151Q,0.503
Q9BY41,HDAC8,G151P,0.49
Q9BY41,HDAC8,G151M,0.467
Q9BY41,HDAC8,G151Y,0.464
Q9BY41,HDAC8,G151K,0.489
Q9BY41,HDAC8,G151A,0.626
Q9BY41,HDAC8,G151C,0.552
Q9BY41,HDAC8,G151D,0.567
Q9BY41,HDAC8,G151L,0.47
Q9BY41,HDAC8,G151F,0.53
Q9BY41,HDAC8,G151H,0.518
Q9BY41,HDAC8,G151I,0.482
Q9BY41,HDAC8,G151E,0.524
Q9BY41,HDAC8,F152N,0.536
Q9BY41,HDAC8,F152W,0.656
Q9BY41,HDAC8,F152V,0.648
Q9BY41,HDAC8,F152T,0.601
Q9BY41,HDAC8,F152S,0.61
Q9BY41,HDAC8,F152R,0.553
Q9BY41,HDAC8,F152Q,0.568
Q9BY41,HDAC8,F152P,0.512
Q9BY41,HDAC8,F152Y,0.799
Q9BY41,HDAC8,F152M,0.656
Q9BY41,HDAC8,F152K,0.536
Q9BY41,HDAC8,F152I,0.684
Q9BY41,HDAC8,F152H,0.627
Q9BY41,HDAC8,F152G,0.518
Q9BY41,HDAC8,F152E,0.526
Q9BY41,HDAC8,F152D,0.566
Q9BY41,HDAC8,F152C,0.611
Q9BY41,HDAC8,F152A,0.597
Q9BY41,HDAC8,F152L,0.709
Q9BY41,HDAC8,C153P,0.164
Q9BY41,HDAC8,C153Q,0.248
Q9BY41,HDAC8,C153R,0.236
Q9BY41,HDAC8,C153N,0.26
Q9BY41,HDAC8,C153T,0.362
Q9BY41,HDAC8,C153V,0.43
Q9BY41,HDAC8,C153W,0.333
Q9BY41,HDAC8,C153S,0.378
Q9BY41,HDAC8,C153M,0.442
Q9BY41,HDAC8,C153Y,0.339
Q9BY41,HDAC8,C153K,0.186
Q9BY41,HDAC8,C153A,0.443
Q9BY41,HDAC8,C153D,0.228
Q9BY41,HDAC8,C153E,0.094
Q9BY41,HDAC8,C153L,0.423
Q9BY41,HDAC8,C153G,0.281
Q9BY41,HDAC8,C153H,0.281
Q9BY41,HDAC8,C153I,0.395
Q9BY41,HDAC8,C153F,0.375
Q9BY41,HDAC8,Y154W,0.615
Q9BY41,HDAC8,Y154V,0.571
Q9BY41,HDAC8,Y154T,0.511
Q9BY41,HDAC8,Y154S,0.517
Q9BY41,HDAC8,Y154R,0.461
Q9BY41,HDAC8,Y154Q,0.542
Q9BY41,HDAC8,Y154P,0.474
Q9BY41,HDAC8,Y154M,0.59
Q9BY41,HDAC8,Y154L,0.618
Q9BY41,HDAC8,Y154N,0.5
Q9BY41,HDAC8,Y154I,0.581
Q9BY41,HDAC8,Y154K,0.45
Q9BY41,HDAC8,Y154C,0.6
Q9BY41,HDAC8,Y154D,0.461
Q9BY41,HDAC8,Y154E,0.466
Q9BY41,HDAC8,Y154A,0.52
Q9BY41,HDAC8,Y154G,0.432
Q9BY41,HDAC8,Y154H,0.686
Q9BY41,HDAC8,Y154F,0.788
Q9BY41,HDAC8,L155P,0.424
Q9BY41,HDAC8,L155W,0.485
Q9BY41,HDAC8,L155Y,0.479
Q9BY41,HDAC8,L155V,0.649
Q9BY41,HDAC8,L155T,0.481
Q9BY41,HDAC8,L155S,0.447
Q9BY41,HDAC8,L155R,0.434
Q9BY41,HDAC8,L155Q,0.461
Q9BY41,HDAC8,L155N,0.384
Q9BY41,HDAC8,L155C,0.518
Q9BY41,HDAC8,L155K,0.398
Q9BY41,HDAC8,L155I,0.676
Q9BY41,HDAC8,L155H,0.432
Q9BY41,HDAC8,L155G,0.336
Q9BY41,HDAC8,L155F,0.612
Q9BY41,HDAC8,L155E,0.35
Q9BY41,HDAC8,L155D,0.305
Q9BY41,HDAC8,L155A,0.485
Q9BY41,HDAC8,L155M,0.7
Q9BY41,HDAC8,N156Q,0.404
Q9BY41,HDAC8,N156R,0.404
Q9BY41,HDAC8,N156S,0.527
Q9BY41,HDAC8,N156Y,0.408
Q9BY41,HDAC8,N156V,0.42
Q9BY41,HDAC8,N156W,0.293
Q9BY41,HDAC8,N156T,0.474
Q9BY41,HDAC8,N156M,0.473
Q9BY41,HDAC8,N156P,0.304
Q9BY41,HDAC8,N156L,0.426
Q9BY41,HDAC8,N156A,0.384
Q9BY41,HDAC8,N156C,0.434
Q9BY41,HDAC8,N156D,0.464
Q9BY41,HDAC8,N156E,0.37
Q9BY41,HDAC8,N156K,0.418
Q9BY41,HDAC8,N156G,0.427
Q9BY41,HDAC8,N156H,0.533
Q9BY41,HDAC8,N156I,0.444
Q9BY41,HDAC8,N156F,0.381
Q9BY41,HDAC8,D157N,0.591
Q9BY41,HDAC8,D157W,0.352
Q9BY41,HDAC8,D157V,0.494
Q9BY41,HDAC8,D157T,0.467
Q9BY41,HDAC8,D157S,0.486
Q9BY41,HDAC8,D157R,0.358
Q9BY41,HDAC8,D157Q,0.499
Q9BY41,HDAC8,D157P,0.315
Q9BY41,HDAC8,D157M,0.418
Q9BY41,HDAC8,D157Y,0.442
Q9BY41,HDAC8,D157K,0.39
Q9BY41,HDAC8,D157A,0.475
Q9BY41,HDAC8,D157C,0.513
Q9BY41,HDAC8,D157E,0.59
Q9BY41,HDAC8,D157L,0.43
Q9BY41,HDAC8,D157G,0.473
Q9BY41,HDAC8,D157H,0.541
Q9BY41,HDAC8,D157I,0.486
Q9BY41,HDAC8,D157F,0.486
Q9BY41,HDAC8,A158N,0.465
Q9BY41,HDAC8,A158W,0.464
Q9BY41,HDAC8,A158V,0.686
Q9BY41,HDAC8,A158T,0.609
Q9BY41,HDAC8,A158S,0.603
Q9BY41,HDAC8,A158R,0.46
Q9BY41,HDAC8,A158Q,0.488
Q9BY41,HDAC8,A158P,0.546
Q9BY41,HDAC8,A158Y,0.51
Q9BY41,HDAC8,A158M,0.62
Q9BY41,HDAC8,A158K,0.455
Q9BY41,HDAC8,A158I,0.624
Q9BY41,HDAC8,A158H,0.454
Q9BY41,HDAC8,A158G,0.574
Q9BY41,HDAC8,A158F,0.579
Q9BY41,HDAC8,A158E,0.496
Q9BY41,HDAC8,A158D,0.456
Q9BY41,HDAC8,A158C,0.609
Q9BY41,HDAC8,A158L,0.638
Q9BY41,HDAC8,V159N,0.098
Q9BY41,HDAC8,V159P,0.149
Q9BY41,HDAC8,V159Q,0.156
Q9BY41,HDAC8,V159Y,0.21
Q9BY41,HDAC8,V159S,0.177
Q9BY41,HDAC8,V159T,0.3
Q9BY41,HDAC8,V159W,0.12
Q9BY41,HDAC8,V159R,0.053
Q9BY41,HDAC8,V159M,0.46
Q9BY41,HDAC8,V159L,0.482
Q9BY41,HDAC8,V159I,0.559
Q9BY41,HDAC8,V159A,0.359
Q9BY41,HDAC8,V159C,0.337
Q9BY41,HDAC8,V159D,0.05
Q9BY41,HDAC8,V159K,0.098
Q9BY41,HDAC8,V159F,0.318
Q9BY41,HDAC8,V159G,0.173
Q9BY41,HDAC8,V159H,0.078
Q9BY41,HDAC8,V159E,0.124
Q9BY41,HDAC8,L160W,0.378
Q9BY41,HDAC8,L160V,0.57
Q9BY41,HDAC8,L160T,0.36
Q9BY41,HDAC8,L160S,0.302
Q9BY41,HDAC8,L160R,0.274
Q9BY41,HDAC8,L160Q,0.298
Q9BY41,HDAC8,L160P,0.256
Q9BY41,HDAC8,L160N,0.224
Q9BY41,HDAC8,L160M,0.614
Q9BY41,HDAC8,L160Y,0.388
Q9BY41,HDAC8,L160I,0.614
Q9BY41,HDAC8,L160A,0.38
Q9BY41,HDAC8,L160C,0.446
Q9BY41,HDAC8,L160D,0.092
Q9BY41,HDAC8,L160K,0.25
Q9BY41,HDAC8,L160F,0.552
Q9BY41,HDAC8,L160G,0.19
Q9BY41,HDAC8,L160H,0.266
Q9BY41,HDAC8,L160E,0.157
Q9BY41,HDAC8,G161N,0.462
Q9BY41,HDAC8,G161W,0.425
Q9BY41,HDAC8,G161V,0.497
Q9BY41,HDAC8,G161T,0.432
Q9BY41,HDAC8,G161S,0.552
Q9BY41,HDAC8,G161R,0.393
Q9BY41,HDAC8,G161Q,0.366
Q9BY41,HDAC8,G161P,0.357
Q9BY41,HDAC8,G161Y,0.318
Q9BY41,HDAC8,G161M,0.491
Q9BY41,HDAC8,G161K,0.338
Q9BY41,HDAC8,G161L,0.436
Q9BY41,HDAC8,G161A,0.638
Q9BY41,HDAC8,G161C,0.519
Q9BY41,HDAC8,G161D,0.394
Q9BY41,HDAC8,G161F,0.432
Q9BY41,HDAC8,G161H,0.34
Q9BY41,HDAC8,G161I,0.448
Q9BY41,HDAC8,G161E,0.382
Q9BY41,HDAC8,I162Y,0.364
Q9BY41,HDAC8,I162W,0.337
Q9BY41,HDAC8,I162V,0.697
Q9BY41,HDAC8,I162T,0.432
Q9BY41,HDAC8,I162S,0.318
Q9BY41,HDAC8,I162R,0.256
Q9BY41,HDAC8,I162Q,0.238
Q9BY41,HDAC8,I162P,0.206
Q9BY41,HDAC8,I162N,0.241
Q9BY41,HDAC8,I162M,0.616
Q9BY41,HDAC8,I162K,0.261
Q9BY41,HDAC8,I162A,0.444
Q9BY41,HDAC8,I162C,0.5
Q9BY41,HDAC8,I162D,0.164
Q9BY41,HDAC8,I162L,0.664
Q9BY41,HDAC8,I162F,0.532
Q9BY41,HDAC8,I162G,0.202
Q9BY41,HDAC8,I162H,0.31
Q9BY41,HDAC8,I162E,0.136
Q9BY41,HDAC8,L163N,0.319
Q9BY41,HDAC8,L163W,0.43
Q9BY41,HDAC8,L163V,0.6
Q9BY41,HDAC8,L163T,0.427
Q9BY41,HDAC8,L163S,0.39
Q9BY41,HDAC8,L163R,0.37
Q9BY41,HDAC8,L163Q,0.392
Q9BY41,HDAC8,L163P,0.347
Q9BY41,HDAC8,L163M,0.646
Q9BY41,HDAC8,L163Y,0.436
Q9BY41,HDAC8,L163I,0.637
Q9BY41,HDAC8,L163A,0.44
Q9BY41,HDAC8,L163C,0.485
Q9BY41,HDAC8,L163D,0.227
Q9BY41,HDAC8,L163K,0.352
Q9BY41,HDAC8,L163F,0.567
Q9BY41,HDAC8,L163G,0.271
Q9BY41,HDAC8,L163H,0.342
Q9BY41,HDAC8,L163E,0.286
Q9BY41,HDAC8,R164M,0.704
Q9BY41,HDAC8,R164W,0.629
Q9BY41,HDAC8,R164V,0.59
Q9BY41,HDAC8,R164T,0.604
Q9BY41,HDAC8,R164S,0.582
Q9BY41,HDAC8,R164Q,0.691
Q9BY41,HDAC8,R164P,0.501
Q9BY41,HDAC8,R164N,0.6
Q9BY41,HDAC8,R164Y,0.568
Q9BY41,HDAC8,R164L,0.672
Q9BY41,HDAC8,R164I,0.609
Q9BY41,HDAC8,R164H,0.704
Q9BY41,HDAC8,R164G,0.572
Q9BY41,HDAC8,R164F,0.554
Q9BY41,HDAC8,R164E,0.538
Q9BY41,HDAC8,R164D,0.466
Q9BY41,HDAC8,R164C,0.628
Q9BY41,HDAC8,R164A,0.592
Q9BY41,HDAC8,R164K,0.714
Q9BY41,HDAC8,L165P,0.224
Q9BY41,HDAC8,L165Q,0.248
Q9BY41,HDAC8,L165R,0.222
Q9BY41,HDAC8,L165N,0.177
Q9BY41,HDAC8,L165T,0.32
Q9BY41,HDAC8,L165V,0.575
Q9BY41,HDAC8,L165W,0.356
Q9BY41,HDAC8,L165S,0.245
Q9BY41,HDAC8,L165M,0.614
Q9BY41,HDAC8,L165Y,0.358
Q9BY41,HDAC8,L165I,0.623
Q9BY41,HDAC8,L165A,0.359
Q9BY41,HDAC8,L165C,0.44
Q9BY41,HDAC8,L165D,0.035
Q9BY41,HDAC8,L165K,0.188
Q9BY41,HDAC8,L165F,0.552
Q9BY41,HDAC8,L165G,0.142
Q9BY41,HDAC8,L165H,0.223
Q9BY41,HDAC8,L165E,0.094
Q9BY41,HDAC8,R166Y,0.511
Q9BY41,HDAC8,R166W,0.54
Q9BY41,HDAC8,R166V,0.525
Q9BY41,HDAC8,R166T,0.564
Q9BY41,HDAC8,R166S,0.549
Q9BY41,HDAC8,R166Q,0.661
Q9BY41,HDAC8,R166P,0.422
Q9BY41,HDAC8,R166M,0.64
Q9BY41,HDAC8,R166L,0.594
Q9BY41,HDAC8,R166N,0.569
Q9BY41,HDAC8,R166I,0.528
Q9BY41,HDAC8,R166K,0.686
Q9BY41,HDAC8,R166C,0.544
Q9BY41,HDAC8,R166D,0.437
Q9BY41,HDAC8,R166E,0.513
Q9BY41,HDAC8,R166A,0.552
Q9BY41,HDAC8,R166G,0.522
Q9BY41,HDAC8,R166H,0.663
Q9BY41,HDAC8,R166F,0.47
Q9BY41,HDAC8,R167N,0.822
Q9BY41,HDAC8,R167Y,0.74
Q9BY41,HDAC8,R167W,0.748
Q9BY41,HDAC8,R167V,0.71
Q9BY41,HDAC8,R167T,0.792
Q9BY41,HDAC8,R167S,0.79
Q9BY41,HDAC8,R167Q,0.888
Q9BY41,HDAC8,R167P,0.742
Q9BY41,HDAC8,R167M,0.792
Q9BY41,HDAC8,R167D,0.696
Q9BY41,HDAC8,R167K,0.92
Q9BY41,HDAC8,R167L,0.761
Q9BY41,HDAC8,R167C,0.764
Q9BY41,HDAC8,R167E,0.794
Q9BY41,HDAC8,R167A,0.745
Q9BY41,HDAC8,R167G,0.768
Q9BY41,HDAC8,R167H,0.858
Q9BY41,HDAC8,R167I,0.715
Q9BY41,HDAC8,R167F,0.661
Q9BY41,HDAC8,K168N,0.74
Q9BY41,HDAC8,K168W,0.563
Q9BY41,HDAC8,K168V,0.649
Q9BY41,HDAC8,K168T,0.702
Q9BY41,HDAC8,K168S,0.704
Q9BY41,HDAC8,K168R,0.815
Q9BY41,HDAC8,K168Q,0.772
Q9BY41,HDAC8,K168Y,0.598
Q9BY41,HDAC8,K168M,0.718
Q9BY41,HDAC8,K168P,0.649
Q9BY41,HDAC8,K168I,0.617
Q9BY41,HDAC8,K168A,0.672
Q9BY41,HDAC8,K168C,0.558
Q9BY41,HDAC8,K168D,0.646
Q9BY41,HDAC8,K168L,0.643
Q9BY41,HDAC8,K168F,0.576
Q9BY41,HDAC8,K168G,0.62
Q9BY41,HDAC8,K168H,0.676
Q9BY41,HDAC8,K168E,0.762
Q9BY41,HDAC8,F169N,0.402
Q9BY41,HDAC8,F169W,0.624
Q9BY41,HDAC8,F169V,0.598
Q9BY41,HDAC8,F169T,0.464
Q9BY41,HDAC8,F169S,0.5
Q9BY41,HDAC8,F169R,0.381
Q9BY41,HDAC8,F169Q,0.383
Q9BY41,HDAC8,F169P,0.322
Q9BY41,HDAC8,F169M,0.614
Q9BY41,HDAC8,F169Y,0.721
Q9BY41,HDAC8,F169K,0.362
Q9BY41,HDAC8,F169A,0.472
Q9BY41,HDAC8,F169C,0.574
Q9BY41,HDAC8,F169D,0.364
Q9BY41,HDAC8,F169L,0.664
Q9BY41,HDAC8,F169G,0.384
Q9BY41,HDAC8,F169H,0.533
Q9BY41,HDAC8,F169I,0.632
Q9BY41,HDAC8,F169E,0.305
Q9BY41,HDAC8,E170N,0.796
Q9BY41,HDAC8,E170W,0.651
Q9BY41,HDAC8,E170V,0.764
Q9BY41,HDAC8,E170T,0.762
Q9BY41,HDAC8,E170S,0.78
Q9BY41,HDAC8,E170R,0.779
Q9BY41,HDAC8,E170Q,0.906
Q9BY41,HDAC8,E170P,0.744
Q9BY41,HDAC8,E170Y,0.702
Q9BY41,HDAC8,E170L,0.696
Q9BY41,HDAC8,E170K,0.858
Q9BY41,HDAC8,E170I,0.712
Q9BY41,HDAC8,E170H,0.788
Q9BY41,HDAC8,E170G,0.758
Q9BY41,HDAC8,E170F,0.666
Q9BY41,HDAC8,E170D,0.922
Q9BY41,HDAC8,E170C,0.628
Q9BY41,HDAC8,E170A,0.794
Q9BY41,HDAC8,E170M,0.731
Q9BY41,HDAC8,R171P,0.376
Q9BY41,HDAC8,R171Q,0.622
Q9BY41,HDAC8,R171S,0.508
Q9BY41,HDAC8,R171Y,0.453
Q9BY41,HDAC8,R171V,0.458
Q9BY41,HDAC8,R171W,0.476
Q9BY41,HDAC8,R171T,0.522
Q9BY41,HDAC8,R171M,0.596
Q9BY41,HDAC8,R171N,0.533
Q9BY41,HDAC8,R171L,0.532
Q9BY41,HDAC8,R171A,0.51
Q9BY41,HDAC8,R171C,0.479
Q9BY41,HDAC8,R171D,0.402
Q9BY41,HDAC8,R171E,0.475
Q9BY41,HDAC8,R171K,0.649
Q9BY41,HDAC8,R171G,0.464
Q9BY41,HDAC8,R171H,0.618
Q9BY41,HDAC8,R171I,0.459
Q9BY41,HDAC8,R171F,0.416
Q9BY41,HDAC8,I172W,0.464
Q9BY41,HDAC8,I172V,0.806
Q9BY41,HDAC8,I172T,0.578
Q9BY41,HDAC8,I172S,0.467
Q9BY41,HDAC8,I172R,0.427
Q9BY41,HDAC8,I172Q,0.399
Q9BY41,HDAC8,I172P,0.374
Q9BY41,HDAC8,I172N,0.435
Q9BY41,HDAC8,I172M,0.726
Q9BY41,HDAC8,I172Y,0.497
Q9BY41,HDAC8,I172K,0.431
Q9BY41,HDAC8,I172A,0.57
Q9BY41,HDAC8,I172C,0.614
Q9BY41,HDAC8,I172D,0.347
Q9BY41,HDAC8,I172L,0.762
Q9BY41,HDAC8,I172F,0.633
Q9BY41,HDAC8,I172G,0.364
Q9BY41,HDAC8,I172H,0.452
Q9BY41,HDAC8,I172E,0.362
Q9BY41,HDAC8,L173N,0.304
Q9BY41,HDAC8,L173W,0.471
Q9BY41,HDAC8,L173V,0.645
Q9BY41,HDAC8,L173T,0.438
Q9BY41,HDAC8,L173S,0.367
Q9BY41,HDAC8,L173R,0.35
Q9BY41,HDAC8,L173Q,0.361
Q9BY41,HDAC8,L173P,0.318
Q9BY41,HDAC8,L173Y,0.467
Q9BY41,HDAC8,L173M,0.688
Q9BY41,HDAC8,L173I,0.69
Q9BY41,HDAC8,L173K,0.332
Q9BY41,HDAC8,L173A,0.46
Q9BY41,HDAC8,L173C,0.522
Q9BY41,HDAC8,L173D,0.189
Q9BY41,HDAC8,L173F,0.628
Q9BY41,HDAC8,L173G,0.268
Q9BY41,HDAC8,L173H,0.32
Q9BY41,HDAC8,L173E,0.246
Q9BY41,HDAC8,Y174W,0.661
Q9BY41,HDAC8,Y174V,0.563
Q9BY41,HDAC8,Y174T,0.427
Q9BY41,HDAC8,Y174S,0.418
Q9BY41,HDAC8,Y174R,0.437
Q9BY41,HDAC8,Y174Q,0.474
Q9BY41,HDAC8,Y174P,0.287
Q9BY41,HDAC8,Y174N,0.432
Q9BY41,HDAC8,Y174M,0.555
Q9BY41,HDAC8,Y174K,0.374
Q9BY41,HDAC8,Y174I,0.571
Q9BY41,HDAC8,Y174A,0.442
Q9BY41,HDAC8,Y174C,0.556
Q9BY41,HDAC8,Y174D,0.3
Q9BY41,HDAC8,Y174L,0.621
Q9BY41,HDAC8,Y174F,0.795
Q9BY41,HDAC8,Y174G,0.406
Q9BY41,HDAC8,Y174H,0.639
Q9BY41,HDAC8,Y174E,0.352
Q9BY41,HDAC8,V175M,0.747
Q9BY41,HDAC8,V175W,0.473
Q9BY41,HDAC8,V175T,0.586
Q9BY41,HDAC8,V175S,0.452
Q9BY41,HDAC8,V175R,0.37
Q9BY41,HDAC8,V175Q,0.446
Q9BY41,HDAC8,V175P,0.414
Q9BY41,HDAC8,V175N,0.385
Q9BY41,HDAC8,V175L,0.764
Q9BY41,HDAC8,V175Y,0.534
Q9BY41,HDAC8,V175I,0.841
Q9BY41,HDAC8,V175A,0.648
Q9BY41,HDAC8,V175C,0.63
Q9BY41,HDAC8,V175D,0.372
Q9BY41,HDAC8,V175K,0.39
Q9BY41,HDAC8,V175F,0.65
Q9BY41,HDAC8,V175G,0.45
Q9BY41,HDAC8,V175H,0.403
Q9BY41,HDAC8,V175E,0.432
Q9BY41,HDAC8,D176N,0.549
Q9BY41,HDAC8,D176W,0.273
Q9BY41,HDAC8,D176V,0.41
Q9BY41,HDAC8,D176T,0.418
Q9BY41,HDAC8,D176S,0.441
Q9BY41,HDAC8,D176R,0.302
Q9BY41,HDAC8,D176Q,0.45
Q9BY41,HDAC8,D176P,0.265
Q9BY41,HDAC8,D176Y,0.376
Q9BY41,HDAC8,D176M,0.339
Q9BY41,HDAC8,D176K,0.347
Q9BY41,HDAC8,D176I,0.402
Q9BY41,HDAC8,D176H,0.482
Q9BY41,HDAC8,D176G,0.414
Q9BY41,HDAC8,D176F,0.403
Q9BY41,HDAC8,D176E,0.55
Q9BY41,HDAC8,D176C,0.438
Q9BY41,HDAC8,D176A,0.403
Q9BY41,HDAC8,D176L,0.342
Q9BY41,HDAC8,L177P,0.511
Q9BY41,HDAC8,L177Q,0.519
Q9BY41,HDAC8,L177R,0.48
Q9BY41,HDAC8,L177Y,0.544
Q9BY41,HDAC8,L177T,0.522
Q9BY41,HDAC8,L177V,0.695
Q9BY41,HDAC8,L177W,0.532
Q9BY41,HDAC8,L177S,0.494
Q9BY41,HDAC8,L177N,0.412
Q9BY41,HDAC8,L177M,0.75
Q9BY41,HDAC8,L177I,0.734
Q9BY41,HDAC8,L177A,0.526
Q9BY41,HDAC8,L177C,0.538
Q9BY41,HDAC8,L177D,0.354
Q9BY41,HDAC8,L177K,0.43
Q9BY41,HDAC8,L177F,0.683
Q9BY41,HDAC8,L177G,0.37
Q9BY41,HDAC8,L177H,0.49
Q9BY41,HDAC8,L177E,0.402
Q9BY41,HDAC8,D178Y,0.382
Q9BY41,HDAC8,D178W,0.302
Q9BY41,HDAC8,D178V,0.42
Q9BY41,HDAC8,D178T,0.41
Q9BY41,HDAC8,D178S,0.43
Q9BY41,HDAC8,D178R,0.308
Q9BY41,HDAC8,D178Q,0.437
Q9BY41,HDAC8,D178N,0.538
Q9BY41,HDAC8,D178M,0.352
Q9BY41,HDAC8,D178P,0.269
Q9BY41,HDAC8,D178K,0.344
Q9BY41,HDAC8,D178L,0.364
Q9BY41,HDAC8,D178C,0.449
Q9BY41,HDAC8,D178E,0.53
Q9BY41,HDAC8,D178F,0.426
Q9BY41,HDAC8,D178A,0.402
Q9BY41,HDAC8,D178H,0.488
Q9BY41,HDAC8,D178I,0.421
Q9BY41,HDAC8,D178G,0.43
Q9BY41,HDAC8,L179P,0.273
Q9BY41,HDAC8,L179W,0.382
Q9BY41,HDAC8,L179Y,0.4
Q9BY41,HDAC8,L179V,0.567
Q9BY41,HDAC8,L179T,0.378
Q9BY41,HDAC8,L179S,0.318
Q9BY41,HDAC8,L179R,0.292
Q9BY41,HDAC8,L179Q,0.315
Q9BY41,HDAC8,L179N,0.244
Q9BY41,HDAC8,L179C,0.448
Q9BY41,HDAC8,L179K,0.272
Q9BY41,HDAC8,L179I,0.609
Q9BY41,HDAC8,L179H,0.282
Q9BY41,HDAC8,L179G,0.203
Q9BY41,HDAC8,L179F,0.548
Q9BY41,HDAC8,L179E,0.21
Q9BY41,HDAC8,L179D,0.144
Q9BY41,HDAC8,L179A,0.391
Q9BY41,HDAC8,L179M,0.614
Q9BY41,HDAC8,H180Q,0.512
Q9BY41,HDAC8,H180R,0.515
Q9BY41,HDAC8,H180S,0.448
Q9BY41,HDAC8,H180Y,0.685
Q9BY41,HDAC8,H180V,0.44
Q9BY41,HDAC8,H180W,0.466
Q9BY41,HDAC8,H180T,0.424
Q9BY41,HDAC8,H180N,0.567
Q9BY41,HDAC8,H180P,0.416
Q9BY41,HDAC8,H180M,0.48
Q9BY41,HDAC8,H180A,0.41
Q9BY41,HDAC8,H180C,0.438
Q9BY41,HDAC8,H180D,0.44
Q9BY41,HDAC8,H180E,0.465
Q9BY41,HDAC8,H180L,0.502
Q9BY41,HDAC8,H180G,0.38
Q9BY41,HDAC8,H180I,0.468
Q9BY41,HDAC8,H180K,0.408
Q9BY41,HDAC8,H180F,0.592
Q9BY41,HDAC8,H181N,0.524
Q9BY41,HDAC8,H181W,0.384
Q9BY41,HDAC8,H181V,0.382
Q9BY41,HDAC8,H181T,0.364
Q9BY41,HDAC8,H181S,0.402
Q9BY41,HDAC8,H181R,0.442
Q9BY41,HDAC8,H181Q,0.444
Q9BY41,HDAC8,H181P,0.344
Q9BY41,HDAC8,H181M,0.418
Q9BY41,HDAC8,H181Y,0.64
Q9BY41,HDAC8,H181K,0.342
Q9BY41,HDAC8,H181A,0.357
Q9BY41,HDAC8,H181C,0.376
Q9BY41,HDAC8,H181D,0.378
Q9BY41,HDAC8,H181L,0.445
Q9BY41,HDAC8,H181F,0.534
Q9BY41,HDAC8,H181G,0.332
Q9BY41,HDAC8,H181I,0.396
Q9BY41,HDAC8,H181E,0.416
Q9BY41,HDAC8,G182N,0.482
Q9BY41,HDAC8,G182W,0.457
Q9BY41,HDAC8,G182V,0.498
Q9BY41,HDAC8,G182T,0.453
Q9BY41,HDAC8,G182S,0.566
Q9BY41,HDAC8,G182R,0.434
Q9BY41,HDAC8,G182Q,0.394
Q9BY41,HDAC8,G182P,0.368
Q9BY41,HDAC8,G182Y,0.332
Q9BY41,HDAC8,G182M,0.512
Q9BY41,HDAC8,G182K,0.372
Q9BY41,HDAC8,G182I,0.444
Q9BY41,HDAC8,G182H,0.38
Q9BY41,HDAC8,G182F,0.43
Q9BY41,HDAC8,G182E,0.42
Q9BY41,HDAC8,G182D,0.442
Q9BY41,HDAC8,G182C,0.534
Q9BY41,HDAC8,G182A,0.635
Q9BY41,HDAC8,G182L,0.45
Q9BY41,HDAC8,D183P,0.292
Q9BY41,HDAC8,D183Q,0.479
Q9BY41,HDAC8,D183R,0.33
Q9BY41,HDAC8,D183Y,0.431
Q9BY41,HDAC8,D183T,0.446
Q9BY41,HDAC8,D183V,0.456
Q9BY41,HDAC8,D183W,0.322
Q9BY41,HDAC8,D183S,0.468
Q9BY41,HDAC8,D183N,0.576
Q9BY41,HDAC8,D183M,0.386
Q9BY41,HDAC8,D183K,0.37
Q9BY41,HDAC8,D183A,0.441
Q9BY41,HDAC8,D183C,0.482
Q9BY41,HDAC8,D183E,0.583
Q9BY41,HDAC8,D183L,0.394
Q9BY41,HDAC8,D183G,0.446
Q9BY41,HDAC8,D183H,0.526
Q9BY41,HDAC8,D183I,0.446
Q9BY41,HDAC8,D183F,0.45
Q9BY41,HDAC8,G184W,0.364
Q9BY41,HDAC8,G184V,0.416
Q9BY41,HDAC8,G184T,0.395
Q9BY41,HDAC8,G184S,0.525
Q9BY41,HDAC8,G184R,0.373
Q9BY41,HDAC8,G184Q,0.328
Q9BY41,HDAC8,G184P,0.318
Q9BY41,HDAC8,G184N,0.444
Q9BY41,HDAC8,G184M,0.412
Q9BY41,HDAC8,G184Y,0.258
Q9BY41,HDAC8,G184K,0.318
Q9BY41,HDAC8,G184A,0.593
Q9BY41,HDAC8,G184C,0.45
Q9BY41,HDAC8,G184D,0.381
Q9BY41,HDAC8,G184L,0.348
Q9BY41,HDAC8,G184F,0.348
Q9BY41,HDAC8,G184H,0.306
Q9BY41,HDAC8,G184I,0.364
Q9BY41,HDAC8,G184E,0.366
Q9BY41,HDAC8,V185M,0.571
Q9BY41,HDAC8,V185W,0.238
Q9BY41,HDAC8,V185T,0.406
Q9BY41,HDAC8,V185S,0.256
Q9BY41,HDAC8,V185R,0.138
Q9BY41,HDAC8,V185Q,0.238
Q9BY41,HDAC8,V185P,0.224
Q9BY41,HDAC8,V185N,0.194
Q9BY41,HDAC8,V185Y,0.326
Q9BY41,HDAC8,V185L,0.592
Q9BY41,HDAC8,V185I,0.662
Q9BY41,HDAC8,V185K,0.195
Q9BY41,HDAC8,V185A,0.464
Q9BY41,HDAC8,V185C,0.452
Q9BY41,HDAC8,V185D,0.161
Q9BY41,HDAC8,V185F,0.454
Q9BY41,HDAC8,V185G,0.248
Q9BY41,HDAC8,V185H,0.197
Q9BY41,HDAC8,V185E,0.229
Q9BY41,HDAC8,E186Y,0.559
Q9BY41,HDAC8,E186W,0.473
Q9BY41,HDAC8,E186V,0.58
Q9BY41,HDAC8,E186T,0.512
Q9BY41,HDAC8,E186S,0.522
Q9BY41,HDAC8,E186R,0.56
Q9BY41,HDAC8,E186Q,0.691
Q9BY41,HDAC8,E186P,0.414
Q9BY41,HDAC8,E186N,0.527
Q9BY41,HDAC8,E186M,0.605
Q9BY41,HDAC8,E186K,0.584
Q9BY41,HDAC8,E186A,0.585
Q9BY41,HDAC8,E186C,0.5
Q9BY41,HDAC8,E186D,0.673
Q9BY41,HDAC8,E186L,0.53
Q9BY41,HDAC8,E186G,0.523
Q9BY41,HDAC8,E186H,0.564
Q9BY41,HDAC8,E186I,0.526
Q9BY41,HDAC8,E186F,0.498
Q9BY41,HDAC8,D187N,0.74
Q9BY41,HDAC8,D187W,0.476
Q9BY41,HDAC8,D187V,0.588
Q9BY41,HDAC8,D187T,0.627
Q9BY41,HDAC8,D187S,0.668
Q9BY41,HDAC8,D187R,0.548
Q9BY41,HDAC8,D187Q,0.647
Q9BY41,HDAC8,D187P,0.586
Q9BY41,HDAC8,D187M,0.571
Q9BY41,HDAC8,D187Y,0.605
Q9BY41,HDAC8,D187K,0.604
Q9BY41,HDAC8,D187A,0.621
Q9BY41,HDAC8,D187C,0.547
Q9BY41,HDAC8,D187E,0.774
Q9BY41,HDAC8,D187L,0.538
Q9BY41,HDAC8,D187G,0.672
Q9BY41,HDAC8,D187H,0.637
Q9BY41,HDAC8,D187I,0.572
Q9BY41,HDAC8,D187F,0.588
Q9BY41,HDAC8,A188N,0.599
Q9BY41,HDAC8,A188W,0.57
Q9BY41,HDAC8,A188V,0.764
Q9BY41,HDAC8,A188T,0.73
Q9BY41,HDAC8,A188S,0.735
Q9BY41,HDAC8,A188R,0.592
Q9BY41,HDAC8,A188Q,0.621
Q9BY41,HDAC8,A188P,0.672
Q9BY41,HDAC8,A188Y,0.607
Q9BY41,HDAC8,A188M,0.698
Q9BY41,HDAC8,A188K,0.601
Q9BY41,HDAC8,A188I,0.689
Q9BY41,HDAC8,A188H,0.575
Q9BY41,HDAC8,A188G,0.695
Q9BY41,HDAC8,A188F,0.64
Q9BY41,HDAC8,A188E,0.637
Q9BY41,HDAC8,A188D,0.595
Q9BY41,HDAC8,A188C,0.696
Q9BY41,HDAC8,A188L,0.69
Q9BY41,HDAC8,F189Q,0.308
Q9BY41,HDAC8,F189R,0.314
Q9BY41,HDAC8,F189S,0.444
Q9BY41,HDAC8,F189P,0.248
Q9BY41,HDAC8,F189V,0.576
Q9BY41,HDAC8,F189W,0.596
Q9BY41,HDAC8,F189Y,0.688
Q9BY41,HDAC8,F189T,0.416
Q9BY41,HDAC8,F189N,0.348
Q9BY41,HDAC8,F189M,0.589
Q9BY41,HDAC8,F189L,0.653
Q9BY41,HDAC8,F189C,0.546
Q9BY41,HDAC8,F189D,0.282
Q9BY41,HDAC8,F189E,0.232
Q9BY41,HDAC8,F189A,0.432
Q9BY41,HDAC8,F189H,0.49
Q9BY41,HDAC8,F189I,0.616
Q9BY41,HDAC8,F189K,0.289
Q9BY41,HDAC8,F189G,0.336
Q9BY41,HDAC8,S190N,0.765
Q9BY41,HDAC8,S190Y,0.636
Q9BY41,HDAC8,S190W,0.546
Q9BY41,HDAC8,S190V,0.65
Q9BY41,HDAC8,S190T,0.758
Q9BY41,HDAC8,S190R,0.645
Q9BY41,HDAC8,S190Q,0.655
Q9BY41,HDAC8,S190P,0.675
Q9BY41,HDAC8,S190M,0.674
Q9BY41,HDAC8,S190L,0.678
Q9BY41,HDAC8,S190K,0.662
Q9BY41,HDAC8,S190C,0.696
Q9BY41,HDAC8,S190D,0.653
Q9BY41,HDAC8,S190E,0.631
Q9BY41,HDAC8,S190A,0.756
Q9BY41,HDAC8,S190G,0.718
Q9BY41,HDAC8,S190H,0.635
Q9BY41,HDAC8,S190I,0.656
Q9BY41,HDAC8,S190F,0.689
Q9BY41,HDAC8,F191N,0.562
Q9BY41,HDAC8,F191W,0.68
Q9BY41,HDAC8,F191V,0.677
Q9BY41,HDAC8,F191T,0.632
Q9BY41,HDAC8,F191S,0.64
Q9BY41,HDAC8,F191R,0.579
Q9BY41,HDAC8,F191Q,0.595
Q9BY41,HDAC8,F191P,0.544
Q9BY41,HDAC8,F191M,0.683
Q9BY41,HDAC8,F191Y,0.822
Q9BY41,HDAC8,F191K,0.564
Q9BY41,HDAC8,F191A,0.63
Q9BY41,HDAC8,F191C,0.642
Q9BY41,HDAC8,F191D,0.59
Q9BY41,HDAC8,F191L,0.732
Q9BY41,HDAC8,F191G,0.55
Q9BY41,HDAC8,F191H,0.652
Q9BY41,HDAC8,F191I,0.708
Q9BY41,HDAC8,F191E,0.55
Q9BY41,HDAC8,T192M,0.68
Q9BY41,HDAC8,T192W,0.439
Q9BY41,HDAC8,T192V,0.696
Q9BY41,HDAC8,T192S,0.677
Q9BY41,HDAC8,T192R,0.52
Q9BY41,HDAC8,T192Q,0.533
Q9BY41,HDAC8,T192P,0.518
Q9BY41,HDAC8,T192N,0.599
Q9BY41,HDAC8,T192L,0.65
Q9BY41,HDAC8,T192Y,0.546
Q9BY41,HDAC8,T192I,0.68
Q9BY41,HDAC8,T192A,0.692
Q9BY41,HDAC8,T192C,0.657
Q9BY41,HDAC8,T192D,0.489
Q9BY41,HDAC8,T192K,0.536
Q9BY41,HDAC8,T192F,0.578
Q9BY41,HDAC8,T192G,0.512
Q9BY41,HDAC8,T192H,0.48
Q9BY41,HDAC8,T192E,0.479
Q9BY41,HDAC8,S193M,0.578
Q9BY41,HDAC8,S193W,0.463
Q9BY41,HDAC8,S193V,0.552
Q9BY41,HDAC8,S193T,0.672
Q9BY41,HDAC8,S193R,0.555
Q9BY41,HDAC8,S193Q,0.577
Q9BY41,HDAC8,S193P,0.596
Q9BY41,HDAC8,S193N,0.685
Q9BY41,HDAC8,S193Y,0.542
Q9BY41,HDAC8,S193L,0.571
Q9BY41,HDAC8,S193I,0.552
Q9BY41,HDAC8,S193H,0.546
Q9BY41,HDAC8,S193G,0.636
Q9BY41,HDAC8,S193F,0.582
Q9BY41,HDAC8,S193E,0.564
Q9BY41,HDAC8,S193D,0.582
Q9BY41,HDAC8,S193C,0.6
Q9BY41,HDAC8,S193A,0.67
Q9BY41,HDAC8,S193K,0.579
Q9BY41,HDAC8,K194P,0.571
Q9BY41,HDAC8,K194Q,0.69
Q9BY41,HDAC8,K194R,0.735
Q9BY41,HDAC8,K194N,0.663
Q9BY41,HDAC8,K194T,0.628
Q9BY41,HDAC8,K194V,0.584
Q9BY41,HDAC8,K194W,0.502
Q9BY41,HDAC8,K194S,0.629
Q9BY41,HDAC8,K194M,0.653
Q9BY41,HDAC8,K194Y,0.526
Q9BY41,HDAC8,K194I,0.564
Q9BY41,HDAC8,K194A,0.596
Q9BY41,HDAC8,K194C,0.489
Q9BY41,HDAC8,K194D,0.569
Q9BY41,HDAC8,K194L,0.585
Q9BY41,HDAC8,K194F,0.514
Q9BY41,HDAC8,K194G,0.546
Q9BY41,HDAC8,K194H,0.601
Q9BY41,HDAC8,K194E,0.683
Q9BY41,HDAC8,V195W,0.325
Q9BY41,HDAC8,V195T,0.518
Q9BY41,HDAC8,V195S,0.386
Q9BY41,HDAC8,V195R,0.268
Q9BY41,HDAC8,V195Q,0.361
Q9BY41,HDAC8,V195P,0.346
Q9BY41,HDAC8,V195N,0.3
Q9BY41,HDAC8,V195M,0.648
Q9BY41,HDAC8,V195L,0.649
Q9BY41,HDAC8,V195Y,0.42
Q9BY41,HDAC8,V195I,0.728
Q9BY41,HDAC8,V195A,0.568
Q9BY41,HDAC8,V195C,0.537
Q9BY41,HDAC8,V195D,0.284
Q9BY41,HDAC8,V195K,0.319
Q9BY41,HDAC8,V195F,0.516
Q9BY41,HDAC8,V195G,0.357
Q9BY41,HDAC8,V195H,0.297
Q9BY41,HDAC8,V195E,0.348
Q9BY41,HDAC8,M196N,0.228
Q9BY41,HDAC8,M196W,0.358
Q9BY41,HDAC8,M196V,0.562
Q9BY41,HDAC8,M196T,0.375
Q9BY41,HDAC8,M196S,0.275
Q9BY41,HDAC8,M196R,0.258
Q9BY41,HDAC8,M196Q,0.328
Q9BY41,HDAC8,M196P,0.192
Q9BY41,HDAC8,M196Y,0.354
Q9BY41,HDAC8,M196L,0.622
Q9BY41,HDAC8,M196I,0.57
Q9BY41,HDAC8,M196K,0.288
Q9BY41,HDAC8,M196A,0.375
Q9BY41,HDAC8,M196C,0.389
Q9BY41,HDAC8,M196D,0.12
Q9BY41,HDAC8,M196F,0.482
Q9BY41,HDAC8,M196G,0.244
Q9BY41,HDAC8,M196H,0.278
Q9BY41,HDAC8,M196E,0.209
Q9BY41,HDAC8,T197Y,0.476
Q9BY41,HDAC8,T197W,0.368
Q9BY41,HDAC8,T197V,0.627
Q9BY41,HDAC8,T197S,0.612
Q9BY41,HDAC8,T197R,0.464
Q9BY41,HDAC8,T197Q,0.466
Q9BY41,HDAC8,T197P,0.453
Q9BY41,HDAC8,T197N,0.535
Q9BY41,HDAC8,T197M,0.609
Q9BY41,HDAC8,T197L,0.581
Q9BY41,HDAC8,T197I,0.61
Q9BY41,HDAC8,T197A,0.625
Q9BY41,HDAC8,T197C,0.589
Q9BY41,HDAC8,T197D,0.422
Q9BY41,HDAC8,T197K,0.483
Q9BY41,HDAC8,T197F,0.509
Q9BY41,HDAC8,T197G,0.445
Q9BY41,HDAC8,T197H,0.415
Q9BY41,HDAC8,T197E,0.411
Q9BY41,HDAC8,V198M,0.637
Q9BY41,HDAC8,V198W,0.356
Q9BY41,HDAC8,V198T,0.479
Q9BY41,HDAC8,V198S,0.346
Q9BY41,HDAC8,V198R,0.251
Q9BY41,HDAC8,V198Q,0.338
Q9BY41,HDAC8,V198P,0.312
Q9BY41,HDAC8,V198N,0.277
Q9BY41,HDAC8,V198L,0.655
Q9BY41,HDAC8,V198Y,0.426
Q9BY41,HDAC8,V198I,0.733
Q9BY41,HDAC8,V198A,0.54
Q9BY41,HDAC8,V198C,0.522
Q9BY41,HDAC8,V198D,0.261
Q9BY41,HDAC8,V198K,0.292
Q9BY41,HDAC8,V198F,0.542
Q9BY41,HDAC8,V198G,0.344
Q9BY41,HDAC8,V198H,0.294
Q9BY41,HDAC8,V198E,0.33
Q9BY41,HDAC8,S199M,0.559
Q9BY41,HDAC8,S199W,0.422
Q9BY41,HDAC8,S199V,0.486
Q9BY41,HDAC8,S199T,0.618
Q9BY41,HDAC8,S199R,0.448
Q9BY41,HDAC8,S199Q,0.462
Q9BY41,HDAC8,S199P,0.453
Q9BY41,HDAC8,S199N,0.56
Q9BY41,HDAC8,S199Y,0.471
Q9BY41,HDAC8,S199L,0.513
Q9BY41,HDAC8,S199I,0.494
Q9BY41,HDAC8,S199H,0.492
Q9BY41,HDAC8,S199G,0.56
Q9BY41,HDAC8,S199F,0.474
Q9BY41,HDAC8,S199E,0.414
Q9BY41,HDAC8,S199D,0.458
Q9BY41,HDAC8,S199C,0.618
Q9BY41,HDAC8,S199A,0.638
Q9BY41,HDAC8,S199K,0.412
Q9BY41,HDAC8,L200P,0.377
Q9BY41,HDAC8,L200Q,0.418
Q9BY41,HDAC8,L200R,0.392
Q9BY41,HDAC8,L200N,0.337
Q9BY41,HDAC8,L200T,0.452
Q9BY41,HDAC8,L200V,0.662
Q9BY41,HDAC8,L200W,0.494
Q9BY41,HDAC8,L200S,0.404
Q9BY41,HDAC8,L200M,0.704
Q9BY41,HDAC8,L200Y,0.48
Q9BY41,HDAC8,L200I,0.706
Q9BY41,HDAC8,L200A,0.476
Q9BY41,HDAC8,L200C,0.541
Q9BY41,HDAC8,L200D,0.248
Q9BY41,HDAC8,L200K,0.356
Q9BY41,HDAC8,L200F,0.642
Q9BY41,HDAC8,L200G,0.296
Q9BY41,HDAC8,L200H,0.374
Q9BY41,HDAC8,L200E,0.306
Q9BY41,HDAC8,H201Y,0.636
Q9BY41,HDAC8,H201W,0.38
Q9BY41,HDAC8,H201V,0.381
Q9BY41,HDAC8,H201T,0.368
Q9BY41,HDAC8,H201S,0.408
Q9BY41,HDAC8,H201R,0.438
Q9BY41,HDAC8,H201Q,0.452
Q9BY41,HDAC8,H201N,0.53
Q9BY41,HDAC8,H201M,0.416
Q9BY41,HDAC8,H201P,0.356
Q9BY41,HDAC8,H201K,0.344
Q9BY41,HDAC8,H201L,0.432
Q9BY41,HDAC8,H201C,0.377
Q9BY41,HDAC8,H201D,0.386
Q9BY41,HDAC8,H201E,0.429
Q9BY41,HDAC8,H201A,0.366
Q9BY41,HDAC8,H201G,0.34
Q9BY41,HDAC8,H201I,0.39
Q9BY41,HDAC8,H201F,0.529
Q9BY41,HDAC8,K202P,0.388
Q9BY41,HDAC8,K202W,0.574
Q9BY41,HDAC8,K202Y,0.538
Q9BY41,HDAC8,K202V,0.605
Q9BY41,HDAC8,K202T,0.585
Q9BY41,HDAC8,K202S,0.522
Q9BY41,HDAC8,K202R,0.724
Q9BY41,HDAC8,K202Q,0.661
Q9BY41,HDAC8,K202N,0.591
Q9BY41,HDAC8,K202C,0.597
Q9BY41,HDAC8,K202L,0.628
Q9BY41,HDAC8,K202I,0.57
Q9BY41,HDAC8,K202H,0.57
Q9BY41,HDAC8,K202G,0.422
Q9BY41,HDAC8,K202F,0.514
Q9BY41,HDAC8,K202E,0.58
Q9BY41,HDAC8,K202D,0.441
Q9BY41,HDAC8,K202A,0.554
Q9BY41,HDAC8,K202M,0.652
Q9BY41,HDAC8,F203Q,0.359
Q9BY41,HDAC8,F203R,0.376
Q9BY41,HDAC8,F203S,0.493
Q9BY41,HDAC8,F203Y,0.722
Q9BY41,HDAC8,F203V,0.586
Q9BY41,HDAC8,F203W,0.626
Q9BY41,HDAC8,F203T,0.46
Q9BY41,HDAC8,F203N,0.404
Q9BY41,HDAC8,F203P,0.298
Q9BY41,HDAC8,F203M,0.607
Q9BY41,HDAC8,F203A,0.461
Q9BY41,HDAC8,F203C,0.57
Q9BY41,HDAC8,F203D,0.341
Q9BY41,HDAC8,F203E,0.276
Q9BY41,HDAC8,F203L,0.655
Q9BY41,HDAC8,F203H,0.538
Q9BY41,HDAC8,F203I,0.622
Q9BY41,HDAC8,F203K,0.342
Q9BY41,HDAC8,F203G,0.383
Q9BY41,HDAC8,S204M,0.776
Q9BY41,HDAC8,S204W,0.669
Q9BY41,HDAC8,S204V,0.746
Q9BY41,HDAC8,S204T,0.854
Q9BY41,HDAC8,S204R,0.744
Q9BY41,HDAC8,S204Q,0.759
Q9BY41,HDAC8,S204P,0.772
Q9BY41,HDAC8,S204N,0.866
Q9BY41,HDAC8,S204L,0.778
Q9BY41,HDAC8,S204Y,0.744
Q9BY41,HDAC8,S204I,0.758
Q9BY41,HDAC8,S204A,0.85
Q9BY41,HDAC8,S204C,0.792
Q9BY41,HDAC8,S204D,0.758
Q9BY41,HDAC8,S204K,0.756
Q9BY41,HDAC8,S204F,0.794
Q9BY41,HDAC8,S204G,0.811
Q9BY41,HDAC8,S204H,0.736
Q9BY41,HDAC8,S204E,0.739
Q9BY41,HDAC8,P205M,0.757
Q9BY41,HDAC8,P205W,0.626
Q9BY41,HDAC8,P205V,0.756
Q9BY41,HDAC8,P205T,0.823
Q9BY41,HDAC8,P205S,0.833
Q9BY41,HDAC8,P205R,0.766
Q9BY41,HDAC8,P205Q,0.834
Q9BY41,HDAC8,P205N,0.744
Q9BY41,HDAC8,P205Y,0.708
Q9BY41,HDAC8,P205L,0.77
Q9BY41,HDAC8,P205I,0.719
Q9BY41,HDAC8,P205H,0.776
Q9BY41,HDAC8,P205G,0.726
Q9BY41,HDAC8,P205F,0.663
Q9BY41,HDAC8,P205E,0.781
Q9BY41,HDAC8,P205D,0.752
Q9BY41,HDAC8,P205C,0.668
Q9BY41,HDAC8,P205A,0.834
Q9BY41,HDAC8,P205K,0.774
Q9BY41,HDAC8,G206P,0.72
Q9BY41,HDAC8,G206Q,0.746
Q9BY41,HDAC8,G206R,0.781
Q9BY41,HDAC8,G206Y,0.706
Q9BY41,HDAC8,G206T,0.752
Q9BY41,HDAC8,G206V,0.752
Q9BY41,HDAC8,G206W,0.762
Q9BY41,HDAC8,G206S,0.865
Q9BY41,HDAC8,G206N,0.846
Q9BY41,HDAC8,G206M,0.677
Q9BY41,HDAC8,G206K,0.741
Q9BY41,HDAC8,G206A,0.847
Q9BY41,HDAC8,G206C,0.752
Q9BY41,HDAC8,G206D,0.816
Q9BY41,HDAC8,G206L,0.666
Q9BY41,HDAC8,G206F,0.734
Q9BY41,HDAC8,G206H,0.748
Q9BY41,HDAC8,G206I,0.688
Q9BY41,HDAC8,G206E,0.776
Q9BY41,HDAC8,F207W,0.62
Q9BY41,HDAC8,F207V,0.587
Q9BY41,HDAC8,F207T,0.456
Q9BY41,HDAC8,F207S,0.488
Q9BY41,HDAC8,F207R,0.364
Q9BY41,HDAC8,F207Q,0.351
Q9BY41,HDAC8,F207P,0.284
Q9BY41,HDAC8,F207N,0.399
Q9BY41,HDAC8,F207M,0.606
Q9BY41,HDAC8,F207Y,0.72
Q9BY41,HDAC8,F207K,0.333
Q9BY41,HDAC8,F207A,0.458
Q9BY41,HDAC8,F207C,0.566
Q9BY41,HDAC8,F207D,0.332
Q9BY41,HDAC8,F207L,0.658
Q9BY41,HDAC8,F207G,0.376
Q9BY41,HDAC8,F207H,0.532
Q9BY41,HDAC8,F207I,0.624
Q9BY41,HDAC8,F207E,0.278
Q9BY41,HDAC8,F208N,0.488
Q9BY41,HDAC8,F208W,0.626
Q9BY41,HDAC8,F208V,0.61
Q9BY41,HDAC8,F208T,0.558
Q9BY41,HDAC8,F208S,0.564
Q9BY41,HDAC8,F208R,0.508
Q9BY41,HDAC8,F208Q,0.519
Q9BY41,HDAC8,F208P,0.468
Q9BY41,HDAC8,F208Y,0.763
Q9BY41,HDAC8,F208M,0.624
Q9BY41,HDAC8,F208K,0.481
Q9BY41,HDAC8,F208L,0.678
Q9BY41,HDAC8,F208A,0.553
Q9BY41,HDAC8,F208C,0.578
Q9BY41,HDAC8,F208D,0.521
Q9BY41,HDAC8,F208G,0.472
Q9BY41,HDAC8,F208H,0.589
Q9BY41,HDAC8,F208I,0.652
Q9BY41,HDAC8,F208E,0.477
Q9BY41,HDAC8,P209Y,0.529
Q9BY41,HDAC8,P209W,0.451
Q9BY41,HDAC8,P209V,0.595
Q9BY41,HDAC8,P209T,0.636
Q9BY41,HDAC8,P209S,0.64
Q9BY41,HDAC8,P209R,0.564
Q9BY41,HDAC8,P209Q,0.629
Q9BY41,HDAC8,P209N,0.546
Q9BY41,HDAC8,P209M,0.596
Q9BY41,HDAC8,P209L,0.626
Q9BY41,HDAC8,P209I,0.561
Q9BY41,HDAC8,P209A,0.651
Q9BY41,HDAC8,P209C,0.506
Q9BY41,HDAC8,P209D,0.552
Q9BY41,HDAC8,P209K,0.562
Q9BY41,HDAC8,P209F,0.514
Q9BY41,HDAC8,P209G,0.541
Q9BY41,HDAC8,P209H,0.589
Q9BY41,HDAC8,P209E,0.576
Q9BY41,HDAC8,G210N,0.785
Q9BY41,HDAC8,G210W,0.702
Q9BY41,HDAC8,G210V,0.699
Q9BY41,HDAC8,G210T,0.694
Q9BY41,HDAC8,G210S,0.806
Q9BY41,HDAC8,G210R,0.718
Q9BY41,HDAC8,G210Q,0.686
Q9BY41,HDAC8,G210P,0.664
Q9BY41,HDAC8,G210M,0.613
Q9BY41,HDAC8,G210Y,0.645
Q9BY41,HDAC8,G210K,0.68
Q9BY41,HDAC8,G210A,0.792
Q9BY41,HDAC8,G210C,0.692
Q9BY41,HDAC8,G210D,0.752
Q9BY41,HDAC8,G210L,0.602
Q9BY41,HDAC8,G210F,0.677
Q9BY41,HDAC8,G210H,0.688
Q9BY41,HDAC8,G210I,0.624
Q9BY41,HDAC8,G210E,0.713
Q9BY41,HDAC8,T211M,0.647
Q9BY41,HDAC8,T211W,0.47
Q9BY41,HDAC8,T211V,0.649
Q9BY41,HDAC8,T211S,0.677
Q9BY41,HDAC8,T211R,0.58
Q9BY41,HDAC8,T211Q,0.56
Q9BY41,HDAC8,T211P,0.596
Q9BY41,HDAC8,T211N,0.642
Q9BY41,HDAC8,T211Y,0.519
Q9BY41,HDAC8,T211L,0.585
Q9BY41,HDAC8,T211I,0.634
Q9BY41,HDAC8,T211H,0.55
Q9BY41,HDAC8,T211G,0.54
Q9BY41,HDAC8,T211F,0.536
Q9BY41,HDAC8,T211E,0.546
Q9BY41,HDAC8,T211D,0.532
Q9BY41,HDAC8,T211C,0.56
Q9BY41,HDAC8,T211A,0.656
Q9BY41,HDAC8,T211K,0.579
Q9BY41,HDAC8,G212P,0.326
Q9BY41,HDAC8,G212Q,0.344
Q9BY41,HDAC8,G212R,0.406
Q9BY41,HDAC8,G212N,0.449
Q9BY41,HDAC8,G212T,0.408
Q9BY41,HDAC8,G212V,0.472
Q9BY41,HDAC8,G212W,0.416
Q9BY41,HDAC8,G212S,0.543
Q9BY41,HDAC8,G212M,0.442
Q9BY41,HDAC8,G212Y,0.282
Q9BY41,HDAC8,G212K,0.327
Q9BY41,HDAC8,G212A,0.614
Q9BY41,HDAC8,G212C,0.498
Q9BY41,HDAC8,G212D,0.391
Q9BY41,HDAC8,G212L,0.408
Q9BY41,HDAC8,G212F,0.411
Q9BY41,HDAC8,G212H,0.346
Q9BY41,HDAC8,G212I,0.418
Q9BY41,HDAC8,G212E,0.385
Q9BY41,HDAC8,D213Y,0.564
Q9BY41,HDAC8,D213W,0.445
Q9BY41,HDAC8,D213V,0.58
Q9BY41,HDAC8,D213T,0.583
Q9BY41,HDAC8,D213S,0.608
Q9BY41,HDAC8,D213R,0.478
Q9BY41,HDAC8,D213Q,0.626
Q9BY41,HDAC8,D213N,0.718
Q9BY41,HDAC8,D213M,0.506
Q9BY41,HDAC8,D213P,0.402
Q9BY41,HDAC8,D213K,0.528
Q9BY41,HDAC8,D213L,0.497
Q9BY41,HDAC8,D213C,0.603
Q9BY41,HDAC8,D213E,0.722
Q9BY41,HDAC8,D213F,0.556
Q9BY41,HDAC8,D213A,0.583
Q9BY41,HDAC8,D213H,0.661
Q9BY41,HDAC8,D213I,0.559
Q9BY41,HDAC8,D213G,0.58
Q9BY41,HDAC8,V214N,0.48
Q9BY41,HDAC8,V214Y,0.602
Q9BY41,HDAC8,V214W,0.531
Q9BY41,HDAC8,V214T,0.675
Q9BY41,HDAC8,V214S,0.55
Q9BY41,HDAC8,V214R,0.46
Q9BY41,HDAC8,V214Q,0.544
Q9BY41,HDAC8,V214P,0.506
Q9BY41,HDAC8,V214M,0.798
Q9BY41,HDAC8,V214D,0.458
Q9BY41,HDAC8,V214K,0.5
Q9BY41,HDAC8,V214L,0.794
Q9BY41,HDAC8,V214C,0.688
Q9BY41,HDAC8,V214E,0.526
Q9BY41,HDAC8,V214A,0.722
Q9BY41,HDAC8,V214G,0.527
Q9BY41,HDAC8,V214H,0.492
Q9BY41,HDAC8,V214I,0.878
Q9BY41,HDAC8,V214F,0.684
Q9BY41,HDAC8,S215M,0.758
Q9BY41,HDAC8,S215W,0.648
Q9BY41,HDAC8,S215V,0.729
Q9BY41,HDAC8,S215T,0.863
Q9BY41,HDAC8,S215R,0.757
Q9BY41,HDAC8,S215Q,0.77
Q9BY41,HDAC8,S215P,0.785
Q9BY41,HDAC8,S215Y,0.728
Q9BY41,HDAC8,S215L,0.746
Q9BY41,HDAC8,S215N,0.879
Q9BY41,HDAC8,S215I,0.732
Q9BY41,HDAC8,S215A,0.861
Q9BY41,HDAC8,S215C,0.788
Q9BY41,HDAC8,S215D,0.77
Q9BY41,HDAC8,S215K,0.78
Q9BY41,HDAC8,S215F,0.761
Q9BY41,HDAC8,S215G,0.822
Q9BY41,HDAC8,S215H,0.74
Q9BY41,HDAC8,S215E,0.752
Q9BY41,HDAC8,D216N,0.696
Q9BY41,HDAC8,D216W,0.428
Q9BY41,HDAC8,D216V,0.544
Q9BY41,HDAC8,D216T,0.583
Q9BY41,HDAC8,D216S,0.626
Q9BY41,HDAC8,D216R,0.506
Q9BY41,HDAC8,D216Q,0.602
Q9BY41,HDAC8,D216P,0.544
Q9BY41,HDAC8,D216M,0.528
Q9BY41,HDAC8,D216Y,0.55
Q9BY41,HDAC8,D216K,0.564
Q9BY41,HDAC8,D216A,0.58
Q9BY41,HDAC8,D216C,0.504
Q9BY41,HDAC8,D216E,0.724
Q9BY41,HDAC8,D216L,0.495
Q9BY41,HDAC8,D216G,0.63
Q9BY41,HDAC8,D216H,0.594
Q9BY41,HDAC8,D216I,0.526
Q9BY41,HDAC8,D216F,0.543
Q9BY41,HDAC8,V217M,0.8
Q9BY41,HDAC8,V217W,0.534
Q9BY41,HDAC8,V217T,0.69
Q9BY41,HDAC8,V217S,0.566
Q9BY41,HDAC8,V217R,0.482
Q9BY41,HDAC8,V217Q,0.556
Q9BY41,HDAC8,V217P,0.52
Q9BY41,HDAC8,V217N,0.507
Q9BY41,HDAC8,V217Y,0.607
Q9BY41,HDAC8,V217K,0.513
Q9BY41,HDAC8,V217I,0.876
Q9BY41,HDAC8,V217H,0.506
Q9BY41,HDAC8,V217G,0.556
Q9BY41,HDAC8,V217F,0.684
Q9BY41,HDAC8,V217E,0.552
Q9BY41,HDAC8,V217D,0.496
Q9BY41,HDAC8,V217C,0.692
Q9BY41,HDAC8,V217A,0.73
Q9BY41,HDAC8,V217L,0.794
Q9BY41,HDAC8,G218Q,0.57
Q9BY41,HDAC8,G218R,0.597
Q9BY41,HDAC8,G218S,0.706
Q9BY41,HDAC8,G218Y,0.516
Q9BY41,HDAC8,G218V,0.601
Q9BY41,HDAC8,G218W,0.578
Q9BY41,HDAC8,G218T,0.597
Q9BY41,HDAC8,G218N,0.682
Q9BY41,HDAC8,G218P,0.561
Q9BY41,HDAC8,G218M,0.506
Q9BY41,HDAC8,G218A,0.694
Q9BY41,HDAC8,G218C,0.586
Q9BY41,HDAC8,G218D,0.649
Q9BY41,HDAC8,G218E,0.598
Q9BY41,HDAC8,G218L,0.493
Q9BY41,HDAC8,G218H,0.573
Q9BY41,HDAC8,G218I,0.508
Q9BY41,HDAC8,G218K,0.57
Q9BY41,HDAC8,G218F,0.563
Q9BY41,HDAC8,L219W,0.544
Q9BY41,HDAC8,L219V,0.714
Q9BY41,HDAC8,L219T,0.567
Q9BY41,HDAC8,L219S,0.518
Q9BY41,HDAC8,L219R,0.506
Q9BY41,HDAC8,L219Q,0.521
Q9BY41,HDAC8,L219P,0.458
Q9BY41,HDAC8,L219N,0.468
Q9BY41,HDAC8,L219M,0.76
Q9BY41,HDAC8,L219Y,0.558
Q9BY41,HDAC8,L219I,0.743
Q9BY41,HDAC8,L219A,0.572
Q9BY41,HDAC8,L219C,0.606
Q9BY41,HDAC8,L219D,0.366
Q9BY41,HDAC8,L219K,0.494
Q9BY41,HDAC8,L219F,0.672
Q9BY41,HDAC8,L219G,0.414
Q9BY41,HDAC8,L219H,0.472
Q9BY41,HDAC8,L219E,0.414
Q9BY41,HDAC8,G220N,0.718
Q9BY41,HDAC8,G220W,0.632
Q9BY41,HDAC8,G220V,0.634
Q9BY41,HDAC8,G220T,0.628
Q9BY41,HDAC8,G220S,0.74
Q9BY41,HDAC8,G220R,0.649
Q9BY41,HDAC8,G220Q,0.618
Q9BY41,HDAC8,G220P,0.598
Q9BY41,HDAC8,G220Y,0.576
Q9BY41,HDAC8,G220M,0.547
Q9BY41,HDAC8,G220K,0.613
Q9BY41,HDAC8,G220L,0.536
Q9BY41,HDAC8,G220A,0.727
Q9BY41,HDAC8,G220C,0.627
Q9BY41,HDAC8,G220D,0.686
Q9BY41,HDAC8,G220F,0.608
Q9BY41,HDAC8,G220H,0.619
Q9BY41,HDAC8,G220I,0.556
Q9BY41,HDAC8,G220E,0.646
Q9BY41,HDAC8,K221Y,0.61
Q9BY41,HDAC8,K221W,0.584
Q9BY41,HDAC8,K221V,0.658
Q9BY41,HDAC8,K221T,0.716
Q9BY41,HDAC8,K221S,0.72
Q9BY41,HDAC8,K221R,0.829
Q9BY41,HDAC8,K221Q,0.784
Q9BY41,HDAC8,K221P,0.662
Q9BY41,HDAC8,K221N,0.757
Q9BY41,HDAC8,K221L,0.651
Q9BY41,HDAC8,K221I,0.637
Q9BY41,HDAC8,K221A,0.685
Q9BY41,HDAC8,K221C,0.569
Q9BY41,HDAC8,K221D,0.663
Q9BY41,HDAC8,K221M,0.728
Q9BY41,HDAC8,K221F,0.586
Q9BY41,HDAC8,K221G,0.636
Q9BY41,HDAC8,K221H,0.692
Q9BY41,HDAC8,K221E,0.778
Q9BY41,HDAC8,G222N,0.409
Q9BY41,HDAC8,G222W,0.339
Q9BY41,HDAC8,G222V,0.445
Q9BY41,HDAC8,G222T,0.378
Q9BY41,HDAC8,G222S,0.5
Q9BY41,HDAC8,G222R,0.378
Q9BY41,HDAC8,G222Q,0.328
Q9BY41,HDAC8,G222P,0.302
Q9BY41,HDAC8,G222M,0.399
Q9BY41,HDAC8,G222Y,0.216
Q9BY41,HDAC8,G222K,0.312
Q9BY41,HDAC8,G222A,0.571
Q9BY41,HDAC8,G222C,0.474
Q9BY41,HDAC8,G222D,0.38
Q9BY41,HDAC8,G222L,0.364
Q9BY41,HDAC8,G222F,0.352
Q9BY41,HDAC8,G222H,0.284
Q9BY41,HDAC8,G222I,0.378
Q9BY41,HDAC8,G222E,0.372
Q9BY41,HDAC8,R223M,0.667
Q9BY41,HDAC8,R223W,0.617
Q9BY41,HDAC8,R223V,0.587
Q9BY41,HDAC8,R223T,0.665
Q9BY41,HDAC8,R223S,0.662
Q9BY41,HDAC8,R223Q,0.756
Q9BY41,HDAC8,R223P,0.615
Q9BY41,HDAC8,R223N,0.69
Q9BY41,HDAC8,R223Y,0.608
Q9BY41,HDAC8,R223L,0.639
Q9BY41,HDAC8,R223I,0.59
Q9BY41,HDAC8,R223H,0.728
Q9BY41,HDAC8,R223G,0.642
Q9BY41,HDAC8,R223F,0.534
Q9BY41,HDAC8,R223E,0.658
Q9BY41,HDAC8,R223D,0.559
Q9BY41,HDAC8,R223C,0.642
Q9BY41,HDAC8,R223A,0.622
Q9BY41,HDAC8,R223K,0.794
Q9BY41,HDAC8,Y224N,0.701
Q9BY41,HDAC8,Y224P,0.664
Q9BY41,HDAC8,Y224Q,0.735
Q9BY41,HDAC8,Y224W,0.769
Q9BY41,HDAC8,Y224S,0.712
Q9BY41,HDAC8,Y224T,0.699
Q9BY41,HDAC8,Y224V,0.718
Q9BY41,HDAC8,Y224R,0.657
Q9BY41,HDAC8,Y224M,0.74
Q9BY41,HDAC8,Y224L,0.75
Q9BY41,HDAC8,Y224I,0.718
Q9BY41,HDAC8,Y224A,0.696
Q9BY41,HDAC8,Y224C,0.753
Q9BY41,HDAC8,Y224D,0.668
Q9BY41,HDAC8,Y224K,0.658
Q9BY41,HDAC8,Y224F,0.922
Q9BY41,HDAC8,Y224G,0.619
Q9BY41,HDAC8,Y224H,0.871
Q9BY41,HDAC8,Y224E,0.672
Q9BY41,HDAC8,Y225W,0.646
Q9BY41,HDAC8,Y225V,0.552
Q9BY41,HDAC8,Y225T,0.416
Q9BY41,HDAC8,Y225S,0.412
Q9BY41,HDAC8,Y225R,0.42
Q9BY41,HDAC8,Y225Q,0.468
Q9BY41,HDAC8,Y225P,0.274
Q9BY41,HDAC8,Y225M,0.54
Q9BY41,HDAC8,Y225L,0.587
Q9BY41,HDAC8,Y225N,0.425
Q9BY41,HDAC8,Y225I,0.53
Q9BY41,HDAC8,Y225K,0.372
Q9BY41,HDAC8,Y225C,0.528
Q9BY41,HDAC8,Y225D,0.301
Q9BY41,HDAC8,Y225E,0.351
Q9BY41,HDAC8,Y225A,0.434
Q9BY41,HDAC8,Y225G,0.4
Q9BY41,HDAC8,Y225H,0.646
Q9BY41,HDAC8,Y225F,0.766
Q9BY41,HDAC8,S226N,0.708
Q9BY41,HDAC8,S226W,0.614
Q9BY41,HDAC8,S226Y,0.646
Q9BY41,HDAC8,S226V,0.65
Q9BY41,HDAC8,S226T,0.77
Q9BY41,HDAC8,S226R,0.6
Q9BY41,HDAC8,S226Q,0.614
Q9BY41,HDAC8,S226P,0.6
Q9BY41,HDAC8,S226M,0.72
Q9BY41,HDAC8,S226C,0.774
Q9BY41,HDAC8,S226K,0.562
Q9BY41,HDAC8,S226I,0.671
Q9BY41,HDAC8,S226H,0.642
Q9BY41,HDAC8,S226G,0.709
Q9BY41,HDAC8,S226F,0.661
Q9BY41,HDAC8,S226E,0.56
Q9BY41,HDAC8,S226D,0.602
Q9BY41,HDAC8,S226A,0.792
Q9BY41,HDAC8,S226L,0.689
Q9BY41,HDAC8,V227P,0.422
Q9BY41,HDAC8,V227Q,0.456
Q9BY41,HDAC8,V227R,0.372
Q9BY41,HDAC8,V227Y,0.537
Q9BY41,HDAC8,V227T,0.594
Q9BY41,HDAC8,V227W,0.453
Q9BY41,HDAC8,V227S,0.462
Q9BY41,HDAC8,V227M,0.742
Q9BY41,HDAC8,V227N,0.392
Q9BY41,HDAC8,V227L,0.753
Q9BY41,HDAC8,V227A,0.65
Q9BY41,HDAC8,V227C,0.628
Q9BY41,HDAC8,V227D,0.362
Q9BY41,HDAC8,V227E,0.436
Q9BY41,HDAC8,V227K,0.404
Q9BY41,HDAC8,V227G,0.447
Q9BY41,HDAC8,V227H,0.406
Q9BY41,HDAC8,V227I,0.834
Q9BY41,HDAC8,V227F,0.642
Q9BY41,HDAC8,N228M,0.557
Q9BY41,HDAC8,N228W,0.388
Q9BY41,HDAC8,N228V,0.501
Q9BY41,HDAC8,N228T,0.581
Q9BY41,HDAC8,N228S,0.63
Q9BY41,HDAC8,N228R,0.524
Q9BY41,HDAC8,N228Q,0.508
Q9BY41,HDAC8,N228P,0.404
Q9BY41,HDAC8,N228L,0.498
Q9BY41,HDAC8,N228Y,0.511
Q9BY41,HDAC8,N228I,0.526
Q9BY41,HDAC8,N228A,0.478
Q9BY41,HDAC8,N228C,0.529
Q9BY41,HDAC8,N228D,0.579
Q9BY41,HDAC8,N228K,0.54
Q9BY41,HDAC8,N228F,0.464
Q9BY41,HDAC8,N228G,0.518
Q9BY41,HDAC8,N228H,0.646
Q9BY41,HDAC8,N228E,0.483
Q9BY41,HDAC8,V229M,0.69
Q9BY41,HDAC8,V229W,0.364
Q9BY41,HDAC8,V229T,0.542
Q9BY41,HDAC8,V229S,0.398
Q9BY41,HDAC8,V229R,0.286
Q9BY41,HDAC8,V229Q,0.376
Q9BY41,HDAC8,V229P,0.363
Q9BY41,HDAC8,V229N,0.31
Q9BY41,HDAC8,V229Y,0.45
Q9BY41,HDAC8,V229L,0.7
Q9BY41,HDAC8,V229I,0.777
Q9BY41,HDAC8,V229H,0.314
Q9BY41,HDAC8,V229G,0.372
Q9BY41,HDAC8,V229F,0.558
Q9BY41,HDAC8,V229E,0.355
Q9BY41,HDAC8,V229D,0.285
Q9BY41,HDAC8,V229C,0.576
Q9BY41,HDAC8,V229A,0.6
Q9BY41,HDAC8,V229K,0.332
Q9BY41,HDAC8,P230N,0.55
Q9BY41,HDAC8,P230Q,0.64
Q9BY41,HDAC8,P230R,0.562
Q9BY41,HDAC8,P230Y,0.533
Q9BY41,HDAC8,P230T,0.652
Q9BY41,HDAC8,P230V,0.64
Q9BY41,HDAC8,P230W,0.446
Q9BY41,HDAC8,P230S,0.651
Q9BY41,HDAC8,P230M,0.638
Q9BY41,HDAC8,P230L,0.654
Q9BY41,HDAC8,P230I,0.589
Q9BY41,HDAC8,P230A,0.676
Q9BY41,HDAC8,P230C,0.53
Q9BY41,HDAC8,P230D,0.551
Q9BY41,HDAC8,P230K,0.566
Q9BY41,HDAC8,P230F,0.544
Q9BY41,HDAC8,P230G,0.558
Q9BY41,HDAC8,P230H,0.595
Q9BY41,HDAC8,P230E,0.576
Q9BY41,HDAC8,I231W,0.518
Q9BY41,HDAC8,I231V,0.84
Q9BY41,HDAC8,I231T,0.619
Q9BY41,HDAC8,I231S,0.528
Q9BY41,HDAC8,I231R,0.481
Q9BY41,HDAC8,I231Q,0.464
Q9BY41,HDAC8,I231P,0.478
Q9BY41,HDAC8,I231N,0.505
Q9BY41,HDAC8,I231M,0.756
Q9BY41,HDAC8,I231Y,0.608
Q9BY41,HDAC8,I231K,0.466
Q9BY41,HDAC8,I231A,0.594
Q9BY41,HDAC8,I231C,0.612
Q9BY41,HDAC8,I231D,0.436
Q9BY41,HDAC8,I231L,0.811
Q9BY41,HDAC8,I231F,0.716
Q9BY41,HDAC8,I231G,0.44
Q9BY41,HDAC8,I231H,0.481
Q9BY41,HDAC8,I231E,0.456
Q9BY41,HDAC8,Q232M,0.787
Q9BY41,HDAC8,Q232W,0.625
Q9BY41,HDAC8,Q232V,0.703
Q9BY41,HDAC8,Q232T,0.734
Q9BY41,HDAC8,Q232S,0.744
Q9BY41,HDAC8,Q232R,0.816
Q9BY41,HDAC8,Q232P,0.742
Q9BY41,HDAC8,Q232N,0.757
Q9BY41,HDAC8,Q232Y,0.707
Q9BY41,HDAC8,Q232L,0.74
Q9BY41,HDAC8,Q232I,0.666
Q9BY41,HDAC8,Q232K,0.802
Q9BY41,HDAC8,Q232A,0.727
Q9BY41,HDAC8,Q232C,0.649
Q9BY41,HDAC8,Q232D,0.737
Q9BY41,HDAC8,Q232F,0.654
Q9BY41,HDAC8,Q232G,0.674
Q9BY41,HDAC8,Q232H,0.796
Q9BY41,HDAC8,Q232E,0.845
Q9BY41,HDAC8,D233Y,0.567
Q9BY41,HDAC8,D233W,0.43
Q9BY41,HDAC8,D233V,0.568
Q9BY41,HDAC8,D233T,0.598
Q9BY41,HDAC8,D233S,0.638
Q9BY41,HDAC8,D233R,0.51
Q9BY41,HDAC8,D233Q,0.616
Q9BY41,HDAC8,D233P,0.557
Q9BY41,HDAC8,D233N,0.708
Q9BY41,HDAC8,D233M,0.55
Q9BY41,HDAC8,D233K,0.56
Q9BY41,HDAC8,D233A,0.593
Q9BY41,HDAC8,D233C,0.522
Q9BY41,HDAC8,D233E,0.754
Q9BY41,HDAC8,D233L,0.52
Q9BY41,HDAC8,D233G,0.643
Q9BY41,HDAC8,D233H,0.606
Q9BY41,HDAC8,D233I,0.552
Q9BY41,HDAC8,D233F,0.569
Q9BY41,HDAC8,G234N,0.484
Q9BY41,HDAC8,G234W,0.41
Q9BY41,HDAC8,G234V,0.46
Q9BY41,HDAC8,G234T,0.436
Q9BY41,HDAC8,G234S,0.57
Q9BY41,HDAC8,G234R,0.42
Q9BY41,HDAC8,G234Q,0.367
Q9BY41,HDAC8,G234P,0.355
Q9BY41,HDAC8,G234M,0.448
Q9BY41,HDAC8,G234Y,0.298
Q9BY41,HDAC8,G234K,0.355
Q9BY41,HDAC8,G234A,0.635
Q9BY41,HDAC8,G234C,0.494
Q9BY41,HDAC8,G234D,0.426
Q9BY41,HDAC8,G234L,0.389
Q9BY41,HDAC8,G234F,0.39
Q9BY41,HDAC8,G234H,0.351
Q9BY41,HDAC8,G234I,0.404
Q9BY41,HDAC8,G234E,0.414
Q9BY41,HDAC8,I235N,0.324
Q9BY41,HDAC8,I235W,0.406
Q9BY41,HDAC8,I235V,0.742
Q9BY41,HDAC8,I235T,0.507
Q9BY41,HDAC8,I235S,0.384
Q9BY41,HDAC8,I235R,0.344
Q9BY41,HDAC8,I235Q,0.328
Q9BY41,HDAC8,I235P,0.282
Q9BY41,HDAC8,I235Y,0.433
Q9BY41,HDAC8,I235M,0.669
Q9BY41,HDAC8,I235K,0.35
Q9BY41,HDAC8,I235H,0.4
Q9BY41,HDAC8,I235G,0.266
Q9BY41,HDAC8,I235F,0.579
Q9BY41,HDAC8,I235E,0.263
Q9BY41,HDAC8,I235D,0.259
Q9BY41,HDAC8,I235C,0.554
Q9BY41,HDAC8,I235A,0.506
Q9BY41,HDAC8,I235L,0.704
Q9BY41,HDAC8,Q236P,0.71
Q9BY41,HDAC8,Q236R,0.792
Q9BY41,HDAC8,Q236S,0.712
Q9BY41,HDAC8,Q236N,0.726
Q9BY41,HDAC8,Q236V,0.67
Q9BY41,HDAC8,Q236W,0.612
Q9BY41,HDAC8,Q236Y,0.678
Q9BY41,HDAC8,Q236T,0.702
Q9BY41,HDAC8,Q236M,0.756
Q9BY41,HDAC8,Q236L,0.707
Q9BY41,HDAC8,Q236K,0.776
Q9BY41,HDAC8,Q236C,0.618
Q9BY41,HDAC8,Q236D,0.698
Q9BY41,HDAC8,Q236E,0.806
Q9BY41,HDAC8,Q236A,0.695
Q9BY41,HDAC8,Q236G,0.641
Q9BY41,HDAC8,Q236H,0.768
Q9BY41,HDAC8,Q236I,0.634
Q9BY41,HDAC8,Q236F,0.622
Q9BY41,HDAC8,D237P,0.35
Q9BY41,HDAC8,D237Y,0.504
Q9BY41,HDAC8,D237W,0.414
Q9BY41,HDAC8,D237V,0.545
Q9BY41,HDAC8,D237T,0.516
Q9BY41,HDAC8,D237S,0.537
Q9BY41,HDAC8,D237R,0.415
Q9BY41,HDAC8,D237Q,0.556
Q9BY41,HDAC8,D237N,0.645
Q9BY41,HDAC8,D237M,0.472
Q9BY41,HDAC8,D237L,0.48
Q9BY41,HDAC8,D237C,0.563
Q9BY41,HDAC8,D237E,0.653
Q9BY41,HDAC8,D237F,0.54
Q9BY41,HDAC8,D237A,0.53
Q9BY41,HDAC8,D237H,0.595
Q9BY41,HDAC8,D237I,0.54
Q9BY41,HDAC8,D237K,0.444
Q9BY41,HDAC8,D237G,0.516
Q9BY41,HDAC8,E238N,0.758
Q9BY41,HDAC8,E238W,0.615
Q9BY41,HDAC8,E238V,0.736
Q9BY41,HDAC8,E238T,0.728
Q9BY41,HDAC8,E238S,0.742
Q9BY41,HDAC8,E238R,0.738
Q9BY41,HDAC8,E238Q,0.865
Q9BY41,HDAC8,E238P,0.708
Q9BY41,HDAC8,E238M,0.702
Q9BY41,HDAC8,E238Y,0.667
Q9BY41,HDAC8,E238K,0.817
Q9BY41,HDAC8,E238A,0.76
Q9BY41,HDAC8,E238C,0.599
Q9BY41,HDAC8,E238D,0.882
Q9BY41,HDAC8,E238L,0.672
Q9BY41,HDAC8,E238G,0.724
Q9BY41,HDAC8,E238H,0.75
Q9BY41,HDAC8,E238I,0.684
Q9BY41,HDAC8,E238F,0.639
Q9BY41,HDAC8,K239N,0.722
Q9BY41,HDAC8,K239W,0.718
Q9BY41,HDAC8,K239V,0.71
Q9BY41,HDAC8,K239T,0.71
Q9BY41,HDAC8,K239S,0.648
Q9BY41,HDAC8,K239R,0.856
Q9BY41,HDAC8,K239Q,0.792
Q9BY41,HDAC8,K239P,0.507
Q9BY41,HDAC8,K239M,0.755
Q9BY41,HDAC8,K239Y,0.665
Q9BY41,HDAC8,K239I,0.686
Q9BY41,HDAC8,K239A,0.673
Q9BY41,HDAC8,K239C,0.706
Q9BY41,HDAC8,K239D,0.575
Q9BY41,HDAC8,K239L,0.724
Q9BY41,HDAC8,K239F,0.628
Q9BY41,HDAC8,K239G,0.545
Q9BY41,HDAC8,K239H,0.692
Q9BY41,HDAC8,K239E,0.714
Q9BY41,HDAC8,Y240M,0.603
Q9BY41,HDAC8,Y240V,0.608
Q9BY41,HDAC8,Y240T,0.438
Q9BY41,HDAC8,Y240S,0.424
Q9BY41,HDAC8,Y240R,0.437
Q9BY41,HDAC8,Y240Q,0.488
Q9BY41,HDAC8,Y240P,0.281
Q9BY41,HDAC8,Y240N,0.432
Q9BY41,HDAC8,Y240W,0.703
Q9BY41,HDAC8,Y240L,0.673
Q9BY41,HDAC8,Y240I,0.615
Q9BY41,HDAC8,Y240H,0.664
Q9BY41,HDAC8,Y240G,0.414
Q9BY41,HDAC8,Y240F,0.846
Q9BY41,HDAC8,Y240E,0.356
Q9BY41,HDAC8,Y240D,0.294
Q9BY41,HDAC8,Y240C,0.598
Q9BY41,HDAC8,Y240A,0.469
Q9BY41,HDAC8,Y240K,0.37
Q9BY41,HDAC8,Y241N,0.578
Q9BY41,HDAC8,Y241P,0.415
Q9BY41,HDAC8,Y241Q,0.607
Q9BY41,HDAC8,Y241M,0.641
Q9BY41,HDAC8,Y241S,0.556
Q9BY41,HDAC8,Y241T,0.548
Q9BY41,HDAC8,Y241V,0.646
Q9BY41,HDAC8,Y241R,0.57
Q9BY41,HDAC8,Y241L,0.682
Q9BY41,HDAC8,Y241W,0.754
Q9BY41,HDAC8,Y241I,0.642
Q9BY41,HDAC8,Y241A,0.552
Q9BY41,HDAC8,Y241C,0.673
Q9BY41,HDAC8,Y241D,0.464
Q9BY41,HDAC8,Y241K,0.512
Q9BY41,HDAC8,Y241F,0.859
Q9BY41,HDAC8,Y241G,0.526
Q9BY41,HDAC8,Y241H,0.76
Q9BY41,HDAC8,Y241E,0.494
Q9BY41,HDAC8,Q242W,0.627
Q9BY41,HDAC8,Q242V,0.712
Q9BY41,HDAC8,Q242T,0.756
Q9BY41,HDAC8,Q242S,0.769
Q9BY41,HDAC8,Q242R,0.844
Q9BY41,HDAC8,Q242P,0.766
Q9BY41,HDAC8,Q242N,0.782
Q9BY41,HDAC8,Q242M,0.796
Q9BY41,HDAC8,Q242L,0.737
Q9BY41,HDAC8,Q242Y,0.716
Q9BY41,HDAC8,Q242I,0.668
Q9BY41,HDAC8,Q242A,0.748
Q9BY41,HDAC8,Q242C,0.661
Q9BY41,HDAC8,Q242D,0.754
Q9BY41,HDAC8,Q242K,0.839
Q9BY41,HDAC8,Q242F,0.65
Q9BY41,HDAC8,Q242G,0.696
Q9BY41,HDAC8,Q242H,0.814
Q9BY41,HDAC8,Q242E,0.864
Q9BY41,HDAC8,I243N,0.507
Q9BY41,HDAC8,I243W,0.508
Q9BY41,HDAC8,I243V,0.834
Q9BY41,HDAC8,I243T,0.621
Q9BY41,HDAC8,I243S,0.53
Q9BY41,HDAC8,I243R,0.481
Q9BY41,HDAC8,I243Q,0.463
Q9BY41,HDAC8,I243P,0.478
Q9BY41,HDAC8,I243Y,0.603
Q9BY41,HDAC8,I243M,0.746
Q9BY41,HDAC8,I243K,0.468
Q9BY41,HDAC8,I243L,0.798
Q9BY41,HDAC8,I243A,0.596
Q9BY41,HDAC8,I243C,0.607
Q9BY41,HDAC8,I243D,0.438
Q9BY41,HDAC8,I243F,0.703
Q9BY41,HDAC8,I243G,0.442
Q9BY41,HDAC8,I243H,0.478
Q9BY41,HDAC8,I243E,0.457
Q9BY41,HDAC8,C244Y,0.494
Q9BY41,HDAC8,C244W,0.5
Q9BY41,HDAC8,C244V,0.615
Q9BY41,HDAC8,C244T,0.536
Q9BY41,HDAC8,C244S,0.564
Q9BY41,HDAC8,C244R,0.393
Q9BY41,HDAC8,C244Q,0.414
Q9BY41,HDAC8,C244P,0.333
Q9BY41,HDAC8,C244N,0.43
Q9BY41,HDAC8,C244M,0.632
Q9BY41,HDAC8,C244K,0.341
Q9BY41,HDAC8,C244A,0.615
Q9BY41,HDAC8,C244D,0.414
Q9BY41,HDAC8,C244E,0.265
Q9BY41,HDAC8,C244L,0.618
Q9BY41,HDAC8,C244G,0.454
Q9BY41,HDAC8,C244H,0.432
Q9BY41,HDAC8,C244I,0.604
Q9BY41,HDAC8,C244F,0.576
Q9BY41,HDAC8,E245N,0.638
Q9BY41,HDAC8,E245W,0.544
Q9BY41,HDAC8,E245V,0.652
Q9BY41,HDAC8,E245T,0.612
Q9BY41,HDAC8,E245S,0.632
Q9BY41,HDAC8,E245R,0.675
Q9BY41,HDAC8,E245Q,0.807
Q9BY41,HDAC8,E245P,0.498
Q9BY41,HDAC8,E245M,0.677
Q9BY41,HDAC8,E245Y,0.637
Q9BY41,HDAC8,E245K,0.717
Q9BY41,HDAC8,E245A,0.686
Q9BY41,HDAC8,E245C,0.574
Q9BY41,HDAC8,E245D,0.784
Q9BY41,HDAC8,E245L,0.58
Q9BY41,HDAC8,E245G,0.626
Q9BY41,HDAC8,E245H,0.662
Q9BY41,HDAC8,E245I,0.593
Q9BY41,HDAC8,E245F,0.545
Q9BY41,HDAC8,S246M,0.755
Q9BY41,HDAC8,S246W,0.638
Q9BY41,HDAC8,S246V,0.732
Q9BY41,HDAC8,S246T,0.852
Q9BY41,HDAC8,S246R,0.736
Q9BY41,HDAC8,S246Q,0.756
Q9BY41,HDAC8,S246P,0.776
Q9BY41,HDAC8,S246N,0.861
Q9BY41,HDAC8,S246Y,0.716
Q9BY41,HDAC8,S246L,0.747
Q9BY41,HDAC8,S246I,0.729
Q9BY41,HDAC8,S246H,0.723
Q9BY41,HDAC8,S246G,0.814
Q9BY41,HDAC8,S246F,0.756
Q9BY41,HDAC8,S246E,0.738
Q9BY41,HDAC8,S246D,0.754
Q9BY41,HDAC8,S246C,0.78
Q9BY41,HDAC8,S246A,0.853
Q9BY41,HDAC8,S246K,0.762
Q9BY41,HDAC8,V247N,0.336
Q9BY41,HDAC8,V247P,0.388
Q9BY41,HDAC8,V247Q,0.401
Q9BY41,HDAC8,V247M,0.726
Q9BY41,HDAC8,V247S,0.424
Q9BY41,HDAC8,V247T,0.568
Q9BY41,HDAC8,V247W,0.399
Q9BY41,HDAC8,V247R,0.308
Q9BY41,HDAC8,V247L,0.745
Q9BY41,HDAC8,V247Y,0.486
Q9BY41,HDAC8,V247I,0.822
Q9BY41,HDAC8,V247A,0.629
Q9BY41,HDAC8,V247C,0.608
Q9BY41,HDAC8,V247D,0.307
Q9BY41,HDAC8,V247K,0.354
Q9BY41,HDAC8,V247F,0.603
Q9BY41,HDAC8,V247G,0.401
Q9BY41,HDAC8,V247H,0.344
Q9BY41,HDAC8,V247E,0.38
Q9BY41,HDAC8,L248Y,0.492
Q9BY41,HDAC8,L248W,0.491
Q9BY41,HDAC8,L248V,0.68
Q9BY41,HDAC8,L248T,0.47
Q9BY41,HDAC8,L248S,0.402
Q9BY41,HDAC8,L248R,0.381
Q9BY41,HDAC8,L248Q,0.392
Q9BY41,HDAC8,L248N,0.338
Q9BY41,HDAC8,L248M,0.722
Q9BY41,HDAC8,L248P,0.35
Q9BY41,HDAC8,L248I,0.72
Q9BY41,HDAC8,L248K,0.368
Q9BY41,HDAC8,L248C,0.562
Q9BY41,HDAC8,L248D,0.218
Q9BY41,HDAC8,L248E,0.278
Q9BY41,HDAC8,L248A,0.496
Q9BY41,HDAC8,L248G,0.308
Q9BY41,HDAC8,L248H,0.346
Q9BY41,HDAC8,L248F,0.655
Q9BY41,HDAC8,K249P,0.693
Q9BY41,HDAC8,K249W,0.606
Q9BY41,HDAC8,K249Y,0.634
Q9BY41,HDAC8,K249V,0.688
Q9BY41,HDAC8,K249T,0.746
Q9BY41,HDAC8,K249S,0.748
Q9BY41,HDAC8,K249R,0.854
Q9BY41,HDAC8,K249Q,0.81
Q9BY41,HDAC8,K249N,0.784
Q9BY41,HDAC8,K249C,0.599
Q9BY41,HDAC8,K249L,0.68
Q9BY41,HDAC8,K249I,0.664
Q9BY41,HDAC8,K249H,0.716
Q9BY41,HDAC8,K249G,0.667
Q9BY41,HDAC8,K249F,0.611
Q9BY41,HDAC8,K249E,0.804
Q9BY41,HDAC8,K249D,0.689
Q9BY41,HDAC8,K249A,0.714
Q9BY41,HDAC8,K249M,0.757
Q9BY41,HDAC8,E250Q,0.808
Q9BY41,HDAC8,E250R,0.678
Q9BY41,HDAC8,E250S,0.686
Q9BY41,HDAC8,E250Y,0.596
Q9BY41,HDAC8,E250V,0.669
Q9BY41,HDAC8,E250W,0.53
Q9BY41,HDAC8,E250T,0.674
Q9BY41,HDAC8,E250N,0.7
Q9BY41,HDAC8,E250P,0.655
Q9BY41,HDAC8,E250M,0.637
Q9BY41,HDAC8,E250A,0.698
Q9BY41,HDAC8,E250C,0.516
Q9BY41,HDAC8,E250D,0.82
Q9BY41,HDAC8,E250F,0.572
Q9BY41,HDAC8,E250L,0.605
Q9BY41,HDAC8,E250H,0.694
Q9BY41,HDAC8,E250I,0.601
Q9BY41,HDAC8,E250K,0.756
Q9BY41,HDAC8,E250G,0.647
Q9BY41,HDAC8,V251M,0.632
Q9BY41,HDAC8,V251W,0.302
Q9BY41,HDAC8,V251T,0.455
Q9BY41,HDAC8,V251S,0.302
Q9BY41,HDAC8,V251R,0.176
Q9BY41,HDAC8,V251Q,0.283
Q9BY41,HDAC8,V251P,0.27
Q9BY41,HDAC8,V251N,0.218
Q9BY41,HDAC8,V251L,0.655
Q9BY41,HDAC8,V251Y,0.37
Q9BY41,HDAC8,V251I,0.739
Q9BY41,HDAC8,V251A,0.52
Q9BY41,HDAC8,V251C,0.505
Q9BY41,HDAC8,V251D,0.199
Q9BY41,HDAC8,V251K,0.229
Q9BY41,HDAC8,V251F,0.499
Q9BY41,HDAC8,V251G,0.282
Q9BY41,HDAC8,V251H,0.227
Q9BY41,HDAC8,V251E,0.26
Q9BY41,HDAC8,Y252M,0.67
Q9BY41,HDAC8,Y252V,0.647
Q9BY41,HDAC8,Y252T,0.614
Q9BY41,HDAC8,Y252S,0.626
Q9BY41,HDAC8,Y252R,0.575
Q9BY41,HDAC8,Y252Q,0.652
Q9BY41,HDAC8,Y252P,0.582
Q9BY41,HDAC8,Y252N,0.616
Q9BY41,HDAC8,Y252W,0.698
Q9BY41,HDAC8,Y252L,0.683
Q9BY41,HDAC8,Y252I,0.651
Q9BY41,HDAC8,Y252H,0.79
Q9BY41,HDAC8,Y252G,0.536
Q9BY41,HDAC8,Y252F,0.856
Q9BY41,HDAC8,Y252E,0.584
Q9BY41,HDAC8,Y252D,0.579
Q9BY41,HDAC8,Y252C,0.68
Q9BY41,HDAC8,Y252A,0.615
Q9BY41,HDAC8,Y252K,0.571
Q9BY41,HDAC8,Q253N,0.936
Q9BY41,HDAC8,Q253P,0.916
Q9BY41,HDAC8,Q253R,0.998
Q9BY41,HDAC8,Q253Y,0.881
Q9BY41,HDAC8,Q253T,0.908
Q9BY41,HDAC8,Q253V,0.87
Q9BY41,HDAC8,Q253W,0.828
Q9BY41,HDAC8,Q253S,0.92
Q9BY41,HDAC8,Q253M,0.956
Q9BY41,HDAC8,Q253L,0.902
Q9BY41,HDAC8,Q253I,0.835
Q9BY41,HDAC8,Q253A,0.9
Q9BY41,HDAC8,Q253C,0.826
Q9BY41,HDAC8,Q253D,0.911
Q9BY41,HDAC8,Q253K,0.986
Q9BY41,HDAC8,Q253F,0.818
Q9BY41,HDAC8,Q253G,0.845
Q9BY41,HDAC8,Q253H,0.971
Q9BY41,HDAC8,Q253E,1.022
Q9BY41,HDAC8,A254W,0.678
Q9BY41,HDAC8,A254V,0.879
Q9BY41,HDAC8,A254T,0.857
Q9BY41,HDAC8,A254S,0.864
Q9BY41,HDAC8,A254R,0.72
Q9BY41,HDAC8,A254Q,0.749
Q9BY41,HDAC8,A254P,0.802
Q9BY41,HDAC8,A254N,0.728
Q9BY41,HDAC8,A254M,0.809
Q9BY41,HDAC8,A254Y,0.721
Q9BY41,HDAC8,A254K,0.736
Q9BY41,HDAC8,A254C,0.814
Q9BY41,HDAC8,A254D,0.724
Q9BY41,HDAC8,A254E,0.769
Q9BY41,HDAC8,A254L,0.794
Q9BY41,HDAC8,A254G,0.823
Q9BY41,HDAC8,A254H,0.697
Q9BY41,HDAC8,A254I,0.798
Q9BY41,HDAC8,A254F,0.741
Q9BY41,HDAC8,F255N,0.232
Q9BY41,HDAC8,F255W,0.487
Q9BY41,HDAC8,F255V,0.46
Q9BY41,HDAC8,F255T,0.308
Q9BY41,HDAC8,F255S,0.329
Q9BY41,HDAC8,F255R,0.202
Q9BY41,HDAC8,F255Q,0.198
Q9BY41,HDAC8,F255P,0.138
Q9BY41,HDAC8,F255Y,0.614
Q9BY41,HDAC8,F255M,0.496
Q9BY41,HDAC8,F255K,0.173
Q9BY41,HDAC8,F255L,0.537
Q9BY41,HDAC8,F255A,0.322
Q9BY41,HDAC8,F255C,0.412
Q9BY41,HDAC8,F255D,0.176
Q9BY41,HDAC8,F255G,0.242
Q9BY41,HDAC8,F255H,0.382
Q9BY41,HDAC8,F255I,0.5
Q9BY41,HDAC8,F255E,0.134
Q9BY41,HDAC8,N256Y,0.656
Q9BY41,HDAC8,N256W,0.521
Q9BY41,HDAC8,N256V,0.602
Q9BY41,HDAC8,N256T,0.742
Q9BY41,HDAC8,N256S,0.788
Q9BY41,HDAC8,N256R,0.686
Q9BY41,HDAC8,N256Q,0.706
Q9BY41,HDAC8,N256P,0.592
Q9BY41,HDAC8,N256M,0.643
Q9BY41,HDAC8,N256L,0.592
Q9BY41,HDAC8,N256I,0.618
Q9BY41,HDAC8,N256A,0.641
Q9BY41,HDAC8,N256C,0.601
Q9BY41,HDAC8,N256D,0.776
Q9BY41,HDAC8,N256K,0.71
Q9BY41,HDAC8,N256F,0.619
Q9BY41,HDAC8,N256G,0.714
Q9BY41,HDAC8,N256H,0.773
Q9BY41,HDAC8,N256E,0.684
Q9BY41,HDAC8,P257M,0.53
Q9BY41,HDAC8,P257W,0.258
Q9BY41,HDAC8,P257V,0.51
Q9BY41,HDAC8,P257T,0.519
Q9BY41,HDAC8,P257S,0.506
Q9BY41,HDAC8,P257R,0.372
Q9BY41,HDAC8,P257Q,0.468
Q9BY41,HDAC8,P257N,0.342
Q9BY41,HDAC8,P257L,0.464
Q9BY41,HDAC8,P257Y,0.422
Q9BY41,HDAC8,P257I,0.428
Q9BY41,HDAC8,P257A,0.566
Q9BY41,HDAC8,P257C,0.521
Q9BY41,HDAC8,P257D,0.368
Q9BY41,HDAC8,P257K,0.38
Q9BY41,HDAC8,P257F,0.453
Q9BY41,HDAC8,P257G,0.391
Q9BY41,HDAC8,P257H,0.454
Q9BY41,HDAC8,P257E,0.398
Q9BY41,HDAC8,K258N,0.817
Q9BY41,HDAC8,K258W,0.653
Q9BY41,HDAC8,K258V,0.728
Q9BY41,HDAC8,K258T,0.78
Q9BY41,HDAC8,K258S,0.781
Q9BY41,HDAC8,K258R,0.885
Q9BY41,HDAC8,K258Q,0.845
Q9BY41,HDAC8,K258P,0.725
Q9BY41,HDAC8,K258Y,0.674
Q9BY41,HDAC8,K258M,0.796
Q9BY41,HDAC8,K258I,0.705
Q9BY41,HDAC8,K258H,0.752
Q9BY41,HDAC8,K258G,0.7
Q9BY41,HDAC8,K258F,0.655
Q9BY41,HDAC8,K258E,0.84
Q9BY41,HDAC8,K258D,0.726
Q9BY41,HDAC8,K258C,0.636
Q9BY41,HDAC8,K258A,0.748
Q9BY41,HDAC8,K258L,0.724
Q9BY41,HDAC8,A259P,0.459
Q9BY41,HDAC8,A259Q,0.434
Q9BY41,HDAC8,A259R,0.406
Q9BY41,HDAC8,A259N,0.408
Q9BY41,HDAC8,A259T,0.603
Q9BY41,HDAC8,A259V,0.674
Q9BY41,HDAC8,A259W,0.337
Q9BY41,HDAC8,A259S,0.624
Q9BY41,HDAC8,A259M,0.594
Q9BY41,HDAC8,A259Y,0.438
Q9BY41,HDAC8,A259K,0.402
Q9BY41,HDAC8,A259C,0.649
Q9BY41,HDAC8,A259D,0.377
Q9BY41,HDAC8,A259E,0.43
Q9BY41,HDAC8,A259L,0.598
Q9BY41,HDAC8,A259G,0.609
Q9BY41,HDAC8,A259H,0.406
Q9BY41,HDAC8,A259I,0.588
Q9BY41,HDAC8,A259F,0.506
Q9BY41,HDAC8,V260Y,0.425
Q9BY41,HDAC8,V260W,0.347
Q9BY41,HDAC8,V260T,0.489
Q9BY41,HDAC8,V260S,0.358
Q9BY41,HDAC8,V260R,0.258
Q9BY41,HDAC8,V260Q,0.349
Q9BY41,HDAC8,V260P,0.316
Q9BY41,HDAC8,V260M,0.634
Q9BY41,HDAC8,V260L,0.643
Q9BY41,HDAC8,V260N,0.28
Q9BY41,HDAC8,V260I,0.722
Q9BY41,HDAC8,V260K,0.3
Q9BY41,HDAC8,V260C,0.52
Q9BY41,HDAC8,V260D,0.268
Q9BY41,HDAC8,V260E,0.334
Q9BY41,HDAC8,V260A,0.544
Q9BY41,HDAC8,V260G,0.344
Q9BY41,HDAC8,V260H,0.296
Q9BY41,HDAC8,V260F,0.529
Q9BY41,HDAC8,V261N,0.203
Q9BY41,HDAC8,V261Y,0.368
Q9BY41,HDAC8,V261W,0.283
Q9BY41,HDAC8,V261T,0.42
Q9BY41,HDAC8,V261S,0.276
Q9BY41,HDAC8,V261R,0.169
Q9BY41,HDAC8,V261Q,0.264
Q9BY41,HDAC8,V261P,0.253
Q9BY41,HDAC8,V261M,0.586
Q9BY41,HDAC8,V261D,0.186
Q9BY41,HDAC8,V261K,0.222
Q9BY41,HDAC8,V261L,0.603
Q9BY41,HDAC8,V261C,0.466
Q9BY41,HDAC8,V261E,0.254
Q9BY41,HDAC8,V261A,0.48
Q9BY41,HDAC8,V261G,0.272
Q9BY41,HDAC8,V261H,0.214
Q9BY41,HDAC8,V261I,0.678
Q9BY41,HDAC8,V261F,0.489
Q9BY41,HDAC8,L262N,0.426
Q9BY41,HDAC8,L262W,0.568
Q9BY41,HDAC8,L262V,0.74
Q9BY41,HDAC8,L262T,0.532
Q9BY41,HDAC8,L262S,0.494
Q9BY41,HDAC8,L262R,0.482
Q9BY41,HDAC8,L262Q,0.51
Q9BY41,HDAC8,L262Y,0.554
Q9BY41,HDAC8,L262M,0.78
Q9BY41,HDAC8,L262P,0.482
Q9BY41,HDAC8,L262I,0.788
Q9BY41,HDAC8,L262A,0.544
Q9BY41,HDAC8,L262C,0.609
Q9BY41,HDAC8,L262D,0.343
Q9BY41,HDAC8,L262K,0.442
Q9BY41,HDAC8,L262F,0.723
Q9BY41,HDAC8,L262G,0.384
Q9BY41,HDAC8,L262H,0.482
Q9BY41,HDAC8,L262E,0.394
Q9BY41,HDAC8,Q263M,0.595
Q9BY41,HDAC8,Q263W,0.515
Q9BY41,HDAC8,Q263V,0.448
Q9BY41,HDAC8,Q263T,0.378
Q9BY41,HDAC8,Q263S,0.401
Q9BY41,HDAC8,Q263R,0.498
Q9BY41,HDAC8,Q263P,0.392
Q9BY41,HDAC8,Q263N,0.374
Q9BY41,HDAC8,Q263L,0.532
Q9BY41,HDAC8,Q263Y,0.486
Q9BY41,HDAC8,Q263I,0.424
Q9BY41,HDAC8,Q263A,0.402
Q9BY41,HDAC8,Q263C,0.448
Q9BY41,HDAC8,Q263D,0.336
Q9BY41,HDAC8,Q263K,0.446
Q9BY41,HDAC8,Q263F,0.43
Q9BY41,HDAC8,Q263G,0.351
Q9BY41,HDAC8,Q263H,0.51
Q9BY41,HDAC8,Q263E,0.481
Q9BY41,HDAC8,L264N,0.339
Q9BY41,HDAC8,L264W,0.456
Q9BY41,HDAC8,L264V,0.618
Q9BY41,HDAC8,L264T,0.456
Q9BY41,HDAC8,L264S,0.422
Q9BY41,HDAC8,L264R,0.412
Q9BY41,HDAC8,L264Q,0.438
Q9BY41,HDAC8,L264P,0.426
Q9BY41,HDAC8,L264Y,0.477
Q9BY41,HDAC8,L264K,0.364
Q9BY41,HDAC8,L264I,0.658
Q9BY41,HDAC8,L264H,0.408
Q9BY41,HDAC8,L264G,0.31
Q9BY41,HDAC8,L264F,0.603
Q9BY41,HDAC8,L264E,0.343
Q9BY41,HDAC8,L264D,0.292
Q9BY41,HDAC8,L264C,0.459
Q9BY41,HDAC8,L264A,0.466
Q9BY41,HDAC8,L264M,0.664
Q9BY41,HDAC8,G265Q,0.336
Q9BY41,HDAC8,G265R,0.38
Q9BY41,HDAC8,G265S,0.52
Q9BY41,HDAC8,G265Y,0.299
Q9BY41,HDAC8,G265V,0.456
Q9BY41,HDAC8,G265W,0.414
Q9BY41,HDAC8,G265T,0.404
Q9BY41,HDAC8,G265N,0.438
Q9BY41,HDAC8,G265P,0.322
Q9BY41,HDAC8,G265M,0.47
Q9BY41,HDAC8,G265A,0.593
Q9BY41,HDAC8,G265C,0.489
Q9BY41,HDAC8,G265D,0.394
Q9BY41,HDAC8,G265E,0.359
Q9BY41,HDAC8,G265L,0.416
Q9BY41,HDAC8,G265H,0.328
Q9BY41,HDAC8,G265I,0.408
Q9BY41,HDAC8,G265K,0.322
Q9BY41,HDAC8,G265F,0.395
Q9BY41,HDAC8,A266W,0.277
Q9BY41,HDAC8,A266V,0.606
Q9BY41,HDAC8,A266T,0.542
Q9BY41,HDAC8,A266S,0.56
Q9BY41,HDAC8,A266R,0.364
Q9BY41,HDAC8,A266Q,0.382
Q9BY41,HDAC8,A266P,0.42
Q9BY41,HDAC8,A266N,0.356
Q9BY41,HDAC8,A266M,0.543
Q9BY41,HDAC8,A266Y,0.404
Q9BY41,HDAC8,A266K,0.342
Q9BY41,HDAC8,A266C,0.591
Q9BY41,HDAC8,A266D,0.334
Q9BY41,HDAC8,A266E,0.379
Q9BY41,HDAC8,A266L,0.549
Q9BY41,HDAC8,A266G,0.55
Q9BY41,HDAC8,A266H,0.374
Q9BY41,HDAC8,A266I,0.546
Q9BY41,HDAC8,A266F,0.473
Q9BY41,HDAC8,D267N,0.55
Q9BY41,HDAC8,D267W,0.322
Q9BY41,HDAC8,D267V,0.457
Q9BY41,HDAC8,D267T,0.428
Q9BY41,HDAC8,D267S,0.445
Q9BY41,HDAC8,D267R,0.317
Q9BY41,HDAC8,D267Q,0.455
Q9BY41,HDAC8,D267P,0.277
Q9BY41,HDAC8,D267Y,0.416
Q9BY41,HDAC8,D267M,0.386
Q9BY41,HDAC8,D267K,0.349
Q9BY41,HDAC8,D267L,0.406
Q9BY41,HDAC8,D267A,0.428
Q9BY41,HDAC8,D267C,0.478
Q9BY41,HDAC8,D267E,0.543
Q9BY41,HDAC8,D267G,0.435
Q9BY41,HDAC8,D267H,0.506
Q9BY41,HDAC8,D267I,0.458
Q9BY41,HDAC8,D267F,0.464
Q9BY41,HDAC8,T268Y,0.461
Q9BY41,HDAC8,T268W,0.362
Q9BY41,HDAC8,T268V,0.624
Q9BY41,HDAC8,T268S,0.573
Q9BY41,HDAC8,T268R,0.421
Q9BY41,HDAC8,T268Q,0.43
Q9BY41,HDAC8,T268P,0.424
Q9BY41,HDAC8,T268N,0.492
Q9BY41,HDAC8,T268M,0.608
Q9BY41,HDAC8,T268K,0.431
Q9BY41,HDAC8,T268I,0.614
Q9BY41,HDAC8,T268A,0.602
Q9BY41,HDAC8,T268C,0.579
Q9BY41,HDAC8,T268D,0.376
Q9BY41,HDAC8,T268L,0.589
Q9BY41,HDAC8,T268F,0.516
Q9BY41,HDAC8,T268G,0.412
Q9BY41,HDAC8,T268H,0.384
Q9BY41,HDAC8,T268E,0.368
Q9BY41,HDAC8,I269N,0.488
Q9BY41,HDAC8,I269W,0.474
Q9BY41,HDAC8,I269V,0.791
Q9BY41,HDAC8,I269T,0.598
Q9BY41,HDAC8,I269S,0.498
Q9BY41,HDAC8,I269R,0.453
Q9BY41,HDAC8,I269Q,0.429
Q9BY41,HDAC8,I269P,0.434
Q9BY41,HDAC8,I269M,0.706
Q9BY41,HDAC8,I269Y,0.565
Q9BY41,HDAC8,I269K,0.449
Q9BY41,HDAC8,I269A,0.554
Q9BY41,HDAC8,I269C,0.572
Q9BY41,HDAC8,I269D,0.399
Q9BY41,HDAC8,I269L,0.76
Q9BY41,HDAC8,I269F,0.666
Q9BY41,HDAC8,I269G,0.406
Q9BY41,HDAC8,I269H,0.45
Q9BY41,HDAC8,I269E,0.418
Q9BY41,HDAC8,A270N,0.553
Q9BY41,HDAC8,A270W,0.513
Q9BY41,HDAC8,A270V,0.707
Q9BY41,HDAC8,A270T,0.683
Q9BY41,HDAC8,A270S,0.688
Q9BY41,HDAC8,A270R,0.544
Q9BY41,HDAC8,A270Q,0.573
Q9BY41,HDAC8,A270P,0.622
Q9BY41,HDAC8,A270Y,0.554
Q9BY41,HDAC8,A270M,0.642
Q9BY41,HDAC8,A270K,0.553
Q9BY41,HDAC8,A270I,0.631
Q9BY41,HDAC8,A270H,0.526
Q9BY41,HDAC8,A270G,0.647
Q9BY41,HDAC8,A270F,0.582
Q9BY41,HDAC8,A270E,0.593
Q9BY41,HDAC8,A270D,0.552
Q9BY41,HDAC8,A270C,0.644
Q9BY41,HDAC8,A270L,0.633
Q9BY41,HDAC8,G271P,0.63
Q9BY41,HDAC8,G271Q,0.656
Q9BY41,HDAC8,G271R,0.686
Q9BY41,HDAC8,G271Y,0.608
Q9BY41,HDAC8,G271T,0.662
Q9BY41,HDAC8,G271V,0.66
Q9BY41,HDAC8,G271W,0.664
Q9BY41,HDAC8,G271S,0.774
Q9BY41,HDAC8,G271N,0.756
Q9BY41,HDAC8,G271M,0.573
Q9BY41,HDAC8,G271K,0.651
Q9BY41,HDAC8,G271A,0.756
Q9BY41,HDAC8,G271C,0.654
Q9BY41,HDAC8,G271D,0.726
Q9BY41,HDAC8,G271L,0.563
Q9BY41,HDAC8,G271F,0.637
Q9BY41,HDAC8,G271H,0.654
Q9BY41,HDAC8,G271I,0.582
Q9BY41,HDAC8,G271E,0.686
Q9BY41,HDAC8,D272Y,0.516
Q9BY41,HDAC8,D272W,0.396
Q9BY41,HDAC8,D272V,0.536
Q9BY41,HDAC8,D272T,0.523
Q9BY41,HDAC8,D272S,0.546
Q9BY41,HDAC8,D272R,0.416
Q9BY41,HDAC8,D272Q,0.563
Q9BY41,HDAC8,D272N,0.656
Q9BY41,HDAC8,D272M,0.456
Q9BY41,HDAC8,D272P,0.348
Q9BY41,HDAC8,D272K,0.465
Q9BY41,HDAC8,D272L,0.456
Q9BY41,HDAC8,D272C,0.554
Q9BY41,HDAC8,D272E,0.659
Q9BY41,HDAC8,D272F,0.509
Q9BY41,HDAC8,D272A,0.534
Q9BY41,HDAC8,D272H,0.601
Q9BY41,HDAC8,D272I,0.509
Q9BY41,HDAC8,D272G,0.523
Q9BY41,HDAC8,P273N,0.65
Q9BY41,HDAC8,P273W,0.554
Q9BY41,HDAC8,P273Y,0.624
Q9BY41,HDAC8,P273V,0.686
Q9BY41,HDAC8,P273T,0.736
Q9BY41,HDAC8,P273S,0.742
Q9BY41,HDAC8,P273R,0.667
Q9BY41,HDAC8,P273Q,0.739
Q9BY41,HDAC8,P273M,0.685
Q9BY41,HDAC8,P273C,0.604
Q9BY41,HDAC8,P273K,0.672
Q9BY41,HDAC8,P273I,0.648
Q9BY41,HDAC8,P273H,0.686
Q9BY41,HDAC8,P273G,0.642
Q9BY41,HDAC8,P273F,0.608
Q9BY41,HDAC8,P273E,0.682
Q9BY41,HDAC8,P273D,0.656
Q9BY41,HDAC8,P273A,0.751
Q9BY41,HDAC8,P273L,0.707
Q9BY41,HDAC8,M274Q,0.516
Q9BY41,HDAC8,M274R,0.503
Q9BY41,HDAC8,M274S,0.494
Q9BY41,HDAC8,M274Y,0.445
Q9BY41,HDAC8,M274V,0.63
Q9BY41,HDAC8,M274W,0.489
Q9BY41,HDAC8,M274T,0.546
Q9BY41,HDAC8,M274N,0.436
Q9BY41,HDAC8,M274P,0.442
Q9BY41,HDAC8,M274L,0.668
Q9BY41,HDAC8,M274A,0.506
Q9BY41,HDAC8,M274C,0.482
Q9BY41,HDAC8,M274D,0.358
Q9BY41,HDAC8,M274E,0.424
Q9BY41,HDAC8,M274K,0.492
Q9BY41,HDAC8,M274G,0.35
Q9BY41,HDAC8,M274H,0.422
Q9BY41,HDAC8,M274I,0.619
Q9BY41,HDAC8,M274F,0.54
Q9BY41,HDAC8,C275N,0.546
Q9BY41,HDAC8,C275W,0.672
Q9BY41,HDAC8,C275V,0.601
Q9BY41,HDAC8,C275T,0.633
Q9BY41,HDAC8,C275S,0.654
Q9BY41,HDAC8,C275R,0.637
Q9BY41,HDAC8,C275Q,0.575
Q9BY41,HDAC8,C275P,0.604
Q9BY41,HDAC8,C275M,0.53
Q9BY41,HDAC8,C275Y,0.688
Q9BY41,HDAC8,C275K,0.57
Q9BY41,HDAC8,C275A,0.639
Q9BY41,HDAC8,C275D,0.456
Q9BY41,HDAC8,C275E,0.538
Q9BY41,HDAC8,C275L,0.632
Q9BY41,HDAC8,C275G,0.605
Q9BY41,HDAC8,C275H,0.604
Q9BY41,HDAC8,C275I,0.639
Q9BY41,HDAC8,C275F,0.666
Q9BY41,HDAC8,S276M,0.65
Q9BY41,HDAC8,S276W,0.514
Q9BY41,HDAC8,S276V,0.578
Q9BY41,HDAC8,S276T,0.696
Q9BY41,HDAC8,S276R,0.526
Q9BY41,HDAC8,S276Q,0.546
Q9BY41,HDAC8,S276P,0.532
Q9BY41,HDAC8,S276N,0.636
Q9BY41,HDAC8,S276Y,0.56
Q9BY41,HDAC8,S276L,0.614
Q9BY41,HDAC8,S276I,0.59
Q9BY41,HDAC8,S276H,0.571
Q9BY41,HDAC8,S276G,0.636
Q9BY41,HDAC8,S276F,0.588
Q9BY41,HDAC8,S276E,0.495
Q9BY41,HDAC8,S276D,0.53
Q9BY41,HDAC8,S276C,0.701
Q9BY41,HDAC8,S276A,0.723
Q9BY41,HDAC8,S276K,0.49
Q9BY41,HDAC8,F277P,0.169
Q9BY41,HDAC8,F277Q,0.232
Q9BY41,HDAC8,F277R,0.234
Q9BY41,HDAC8,F277Y,0.621
Q9BY41,HDAC8,F277T,0.338
Q9BY41,HDAC8,F277V,0.51
Q9BY41,HDAC8,F277W,0.53
Q9BY41,HDAC8,F277S,0.355
Q9BY41,HDAC8,F277N,0.258
Q9BY41,HDAC8,F277M,0.527
Q9BY41,HDAC8,F277K,0.201
Q9BY41,HDAC8,F277A,0.36
Q9BY41,HDAC8,F277C,0.459
Q9BY41,HDAC8,F277D,0.202
Q9BY41,HDAC8,F277L,0.591
Q9BY41,HDAC8,F277G,0.268
Q9BY41,HDAC8,F277H,0.417
Q9BY41,HDAC8,F277I,0.55
Q9BY41,HDAC8,F277E,0.157
Q9BY41,HDAC8,N278W,0.409
Q9BY41,HDAC8,N278V,0.52
Q9BY41,HDAC8,N278T,0.595
Q9BY41,HDAC8,N278S,0.644
Q9BY41,HDAC8,N278R,0.532
Q9BY41,HDAC8,N278Q,0.527
Q9BY41,HDAC8,N278P,0.424
Q9BY41,HDAC8,N278M,0.571
Q9BY41,HDAC8,N278L,0.512
Q9BY41,HDAC8,N278Y,0.524
Q9BY41,HDAC8,N278I,0.542
Q9BY41,HDAC8,N278A,0.506
Q9BY41,HDAC8,N278C,0.551
Q9BY41,HDAC8,N278D,0.596
Q9BY41,HDAC8,N278K,0.55
Q9BY41,HDAC8,N278F,0.48
Q9BY41,HDAC8,N278G,0.538
Q9BY41,HDAC8,N278H,0.651
Q9BY41,HDAC8,N278E,0.502
Q9BY41,HDAC8,M279N,0.253
Q9BY41,HDAC8,M279W,0.369
Q9BY41,HDAC8,M279V,0.577
Q9BY41,HDAC8,M279T,0.391
Q9BY41,HDAC8,M279S,0.295
Q9BY41,HDAC8,M279R,0.294
Q9BY41,HDAC8,M279Q,0.357
Q9BY41,HDAC8,M279P,0.211
Q9BY41,HDAC8,M279Y,0.37
Q9BY41,HDAC8,M279L,0.636
Q9BY41,HDAC8,M279I,0.583
Q9BY41,HDAC8,M279K,0.308
Q9BY41,HDAC8,M279A,0.401
Q9BY41,HDAC8,M279C,0.41
Q9BY41,HDAC8,M279D,0.16
Q9BY41,HDAC8,M279F,0.495
Q9BY41,HDAC8,M279G,0.279
Q9BY41,HDAC8,M279H,0.312
Q9BY41,HDAC8,M279E,0.236
Q9BY41,HDAC8,T280Y,0.502
Q9BY41,HDAC8,T280W,0.403
Q9BY41,HDAC8,T280V,0.671
Q9BY41,HDAC8,T280S,0.616
Q9BY41,HDAC8,T280R,0.468
Q9BY41,HDAC8,T280Q,0.472
Q9BY41,HDAC8,T280P,0.459
Q9BY41,HDAC8,T280N,0.536
Q9BY41,HDAC8,T280M,0.653
Q9BY41,HDAC8,T280L,0.641
Q9BY41,HDAC8,T280I,0.664
Q9BY41,HDAC8,T280A,0.646
Q9BY41,HDAC8,T280C,0.626
Q9BY41,HDAC8,T280D,0.418
Q9BY41,HDAC8,T280K,0.473
Q9BY41,HDAC8,T280F,0.556
Q9BY41,HDAC8,T280G,0.456
Q9BY41,HDAC8,T280H,0.428
Q9BY41,HDAC8,T280E,0.406
Q9BY41,HDAC8,P281M,0.544
Q9BY41,HDAC8,P281W,0.294
Q9BY41,HDAC8,P281V,0.534
Q9BY41,HDAC8,P281T,0.534
Q9BY41,HDAC8,P281S,0.516
Q9BY41,HDAC8,P281R,0.378
Q9BY41,HDAC8,P281Q,0.475
Q9BY41,HDAC8,P281N,0.347
Q9BY41,HDAC8,P281L,0.524
Q9BY41,HDAC8,P281Y,0.422
Q9BY41,HDAC8,P281I,0.458
Q9BY41,HDAC8,P281A,0.584
Q9BY41,HDAC8,P281C,0.542
Q9BY41,HDAC8,P281D,0.383
Q9BY41,HDAC8,P281K,0.39
Q9BY41,HDAC8,P281F,0.477
Q9BY41,HDAC8,P281G,0.414
Q9BY41,HDAC8,P281H,0.461
Q9BY41,HDAC8,P281E,0.406
Q9BY41,HDAC8,V282M,0.738
Q9BY41,HDAC8,V282W,0.473
Q9BY41,HDAC8,V282T,0.619
Q9BY41,HDAC8,V282S,0.497
Q9BY41,HDAC8,V282R,0.414
Q9BY41,HDAC8,V282Q,0.486
Q9BY41,HDAC8,V282P,0.448
Q9BY41,HDAC8,V282N,0.438
Q9BY41,HDAC8,V282Y,0.546
Q9BY41,HDAC8,V282L,0.736
Q9BY41,HDAC8,V282I,0.82
Q9BY41,HDAC8,V282H,0.438
Q9BY41,HDAC8,V282G,0.487
Q9BY41,HDAC8,V282F,0.627
Q9BY41,HDAC8,V282E,0.478
Q9BY41,HDAC8,V282D,0.422
Q9BY41,HDAC8,V282C,0.629
Q9BY41,HDAC8,V282A,0.662
Q9BY41,HDAC8,V282K,0.443
Q9BY41,HDAC8,G283P,0.355
Q9BY41,HDAC8,G283Q,0.368
Q9BY41,HDAC8,G283R,0.395
Q9BY41,HDAC8,G283N,0.475
Q9BY41,HDAC8,G283V,0.463
Q9BY41,HDAC8,G283W,0.406
Q9BY41,HDAC8,G283Y,0.304
Q9BY41,HDAC8,G283T,0.428
Q9BY41,HDAC8,G283M,0.466
Q9BY41,HDAC8,G283S,0.557
Q9BY41,HDAC8,G283K,0.344
Q9BY41,HDAC8,G283C,0.501
Q9BY41,HDAC8,G283D,0.406
Q9BY41,HDAC8,G283E,0.391
Q9BY41,HDAC8,G283A,0.628
Q9BY41,HDAC8,G283F,0.393
Q9BY41,HDAC8,G283H,0.342
Q9BY41,HDAC8,G283I,0.407
Q9BY41,HDAC8,G283L,0.401
Q9BY41,HDAC8,I284P,0.418
Q9BY41,HDAC8,I284Y,0.565
Q9BY41,HDAC8,I284W,0.483
Q9BY41,HDAC8,I284V,0.816
Q9BY41,HDAC8,I284T,0.591
Q9BY41,HDAC8,I284S,0.479
Q9BY41,HDAC8,I284R,0.436
Q9BY41,HDAC8,I284Q,0.412
Q9BY41,HDAC8,I284N,0.466
Q9BY41,HDAC8,I284M,0.722
Q9BY41,HDAC8,I284L,0.782
Q9BY41,HDAC8,I284C,0.58
Q9BY41,HDAC8,I284D,0.372
Q9BY41,HDAC8,I284E,0.396
Q9BY41,HDAC8,I284A,0.546
Q9BY41,HDAC8,I284G,0.39
Q9BY41,HDAC8,I284H,0.44
Q9BY41,HDAC8,I284K,0.424
Q9BY41,HDAC8,I284F,0.69
Q9BY41,HDAC8,G285N,0.502
Q9BY41,HDAC8,G285W,0.482
Q9BY41,HDAC8,G285V,0.542
Q9BY41,HDAC8,G285T,0.476
Q9BY41,HDAC8,G285S,0.593
Q9BY41,HDAC8,G285R,0.437
Q9BY41,HDAC8,G285Q,0.41
Q9BY41,HDAC8,G285P,0.402
Q9BY41,HDAC8,G285M,0.553
Q9BY41,HDAC8,G285Y,0.361
Q9BY41,HDAC8,G285K,0.384
Q9BY41,HDAC8,G285A,0.678
Q9BY41,HDAC8,G285C,0.57
Q9BY41,HDAC8,G285D,0.444
Q9BY41,HDAC8,G285L,0.496
Q9BY41,HDAC8,G285F,0.472
Q9BY41,HDAC8,G285H,0.39
Q9BY41,HDAC8,G285I,0.485
Q9BY41,HDAC8,G285E,0.426
Q9BY41,HDAC8,K286N,0.659
Q9BY41,HDAC8,K286W,0.655
Q9BY41,HDAC8,K286V,0.652
Q9BY41,HDAC8,K286T,0.646
Q9BY41,HDAC8,K286S,0.585
Q9BY41,HDAC8,K286R,0.796
Q9BY41,HDAC8,K286Q,0.725
Q9BY41,HDAC8,K286P,0.451
Q9BY41,HDAC8,K286M,0.698
Q9BY41,HDAC8,K286Y,0.604
Q9BY41,HDAC8,K286I,0.624
Q9BY41,HDAC8,K286A,0.609
Q9BY41,HDAC8,K286C,0.646
Q9BY41,HDAC8,K286D,0.508
Q9BY41,HDAC8,K286L,0.67
Q9BY41,HDAC8,K286F,0.573
Q9BY41,HDAC8,K286G,0.484
Q9BY41,HDAC8,K286H,0.631
Q9BY41,HDAC8,K286E,0.645
Q9BY41,HDAC8,C287N,0.37
Q9BY41,HDAC8,C287W,0.466
Q9BY41,HDAC8,C287V,0.569
Q9BY41,HDAC8,C287T,0.49
Q9BY41,HDAC8,C287S,0.508
Q9BY41,HDAC8,C287R,0.365
Q9BY41,HDAC8,C287Q,0.354
Q9BY41,HDAC8,C287P,0.275
Q9BY41,HDAC8,C287Y,0.467
Q9BY41,HDAC8,C287M,0.577
Q9BY41,HDAC8,C287K,0.275
Q9BY41,HDAC8,C287I,0.54
Q9BY41,HDAC8,C287H,0.393
Q9BY41,HDAC8,C287G,0.397
Q9BY41,HDAC8,C287F,0.527
Q9BY41,HDAC8,C287E,0.226
Q9BY41,HDAC8,C287D,0.338
Q9BY41,HDAC8,C287A,0.583
Q9BY41,HDAC8,C287L,0.566
Q9BY41,HDAC8,L288P,0.284
Q9BY41,HDAC8,L288Q,0.338
Q9BY41,HDAC8,L288R,0.328
Q9BY41,HDAC8,L288N,0.28
Q9BY41,HDAC8,L288T,0.433
Q9BY41,HDAC8,L288V,0.659
Q9BY41,HDAC8,L288W,0.441
Q9BY41,HDAC8,L288S,0.346
Q9BY41,HDAC8,L288M,0.699
Q9BY41,HDAC8,L288Y,0.446
Q9BY41,HDAC8,L288I,0.704
Q9BY41,HDAC8,L288A,0.464
Q9BY41,HDAC8,L288C,0.529
Q9BY41,HDAC8,L288D,0.16
Q9BY41,HDAC8,L288K,0.308
Q9BY41,HDAC8,L288F,0.629
Q9BY41,HDAC8,L288G,0.25
Q9BY41,HDAC8,L288H,0.3
Q9BY41,HDAC8,L288E,0.22
Q9BY41,HDAC8,K289W,0.681
Q9BY41,HDAC8,K289V,0.762
Q9BY41,HDAC8,K289T,0.807
Q9BY41,HDAC8,K289S,0.807
Q9BY41,HDAC8,K289R,0.914
Q9BY41,HDAC8,K289Q,0.87
Q9BY41,HDAC8,K289P,0.754
Q9BY41,HDAC8,K289N,0.843
Q9BY41,HDAC8,K289M,0.83
Q9BY41,HDAC8,K289Y,0.704
Q9BY41,HDAC8,K289I,0.74
Q9BY41,HDAC8,K289A,0.779
Q9BY41,HDAC8,K289C,0.669
Q9BY41,HDAC8,K289D,0.746
Q9BY41,HDAC8,K289L,0.758
Q9BY41,HDAC8,K289F,0.69
Q9BY41,HDAC8,K289G,0.728
Q9BY41,HDAC8,K289H,0.778
Q9BY41,HDAC8,K289E,0.861
Q9BY41,HDAC8,Y290M,0.588
Q9BY41,HDAC8,Y290V,0.591
Q9BY41,HDAC8,Y290T,0.492
Q9BY41,HDAC8,Y290S,0.498
Q9BY41,HDAC8,Y290R,0.522
Q9BY41,HDAC8,Y290Q,0.548
Q9BY41,HDAC8,Y290P,0.367
Q9BY41,HDAC8,Y290N,0.522
Q9BY41,HDAC8,Y290W,0.694
Q9BY41,HDAC8,Y290L,0.629
Q9BY41,HDAC8,Y290I,0.587
Q9BY41,HDAC8,Y290K,0.462
Q9BY41,HDAC8,Y290A,0.497
Q9BY41,HDAC8,Y290C,0.606
Q9BY41,HDAC8,Y290D,0.391
Q9BY41,HDAC8,Y290F,0.805
Q9BY41,HDAC8,Y290G,0.469
Q9BY41,HDAC8,Y290H,0.703
Q9BY41,HDAC8,Y290E,0.436
Q9BY41,HDAC8,I291Y,0.59
Q9BY41,HDAC8,I291W,0.494
Q9BY41,HDAC8,I291V,0.836
Q9BY41,HDAC8,I291T,0.631
Q9BY41,HDAC8,I291S,0.517
Q9BY41,HDAC8,I291R,0.474
Q9BY41,HDAC8,I291Q,0.451
Q9BY41,HDAC8,I291P,0.468
Q9BY41,HDAC8,I291N,0.506
Q9BY41,HDAC8,I291M,0.74
Q9BY41,HDAC8,I291K,0.472
Q9BY41,HDAC8,I291A,0.582
Q9BY41,HDAC8,I291C,0.594
Q9BY41,HDAC8,I291D,0.424
Q9BY41,HDAC8,I291L,0.784
Q9BY41,HDAC8,I291F,0.69
Q9BY41,HDAC8,I291G,0.431
Q9BY41,HDAC8,I291H,0.468
Q9BY41,HDAC8,I291E,0.446
Q9BY41,HDAC8,L292N,0.473
Q9BY41,HDAC8,L292W,0.547
Q9BY41,HDAC8,L292V,0.713
Q9BY41,HDAC8,L292T,0.587
Q9BY41,HDAC8,L292S,0.561
Q9BY41,HDAC8,L292R,0.542
Q9BY41,HDAC8,L292Q,0.565
Q9BY41,HDAC8,L292P,0.545
Q9BY41,HDAC8,L292M,0.759
Q9BY41,HDAC8,L292Y,0.586
Q9BY41,HDAC8,L292I,0.745
Q9BY41,HDAC8,L292A,0.587
Q9BY41,HDAC8,L292C,0.564
Q9BY41,HDAC8,L292D,0.426
Q9BY41,HDAC8,L292K,0.514
Q9BY41,HDAC8,L292F,0.686
Q9BY41,HDAC8,L292G,0.435
Q9BY41,HDAC8,L292H,0.524
Q9BY41,HDAC8,L292E,0.484
Q9BY41,HDAC8,Q293M,0.813
Q9BY41,HDAC8,Q293W,0.646
Q9BY41,HDAC8,Q293V,0.728
Q9BY41,HDAC8,Q293T,0.762
Q9BY41,HDAC8,Q293S,0.773
Q9BY41,HDAC8,Q293R,0.847
Q9BY41,HDAC8,Q293P,0.774
Q9BY41,HDAC8,Q293N,0.788
Q9BY41,HDAC8,Q293Y,0.733
Q9BY41,HDAC8,Q293L,0.76
Q9BY41,HDAC8,Q293I,0.69
Q9BY41,HDAC8,Q293H,0.824
Q9BY41,HDAC8,Q293G,0.702
Q9BY41,HDAC8,Q293F,0.675
Q9BY41,HDAC8,Q293E,0.878
Q9BY41,HDAC8,Q293D,0.766
Q9BY41,HDAC8,Q293C,0.674
Q9BY41,HDAC8,Q293A,0.756
Q9BY41,HDAC8,Q293K,0.836
Q9BY41,HDAC8,W294N,0.332
Q9BY41,HDAC8,W294P,0.283
Q9BY41,HDAC8,W294Q,0.466
Q9BY41,HDAC8,W294M,0.611
Q9BY41,HDAC8,W294S,0.436
Q9BY41,HDAC8,W294T,0.473
Q9BY41,HDAC8,W294V,0.528
Q9BY41,HDAC8,W294R,0.452
Q9BY41,HDAC8,W294L,0.615
Q9BY41,HDAC8,W294Y,0.693
Q9BY41,HDAC8,W294I,0.49
Q9BY41,HDAC8,W294A,0.478
Q9BY41,HDAC8,W294C,0.602
Q9BY41,HDAC8,W294D,0.318
Q9BY41,HDAC8,W294K,0.407
Q9BY41,HDAC8,W294F,0.698
Q9BY41,HDAC8,W294G,0.514
Q9BY41,HDAC8,W294H,0.481
Q9BY41,HDAC8,W294E,0.39
Q9BY41,HDAC8,Q295Y,0.768
Q9BY41,HDAC8,Q295W,0.696
Q9BY41,HDAC8,Q295V,0.755
Q9BY41,HDAC8,Q295T,0.798
Q9BY41,HDAC8,Q295S,0.811
Q9BY41,HDAC8,Q295R,0.889
Q9BY41,HDAC8,Q295P,0.809
Q9BY41,HDAC8,Q295M,0.84
Q9BY41,HDAC8,Q295L,0.782
Q9BY41,HDAC8,Q295N,0.828
Q9BY41,HDAC8,Q295I,0.717
Q9BY41,HDAC8,Q295K,0.878
Q9BY41,HDAC8,Q295C,0.703
Q9BY41,HDAC8,Q295D,0.806
Q9BY41,HDAC8,Q295E,0.919
Q9BY41,HDAC8,Q295A,0.79
Q9BY41,HDAC8,Q295G,0.736
Q9BY41,HDAC8,Q295H,0.861
Q9BY41,HDAC8,Q295F,0.7
Q9BY41,HDAC8,L296P,0.509
Q9BY41,HDAC8,L296W,0.515
Q9BY41,HDAC8,L296Y,0.54
Q9BY41,HDAC8,L296V,0.664
Q9BY41,HDAC8,L296T,0.53
Q9BY41,HDAC8,L296S,0.505
Q9BY41,HDAC8,L296R,0.499
Q9BY41,HDAC8,L296Q,0.523
Q9BY41,HDAC8,L296N,0.43
Q9BY41,HDAC8,L296C,0.516
Q9BY41,HDAC8,L296K,0.458
Q9BY41,HDAC8,L296I,0.7
Q9BY41,HDAC8,L296H,0.489
Q9BY41,HDAC8,L296G,0.39
Q9BY41,HDAC8,L296F,0.646
Q9BY41,HDAC8,L296E,0.436
Q9BY41,HDAC8,L296D,0.387
Q9BY41,HDAC8,L296A,0.532
Q9BY41,HDAC8,L296M,0.714
Q9BY41,HDAC8,A297Q,0.624
Q9BY41,HDAC8,A297R,0.594
Q9BY41,HDAC8,A297S,0.74
Q9BY41,HDAC8,A297Y,0.605
Q9BY41,HDAC8,A297V,0.766
Q9BY41,HDAC8,A297W,0.564
Q9BY41,HDAC8,A297T,0.734
Q9BY41,HDAC8,A297N,0.602
Q9BY41,HDAC8,A297P,0.678
Q9BY41,HDAC8,A297M,0.699
Q9BY41,HDAC8,A297C,0.698
Q9BY41,HDAC8,A297D,0.598
Q9BY41,HDAC8,A297E,0.642
Q9BY41,HDAC8,A297F,0.634
Q9BY41,HDAC8,A297L,0.686
Q9BY41,HDAC8,A297H,0.576
Q9BY41,HDAC8,A297I,0.687
Q9BY41,HDAC8,A297K,0.607
Q9BY41,HDAC8,A297G,0.7
Q9BY41,HDAC8,T298M,0.656
Q9BY41,HDAC8,T298W,0.381
Q9BY41,HDAC8,T298V,0.694
Q9BY41,HDAC8,T298S,0.632
Q9BY41,HDAC8,T298R,0.45
Q9BY41,HDAC8,T298Q,0.468
Q9BY41,HDAC8,T298P,0.476
Q9BY41,HDAC8,T298N,0.546
Q9BY41,HDAC8,T298L,0.641
Q9BY41,HDAC8,T298Y,0.48
Q9BY41,HDAC8,T298I,0.653
Q9BY41,HDAC8,T298A,0.669
Q9BY41,HDAC8,T298C,0.639
Q9BY41,HDAC8,T298D,0.42
Q9BY41,HDAC8,T298K,0.476
Q9BY41,HDAC8,T298F,0.54
Q9BY41,HDAC8,T298G,0.468
Q9BY41,HDAC8,T298H,0.408
Q9BY41,HDAC8,T298E,0.41
Q9BY41,HDAC8,L299N,0.244
Q9BY41,HDAC8,L299W,0.418
Q9BY41,HDAC8,L299V,0.602
Q9BY41,HDAC8,L299T,0.378
Q9BY41,HDAC8,L299S,0.32
Q9BY41,HDAC8,L299R,0.294
Q9BY41,HDAC8,L299Q,0.318
Q9BY41,HDAC8,L299P,0.277
Q9BY41,HDAC8,L299Y,0.416
Q9BY41,HDAC8,L299M,0.643
Q9BY41,HDAC8,L299I,0.653
Q9BY41,HDAC8,L299H,0.277
Q9BY41,HDAC8,L299G,0.209
Q9BY41,HDAC8,L299F,0.589
Q9BY41,HDAC8,L299E,0.178
Q9BY41,HDAC8,L299D,0.114
Q9BY41,HDAC8,L299C,0.473
Q9BY41,HDAC8,L299A,0.404
Q9BY41,HDAC8,L299K,0.268
Q9BY41,HDAC8,I300P,0.443
Q9BY41,HDAC8,I300Q,0.435
Q9BY41,HDAC8,I300R,0.463
Q9BY41,HDAC8,I300Y,0.572
Q9BY41,HDAC8,I300T,0.604
Q9BY41,HDAC8,I300V,0.82
Q9BY41,HDAC8,I300W,0.483
Q9BY41,HDAC8,I300S,0.502
Q9BY41,HDAC8,I300N,0.491
Q9BY41,HDAC8,I300M,0.726
Q9BY41,HDAC8,I300K,0.454
Q9BY41,HDAC8,I300A,0.57
Q9BY41,HDAC8,I300C,0.586
Q9BY41,HDAC8,I300D,0.397
Q9BY41,HDAC8,I300L,0.786
Q9BY41,HDAC8,I300F,0.69
Q9BY41,HDAC8,I300G,0.412
Q9BY41,HDAC8,I300H,0.46
Q9BY41,HDAC8,I300E,0.424
Q9BY41,HDAC8,L301W,0.368
Q9BY41,HDAC8,L301V,0.552
Q9BY41,HDAC8,L301T,0.353
Q9BY41,HDAC8,L301S,0.3
Q9BY41,HDAC8,L301R,0.275
Q9BY41,HDAC8,L301Q,0.294
Q9BY41,HDAC8,L301P,0.25
Q9BY41,HDAC8,L301N,0.226
Q9BY41,HDAC8,L301M,0.596
Q9BY41,HDAC8,L301Y,0.378
Q9BY41,HDAC8,L301I,0.6
Q9BY41,HDAC8,L301A,0.365
Q9BY41,HDAC8,L301C,0.431
Q9BY41,HDAC8,L301D,0.086
Q9BY41,HDAC8,L301K,0.252
Q9BY41,HDAC8,L301F,0.54
Q9BY41,HDAC8,L301G,0.188
Q9BY41,HDAC8,L301H,0.254
Q9BY41,HDAC8,L301E,0.143
Q9BY41,HDAC8,G302N,0.384
Q9BY41,HDAC8,G302W,0.338
Q9BY41,HDAC8,G302V,0.393
Q9BY41,HDAC8,G302T,0.34
Q9BY41,HDAC8,G302S,0.466
Q9BY41,HDAC8,G302R,0.332
Q9BY41,HDAC8,G302Q,0.288
Q9BY41,HDAC8,G302P,0.276
Q9BY41,HDAC8,G302Y,0.237
Q9BY41,HDAC8,G302M,0.398
Q9BY41,HDAC8,G302K,0.27
Q9BY41,HDAC8,G302L,0.342
Q9BY41,HDAC8,G302A,0.55
Q9BY41,HDAC8,G302C,0.426
Q9BY41,HDAC8,G302D,0.331
Q9BY41,HDAC8,G302F,0.34
Q9BY41,HDAC8,G302H,0.274
Q9BY41,HDAC8,G302I,0.353
Q9BY41,HDAC8,G302E,0.316
Q9BY41,HDAC8,G303Y,0.314
Q9BY41,HDAC8,G303W,0.441
Q9BY41,HDAC8,G303V,0.474
Q9BY41,HDAC8,G303T,0.429
Q9BY41,HDAC8,G303S,0.543
Q9BY41,HDAC8,G303R,0.413
Q9BY41,HDAC8,G303Q,0.37
Q9BY41,HDAC8,G303P,0.347
Q9BY41,HDAC8,G303N,0.462
Q9BY41,HDAC8,G303M,0.489
Q9BY41,HDAC8,G303K,0.355
Q9BY41,HDAC8,G303A,0.611
Q9BY41,HDAC8,G303C,0.512
Q9BY41,HDAC8,G303D,0.428
Q9BY41,HDAC8,G303L,0.43
Q9BY41,HDAC8,G303F,0.403
Q9BY41,HDAC8,G303H,0.358
Q9BY41,HDAC8,G303I,0.421
Q9BY41,HDAC8,G303E,0.399
Q9BY41,HDAC8,G304N,0.442
Q9BY41,HDAC8,G304W,0.39
Q9BY41,HDAC8,G304V,0.438
Q9BY41,HDAC8,G304T,0.41
Q9BY41,HDAC8,G304S,0.526
Q9BY41,HDAC8,G304R,0.388
Q9BY41,HDAC8,G304Q,0.348
Q9BY41,HDAC8,G304P,0.324
Q9BY41,HDAC8,G304M,0.448
Q9BY41,HDAC8,G304Y,0.28
Q9BY41,HDAC8,G304K,0.333
Q9BY41,HDAC8,G304A,0.59
Q9BY41,HDAC8,G304C,0.471
Q9BY41,HDAC8,G304D,0.406
Q9BY41,HDAC8,G304L,0.382
Q9BY41,HDAC8,G304F,0.363
Q9BY41,HDAC8,G304H,0.33
Q9BY41,HDAC8,G304I,0.378
Q9BY41,HDAC8,G304E,0.374
Q9BY41,HDAC8,G305N,0.486
Q9BY41,HDAC8,G305W,0.441
Q9BY41,HDAC8,G305V,0.486
Q9BY41,HDAC8,G305T,0.452
Q9BY41,HDAC8,G305S,0.569
Q9BY41,HDAC8,G305R,0.438
Q9BY41,HDAC8,G305Q,0.396
Q9BY41,HDAC8,G305P,0.364
Q9BY41,HDAC8,G305Y,0.324
Q9BY41,HDAC8,G305M,0.494
Q9BY41,HDAC8,G305K,0.378
Q9BY41,HDAC8,G305I,0.428
Q9BY41,HDAC8,G305H,0.374
Q9BY41,HDAC8,G305F,0.406
Q9BY41,HDAC8,G305E,0.423
Q9BY41,HDAC8,G305D,0.441
Q9BY41,HDAC8,G305C,0.52
Q9BY41,HDAC8,G305A,0.631
Q9BY41,HDAC8,G305L,0.429
Q9BY41,HDAC8,Y306N,0.544
Q9BY41,HDAC8,Y306P,0.506
Q9BY41,HDAC8,Y306Q,0.582
Q9BY41,HDAC8,Y306M,0.624
Q9BY41,HDAC8,Y306S,0.556
Q9BY41,HDAC8,Y306T,0.548
Q9BY41,HDAC8,Y306V,0.598
Q9BY41,HDAC8,Y306R,0.508
Q9BY41,HDAC8,Y306L,0.654
Q9BY41,HDAC8,Y306W,0.658
Q9BY41,HDAC8,Y306I,0.617
Q9BY41,HDAC8,Y306A,0.55
Q9BY41,HDAC8,Y306C,0.626
Q9BY41,HDAC8,Y306D,0.504
Q9BY41,HDAC8,Y306K,0.494
Q9BY41,HDAC8,Y306F,0.829
Q9BY41,HDAC8,Y306G,0.464
Q9BY41,HDAC8,Y306H,0.73
Q9BY41,HDAC8,Y306E,0.508
Q9BY41,HDAC8,N307Y,0.506
Q9BY41,HDAC8,N307W,0.382
Q9BY41,HDAC8,N307V,0.48
Q9BY41,HDAC8,N307T,0.551
Q9BY41,HDAC8,N307S,0.601
Q9BY41,HDAC8,N307R,0.498
Q9BY41,HDAC8,N307Q,0.486
Q9BY41,HDAC8,N307M,0.53
Q9BY41,HDAC8,N307L,0.478
Q9BY41,HDAC8,N307P,0.379
Q9BY41,HDAC8,N307I,0.514
Q9BY41,HDAC8,N307K,0.518
Q9BY41,HDAC8,N307C,0.515
Q9BY41,HDAC8,N307D,0.551
Q9BY41,HDAC8,N307E,0.456
Q9BY41,HDAC8,N307A,0.461
Q9BY41,HDAC8,N307G,0.493
Q9BY41,HDAC8,N307H,0.608
Q9BY41,HDAC8,N307F,0.44
Q9BY41,HDAC8,L308P,0.564
Q9BY41,HDAC8,L308Y,0.576
Q9BY41,HDAC8,L308W,0.545
Q9BY41,HDAC8,L308V,0.689
Q9BY41,HDAC8,L308T,0.581
Q9BY41,HDAC8,L308S,0.558
Q9BY41,HDAC8,L308R,0.546
Q9BY41,HDAC8,L308Q,0.576
Q9BY41,HDAC8,L308N,0.484
Q9BY41,HDAC8,L308D,0.448
Q9BY41,HDAC8,L308K,0.511
Q9BY41,HDAC8,L308M,0.738
Q9BY41,HDAC8,L308C,0.546
Q9BY41,HDAC8,L308E,0.496
Q9BY41,HDAC8,L308A,0.573
Q9BY41,HDAC8,L308G,0.439
Q9BY41,HDAC8,L308H,0.545
Q9BY41,HDAC8,L308I,0.718
Q9BY41,HDAC8,L308F,0.661
Q9BY41,HDAC8,A309N,0.436
Q9BY41,HDAC8,A309W,0.365
Q9BY41,HDAC8,A309V,0.67
Q9BY41,HDAC8,A309T,0.61
Q9BY41,HDAC8,A309S,0.626
Q9BY41,HDAC8,A309R,0.434
Q9BY41,HDAC8,A309Q,0.454
Q9BY41,HDAC8,A309Y,0.487
Q9BY41,HDAC8,A309M,0.607
Q9BY41,HDAC8,A309P,0.48
Q9BY41,HDAC8,A309K,0.411
Q9BY41,HDAC8,A309C,0.647
Q9BY41,HDAC8,A309D,0.414
Q9BY41,HDAC8,A309E,0.453
Q9BY41,HDAC8,A309L,0.616
Q9BY41,HDAC8,A309G,0.613
Q9BY41,HDAC8,A309H,0.446
Q9BY41,HDAC8,A309I,0.614
Q9BY41,HDAC8,A309F,0.55
Q9BY41,HDAC8,N310M,0.532
Q9BY41,HDAC8,N310W,0.36
Q9BY41,HDAC8,N310V,0.483
Q9BY41,HDAC8,N310T,0.558
Q9BY41,HDAC8,N310S,0.606
Q9BY41,HDAC8,N310R,0.496
Q9BY41,HDAC8,N310Q,0.492
Q9BY41,HDAC8,N310P,0.388
Q9BY41,HDAC8,N310L,0.471
Q9BY41,HDAC8,N310Y,0.482
Q9BY41,HDAC8,N310I,0.497
Q9BY41,HDAC8,N310A,0.467
Q9BY41,HDAC8,N310C,0.505
Q9BY41,HDAC8,N310D,0.56
Q9BY41,HDAC8,N310K,0.516
Q9BY41,HDAC8,N310F,0.426
Q9BY41,HDAC8,N310G,0.499
Q9BY41,HDAC8,N310H,0.61
Q9BY41,HDAC8,N310E,0.468
Q9BY41,HDAC8,T311M,0.512
Q9BY41,HDAC8,T311W,0.246
Q9BY41,HDAC8,T311V,0.564
Q9BY41,HDAC8,T311S,0.523
Q9BY41,HDAC8,T311R,0.318
Q9BY41,HDAC8,T311Q,0.338
Q9BY41,HDAC8,T311P,0.348
Q9BY41,HDAC8,T311N,0.422
Q9BY41,HDAC8,T311Y,0.342
Q9BY41,HDAC8,T311K,0.344
Q9BY41,HDAC8,T311I,0.507
Q9BY41,HDAC8,T311H,0.294
Q9BY41,HDAC8,T311G,0.346
Q9BY41,HDAC8,T311F,0.393
Q9BY41,HDAC8,T311E,0.286
Q9BY41,HDAC8,T311D,0.304
Q9BY41,HDAC8,T311C,0.514
Q9BY41,HDAC8,T311A,0.532
Q9BY41,HDAC8,T311L,0.499
Q9BY41,HDAC8,A312Q,0.416
Q9BY41,HDAC8,A312R,0.386
Q9BY41,HDAC8,A312S,0.601
Q9BY41,HDAC8,A312Y,0.422
Q9BY41,HDAC8,A312V,0.656
Q9BY41,HDAC8,A312W,0.326
Q9BY41,HDAC8,A312T,0.585
Q9BY41,HDAC8,A312N,0.392
Q9BY41,HDAC8,A312P,0.444
Q9BY41,HDAC8,A312M,0.583
Q9BY41,HDAC8,A312C,0.631
Q9BY41,HDAC8,A312D,0.36
Q9BY41,HDAC8,A312E,0.414
Q9BY41,HDAC8,A312F,0.498
Q9BY41,HDAC8,A312L,0.592
Q9BY41,HDAC8,A312H,0.391
Q9BY41,HDAC8,A312I,0.578
Q9BY41,HDAC8,A312K,0.385
Q9BY41,HDAC8,A312G,0.59
Q9BY41,HDAC8,R313W,0.486
Q9BY41,HDAC8,R313V,0.448
Q9BY41,HDAC8,R313T,0.468
Q9BY41,HDAC8,R313S,0.445
Q9BY41,HDAC8,R313Q,0.564
Q9BY41,HDAC8,R313P,0.321
Q9BY41,HDAC8,R313N,0.471
Q9BY41,HDAC8,R313M,0.581
Q9BY41,HDAC8,R313L,0.542
Q9BY41,HDAC8,R313Y,0.414
Q9BY41,HDAC8,R313I,0.472
Q9BY41,HDAC8,R313A,0.48
Q9BY41,HDAC8,R313C,0.464
Q9BY41,HDAC8,R313D,0.322
Q9BY41,HDAC8,R313K,0.588
Q9BY41,HDAC8,R313F,0.406
Q9BY41,HDAC8,R313G,0.412
Q9BY41,HDAC8,R313H,0.562
Q9BY41,HDAC8,R313E,0.406
Q9BY41,HDAC8,C314N,0.276
Q9BY41,HDAC8,C314W,0.36
Q9BY41,HDAC8,C314V,0.472
Q9BY41,HDAC8,C314T,0.39
Q9BY41,HDAC8,C314S,0.403
Q9BY41,HDAC8,C314R,0.27
Q9BY41,HDAC8,C314Q,0.272
Q9BY41,HDAC8,C314P,0.186
Q9BY41,HDAC8,C314Y,0.364
Q9BY41,HDAC8,C314M,0.478
Q9BY41,HDAC8,C314K,0.21
Q9BY41,HDAC8,C314L,0.466
Q9BY41,HDAC8,C314A,0.476
Q9BY41,HDAC8,C314D,0.248
Q9BY41,HDAC8,C314E,0.11
Q9BY41,HDAC8,C314G,0.3
Q9BY41,HDAC8,C314H,0.298
Q9BY41,HDAC8,C314I,0.44
Q9BY41,HDAC8,C314F,0.404
Q9BY41,HDAC8,W315Y,0.469
Q9BY41,HDAC8,W315V,0.28
Q9BY41,HDAC8,W315T,0.226
Q9BY41,HDAC8,W315S,0.206
Q9BY41,HDAC8,W315R,0.24
Q9BY41,HDAC8,W315Q,0.25
Q9BY41,HDAC8,W315P,0.092
Q9BY41,HDAC8,W315N,0.112
Q9BY41,HDAC8,W315M,0.358
Q9BY41,HDAC8,W315K,0.182
Q9BY41,HDAC8,W315I,0.254
Q9BY41,HDAC8,W315A,0.222
Q9BY41,HDAC8,W315C,0.356
Q9BY41,HDAC8,W315D,0.09
Q9BY41,HDAC8,W315L,0.37
Q9BY41,HDAC8,W315F,0.479
Q9BY41,HDAC8,W315G,0.276
Q9BY41,HDAC8,W315H,0.226
Q9BY41,HDAC8,W315E,0.176
Q9BY41,HDAC8,T316M,0.568
Q9BY41,HDAC8,T316W,0.289
Q9BY41,HDAC8,T316V,0.613
Q9BY41,HDAC8,T316S,0.533
Q9BY41,HDAC8,T316R,0.348
Q9BY41,HDAC8,T316Q,0.37
Q9BY41,HDAC8,T316P,0.369
Q9BY41,HDAC8,T316N,0.438
Q9BY41,HDAC8,T316L,0.572
Q9BY41,HDAC8,T316Y,0.389
Q9BY41,HDAC8,T316I,0.577
Q9BY41,HDAC8,T316A,0.569
Q9BY41,HDAC8,T316C,0.56
Q9BY41,HDAC8,T316D,0.323
Q9BY41,HDAC8,T316K,0.363
Q9BY41,HDAC8,T316F,0.466
Q9BY41,HDAC8,T316G,0.364
Q9BY41,HDAC8,T316H,0.321
Q9BY41,HDAC8,T316E,0.31
Q9BY41,HDAC8,Y317M,0.56
Q9BY41,HDAC8,Y317V,0.568
Q9BY41,HDAC8,Y317T,0.452
Q9BY41,HDAC8,Y317S,0.462
Q9BY41,HDAC8,Y317R,0.475
Q9BY41,HDAC8,Y317Q,0.508
Q9BY41,HDAC8,Y317P,0.363
Q9BY41,HDAC8,Y317N,0.477
Q9BY41,HDAC8,Y317W,0.673
Q9BY41,HDAC8,Y317L,0.611
Q9BY41,HDAC8,Y317I,0.568
Q9BY41,HDAC8,Y317H,0.664
Q9BY41,HDAC8,Y317G,0.432
Q9BY41,HDAC8,Y317F,0.787
Q9BY41,HDAC8,Y317E,0.392
Q9BY41,HDAC8,Y317D,0.388
Q9BY41,HDAC8,Y317C,0.582
Q9BY41,HDAC8,Y317A,0.464
Q9BY41,HDAC8,Y317K,0.41
Q9BY41,HDAC8,L318P,0.25
Q9BY41,HDAC8,L318Q,0.294
Q9BY41,HDAC8,L318R,0.276
Q9BY41,HDAC8,L318Y,0.37
Q9BY41,HDAC8,L318T,0.368
Q9BY41,HDAC8,L318V,0.576
Q9BY41,HDAC8,L318W,0.359
Q9BY41,HDAC8,L318S,0.288
Q9BY41,HDAC8,L318N,0.225
Q9BY41,HDAC8,L318M,0.615
Q9BY41,HDAC8,L318I,0.611
Q9BY41,HDAC8,L318A,0.397
Q9BY41,HDAC8,L318C,0.46
Q9BY41,HDAC8,L318D,0.132
Q9BY41,HDAC8,L318K,0.252
Q9BY41,HDAC8,L318F,0.535
Q9BY41,HDAC8,L318G,0.192
Q9BY41,HDAC8,L318H,0.262
Q9BY41,HDAC8,L318E,0.19
Q9BY41,HDAC8,T319Y,0.423
Q9BY41,HDAC8,T319W,0.334
Q9BY41,HDAC8,T319V,0.641
Q9BY41,HDAC8,T319S,0.572
Q9BY41,HDAC8,T319R,0.367
Q9BY41,HDAC8,T319Q,0.386
Q9BY41,HDAC8,T319P,0.405
Q9BY41,HDAC8,T319M,0.599
Q9BY41,HDAC8,T319L,0.59
Q9BY41,HDAC8,T319N,0.464
Q9BY41,HDAC8,T319I,0.604
Q9BY41,HDAC8,T319K,0.388
Q9BY41,HDAC8,T319C,0.579
Q9BY41,HDAC8,T319D,0.336
Q9BY41,HDAC8,T319E,0.326
Q9BY41,HDAC8,T319A,0.604
Q9BY41,HDAC8,T319G,0.397
Q9BY41,HDAC8,T319H,0.358
Q9BY41,HDAC8,T319F,0.5
Q9BY41,HDAC8,G320P,0.451
Q9BY41,HDAC8,G320W,0.498
Q9BY41,HDAC8,G320Y,0.389
Q9BY41,HDAC8,G320V,0.566
Q9BY41,HDAC8,G320T,0.527
Q9BY41,HDAC8,G320S,0.648
Q9BY41,HDAC8,G320R,0.502
Q9BY41,HDAC8,G320Q,0.455
Q9BY41,HDAC8,G320N,0.56
Q9BY41,HDAC8,G320C,0.596
Q9BY41,HDAC8,G320L,0.486
Q9BY41,HDAC8,G320K,0.445
Q9BY41,HDAC8,G320I,0.506
Q9BY41,HDAC8,G320H,0.434
Q9BY41,HDAC8,G320F,0.483
Q9BY41,HDAC8,G320E,0.492
Q9BY41,HDAC8,G320D,0.504
Q9BY41,HDAC8,G320A,0.72
Q9BY41,HDAC8,G320M,0.549
Q9BY41,HDAC8,V321P,0.442
Q9BY41,HDAC8,V321Q,0.479
Q9BY41,HDAC8,V321R,0.403
Q9BY41,HDAC8,V321Y,0.544
Q9BY41,HDAC8,V321T,0.612
Q9BY41,HDAC8,V321W,0.474
Q9BY41,HDAC8,V321S,0.487
Q9BY41,HDAC8,V321M,0.742
Q9BY41,HDAC8,V321N,0.426
Q9BY41,HDAC8,V321L,0.741
Q9BY41,HDAC8,V321A,0.66
Q9BY41,HDAC8,V321C,0.629
Q9BY41,HDAC8,V321D,0.423
Q9BY41,HDAC8,V321E,0.48
Q9BY41,HDAC8,V321K,0.43
Q9BY41,HDAC8,V321G,0.487
Q9BY41,HDAC8,V321H,0.429
Q9BY41,HDAC8,V321I,0.824
Q9BY41,HDAC8,V321F,0.632
Q9BY41,HDAC8,I322N,0.481
Q9BY41,HDAC8,I322W,0.498
Q9BY41,HDAC8,I322V,0.817
Q9BY41,HDAC8,I322T,0.594
Q9BY41,HDAC8,I322S,0.503
Q9BY41,HDAC8,I322R,0.458
Q9BY41,HDAC8,I322Q,0.44
Q9BY41,HDAC8,I322P,0.451
Q9BY41,HDAC8,I322M,0.732
Q9BY41,HDAC8,I322Y,0.589
Q9BY41,HDAC8,I322K,0.44
Q9BY41,HDAC8,I322A,0.569
Q9BY41,HDAC8,I322C,0.588
Q9BY41,HDAC8,I322D,0.41
Q9BY41,HDAC8,I322L,0.788
Q9BY41,HDAC8,I322F,0.695
Q9BY41,HDAC8,I322G,0.414
Q9BY41,HDAC8,I322H,0.458
Q9BY41,HDAC8,I322E,0.43
Q9BY41,HDAC8,L323N,0.471
Q9BY41,HDAC8,L323W,0.571
Q9BY41,HDAC8,L323V,0.722
Q9BY41,HDAC8,L323T,0.579
Q9BY41,HDAC8,L323S,0.549
Q9BY41,HDAC8,L323R,0.536
Q9BY41,HDAC8,L323Q,0.562
Q9BY41,HDAC8,L323P,0.542
Q9BY41,HDAC8,L323Y,0.598
Q9BY41,HDAC8,L323M,0.772
Q9BY41,HDAC8,L323I,0.762
Q9BY41,HDAC8,L323H,0.528
Q9BY41,HDAC8,L323G,0.435
Q9BY41,HDAC8,L323F,0.712
Q9BY41,HDAC8,L323E,0.48
Q9BY41,HDAC8,L323D,0.425
Q9BY41,HDAC8,L323C,0.57
Q9BY41,HDAC8,L323A,0.577
Q9BY41,HDAC8,L323K,0.49
Q9BY41,HDAC8,G324P,0.674
Q9BY41,HDAC8,G324Q,0.698
Q9BY41,HDAC8,G324R,0.73
Q9BY41,HDAC8,G324Y,0.647
Q9BY41,HDAC8,G324T,0.704
Q9BY41,HDAC8,G324V,0.698
Q9BY41,HDAC8,G324W,0.701
Q9BY41,HDAC8,G324S,0.818
Q9BY41,HDAC8,G324N,0.799
Q9BY41,HDAC8,G324M,0.611
Q9BY41,HDAC8,G324K,0.696
Q9BY41,HDAC8,G324A,0.8
Q9BY41,HDAC8,G324C,0.695
Q9BY41,HDAC8,G324D,0.768
Q9BY41,HDAC8,G324L,0.596
Q9BY41,HDAC8,G324F,0.67
Q9BY41,HDAC8,G324H,0.695
Q9BY41,HDAC8,G324I,0.62
Q9BY41,HDAC8,G324E,0.728
Q9BY41,HDAC8,K325W,0.719
Q9BY41,HDAC8,K325V,0.795
Q9BY41,HDAC8,K325T,0.84
Q9BY41,HDAC8,K325S,0.84
Q9BY41,HDAC8,K325R,0.952
Q9BY41,HDAC8,K325Q,0.907
Q9BY41,HDAC8,K325P,0.787
Q9BY41,HDAC8,K325N,0.878
Q9BY41,HDAC8,K325M,0.865
Q9BY41,HDAC8,K325Y,0.742
Q9BY41,HDAC8,K325I,0.776
Q9BY41,HDAC8,K325A,0.812
Q9BY41,HDAC8,K325C,0.702
Q9BY41,HDAC8,K325D,0.78
Q9BY41,HDAC8,K325L,0.792
Q9BY41,HDAC8,K325F,0.726
Q9BY41,HDAC8,K325G,0.758
Q9BY41,HDAC8,K325H,0.814
Q9BY41,HDAC8,K325E,0.897
Q9BY41,HDAC8,T326M,0.832
Q9BY41,HDAC8,T326W,0.686
Q9BY41,HDAC8,T326V,0.831
Q9BY41,HDAC8,T326S,0.89
Q9BY41,HDAC8,T326R,0.802
Q9BY41,HDAC8,T326Q,0.786
Q9BY41,HDAC8,T326P,0.81
Q9BY41,HDAC8,T326N,0.861
Q9BY41,HDAC8,T326Y,0.72
Q9BY41,HDAC8,T326L,0.754
Q9BY41,HDAC8,T326I,0.816
Q9BY41,HDAC8,T326K,0.807
Q9BY41,HDAC8,T326A,0.86
Q9BY41,HDAC8,T326C,0.744
Q9BY41,HDAC8,T326D,0.757
Q9BY41,HDAC8,T326F,0.71
Q9BY41,HDAC8,T326G,0.744
Q9BY41,HDAC8,T326H,0.759
Q9BY41,HDAC8,T326E,0.778
Q9BY41,HDAC8,L327Y,0.643
Q9BY41,HDAC8,L327W,0.617
Q9BY41,HDAC8,L327V,0.766
Q9BY41,HDAC8,L327T,0.635
Q9BY41,HDAC8,L327S,0.609
Q9BY41,HDAC8,L327R,0.603
Q9BY41,HDAC8,L327Q,0.628
Q9BY41,HDAC8,L327P,0.616
Q9BY41,HDAC8,L327N,0.534
Q9BY41,HDAC8,L327M,0.816
Q9BY41,HDAC8,L327I,0.804
Q9BY41,HDAC8,L327A,0.634
Q9BY41,HDAC8,L327C,0.615
Q9BY41,HDAC8,L327D,0.492
Q9BY41,HDAC8,L327K,0.561
Q9BY41,HDAC8,L327F,0.748
Q9BY41,HDAC8,L327G,0.491
Q9BY41,HDAC8,L327H,0.602
Q9BY41,HDAC8,L327E,0.539
Q9BY41,HDAC8,S328M,0.749
Q9BY41,HDAC8,S328W,0.641
Q9BY41,HDAC8,S328V,0.72
Q9BY41,HDAC8,S328T,0.85
Q9BY41,HDAC8,S328R,0.748
Q9BY41,HDAC8,S328Q,0.76
Q9BY41,HDAC8,S328P,0.775
Q9BY41,HDAC8,S328N,0.867
Q9BY41,HDAC8,S328L,0.738
Q9BY41,HDAC8,S328Y,0.72
Q9BY41,HDAC8,S328I,0.724
Q9BY41,HDAC8,S328A,0.844
Q9BY41,HDAC8,S328C,0.77
Q9BY41,HDAC8,S328D,0.76
Q9BY41,HDAC8,S328K,0.772
Q9BY41,HDAC8,S328F,0.752
Q9BY41,HDAC8,S328G,0.809
Q9BY41,HDAC8,S328H,0.73
Q9BY41,HDAC8,S328E,0.742
Q9BY41,HDAC8,S329M,0.678
Q9BY41,HDAC8,S329W,0.545
Q9BY41,HDAC8,S329V,0.653
Q9BY41,HDAC8,S329T,0.78
Q9BY41,HDAC8,S329R,0.67
Q9BY41,HDAC8,S329Q,0.685
Q9BY41,HDAC8,S329P,0.703
Q9BY41,HDAC8,S329N,0.793
Q9BY41,HDAC8,S329Y,0.639
Q9BY41,HDAC8,S329L,0.669
Q9BY41,HDAC8,S329I,0.652
Q9BY41,HDAC8,S329H,0.654
Q9BY41,HDAC8,S329G,0.74
Q9BY41,HDAC8,S329F,0.677
Q9BY41,HDAC8,S329E,0.666
Q9BY41,HDAC8,S329D,0.684
Q9BY41,HDAC8,S329C,0.702
Q9BY41,HDAC8,S329A,0.776
Q9BY41,HDAC8,S329K,0.696
Q9BY41,HDAC8,E330P,0.698
Q9BY41,HDAC8,E330Q,0.857
Q9BY41,HDAC8,E330R,0.734
Q9BY41,HDAC8,E330N,0.748
Q9BY41,HDAC8,E330T,0.716
Q9BY41,HDAC8,E330V,0.717
Q9BY41,HDAC8,E330W,0.601
Q9BY41,HDAC8,E330Y,0.652
Q9BY41,HDAC8,E330M,0.684
Q9BY41,HDAC8,E330S,0.732
Q9BY41,HDAC8,E330K,0.813
Q9BY41,HDAC8,E330A,0.747
Q9BY41,HDAC8,E330C,0.582
Q9BY41,HDAC8,E330D,0.87
Q9BY41,HDAC8,E330L,0.648
Q9BY41,HDAC8,E330G,0.712
Q9BY41,HDAC8,E330H,0.742
Q9BY41,HDAC8,E330I,0.665
Q9BY41,HDAC8,E330F,0.619
Q9BY41,HDAC8,I331N,0.48
Q9BY41,HDAC8,I331W,0.474
Q9BY41,HDAC8,I331V,0.8
Q9BY41,HDAC8,I331T,0.591
Q9BY41,HDAC8,I331S,0.504
Q9BY41,HDAC8,I331R,0.456
Q9BY41,HDAC8,I331Q,0.44
Q9BY41,HDAC8,I331P,0.454
Q9BY41,HDAC8,I331M,0.718
Q9BY41,HDAC8,I331Y,0.576
Q9BY41,HDAC8,I331K,0.442
Q9BY41,HDAC8,I331A,0.562
Q9BY41,HDAC8,I331C,0.573
Q9BY41,HDAC8,I331D,0.42
Q9BY41,HDAC8,I331L,0.765
Q9BY41,HDAC8,I331F,0.672
Q9BY41,HDAC8,I331G,0.414
Q9BY41,HDAC8,I331H,0.455
Q9BY41,HDAC8,I331E,0.439
Q9BY41,HDAC8,P332M,0.601
Q9BY41,HDAC8,P332W,0.432
Q9BY41,HDAC8,P332V,0.605
Q9BY41,HDAC8,P332T,0.652
Q9BY41,HDAC8,P332S,0.658
Q9BY41,HDAC8,P332R,0.578
Q9BY41,HDAC8,P332Q,0.65
Q9BY41,HDAC8,P332N,0.562
Q9BY41,HDAC8,P332Y,0.527
Q9BY41,HDAC8,P332L,0.622
Q9BY41,HDAC8,P332I,0.562
Q9BY41,HDAC8,P332H,0.596
Q9BY41,HDAC8,P332G,0.561
Q9BY41,HDAC8,P332F,0.495
Q9BY41,HDAC8,P332E,0.595
Q9BY41,HDAC8,P332D,0.568
Q9BY41,HDAC8,P332C,0.512
Q9BY41,HDAC8,P332A,0.67
Q9BY41,HDAC8,P332K,0.587
Q9BY41,HDAC8,D333Q,0.774
Q9BY41,HDAC8,D333R,0.678
Q9BY41,HDAC8,D333S,0.788
Q9BY41,HDAC8,D333P,0.709
Q9BY41,HDAC8,D333V,0.689
Q9BY41,HDAC8,D333W,0.587
Q9BY41,HDAC8,D333Y,0.717
Q9BY41,HDAC8,D333T,0.742
Q9BY41,HDAC8,D333N,0.862
Q9BY41,HDAC8,D333M,0.677
Q9BY41,HDAC8,D333L,0.629
Q9BY41,HDAC8,D333C,0.651
Q9BY41,HDAC8,D333E,0.901
Q9BY41,HDAC8,D333F,0.684
Q9BY41,HDAC8,D333A,0.738
Q9BY41,HDAC8,D333H,0.759
Q9BY41,HDAC8,D333I,0.672
Q9BY41,HDAC8,D333K,0.738
Q9BY41,HDAC8,D333G,0.784
Q9BY41,HDAC8,H334N,0.666
Q9BY41,HDAC8,H334W,0.532
Q9BY41,HDAC8,H334V,0.535
Q9BY41,HDAC8,H334T,0.514
Q9BY41,HDAC8,H334S,0.55
Q9BY41,HDAC8,H334R,0.595
Q9BY41,HDAC8,H334Q,0.607
Q9BY41,HDAC8,H334P,0.504
Q9BY41,HDAC8,H334M,0.574
Q9BY41,HDAC8,H334Y,0.786
Q9BY41,HDAC8,H334K,0.498
Q9BY41,HDAC8,H334A,0.516
Q9BY41,HDAC8,H334C,0.532
Q9BY41,HDAC8,H334D,0.53
Q9BY41,HDAC8,H334L,0.602
Q9BY41,HDAC8,H334F,0.681
Q9BY41,HDAC8,H334G,0.482
Q9BY41,HDAC8,H334I,0.548
Q9BY41,HDAC8,H334E,0.568
Q9BY41,HDAC8,E335N,0.812
Q9BY41,HDAC8,E335W,0.671
Q9BY41,HDAC8,E335V,0.776
Q9BY41,HDAC8,E335T,0.776
Q9BY41,HDAC8,E335S,0.793
Q9BY41,HDAC8,E335R,0.802
Q9BY41,HDAC8,E335Q,0.922
Q9BY41,HDAC8,E335P,0.758
Q9BY41,HDAC8,E335Y,0.72
Q9BY41,HDAC8,E335M,0.746
Q9BY41,HDAC8,E335K,0.876
Q9BY41,HDAC8,E335I,0.73
Q9BY41,HDAC8,E335H,0.808
Q9BY41,HDAC8,E335G,0.769
Q9BY41,HDAC8,E335F,0.684
Q9BY41,HDAC8,E335D,0.934
Q9BY41,HDAC8,E335C,0.643
Q9BY41,HDAC8,E335A,0.806
Q9BY41,HDAC8,E335L,0.71
Q9BY41,HDAC8,F336Q,0.444
Q9BY41,HDAC8,F336R,0.443
Q9BY41,HDAC8,F336S,0.571
Q9BY41,HDAC8,F336P,0.386
Q9BY41,HDAC8,F336V,0.681
Q9BY41,HDAC8,F336W,0.711
Q9BY41,HDAC8,F336Y,0.808
Q9BY41,HDAC8,F336T,0.541
Q9BY41,HDAC8,F336N,0.481
Q9BY41,HDAC8,F336M,0.699
Q9BY41,HDAC8,F336L,0.756
Q9BY41,HDAC8,F336C,0.658
Q9BY41,HDAC8,F336D,0.431
Q9BY41,HDAC8,F336E,0.37
Q9BY41,HDAC8,F336A,0.546
Q9BY41,HDAC8,F336H,0.616
Q9BY41,HDAC8,F336I,0.719
Q9BY41,HDAC8,F336K,0.414
Q9BY41,HDAC8,F336G,0.462
Q9BY41,HDAC8,F337N,0.49
Q9BY41,HDAC8,F337W,0.703
Q9BY41,HDAC8,F337V,0.67
Q9BY41,HDAC8,F337T,0.546
Q9BY41,HDAC8,F337S,0.579
Q9BY41,HDAC8,F337R,0.464
Q9BY41,HDAC8,F337Q,0.442
Q9BY41,HDAC8,F337P,0.374
Q9BY41,HDAC8,F337M,0.69
Q9BY41,HDAC8,F337Y,0.802
Q9BY41,HDAC8,F337K,0.436
Q9BY41,HDAC8,F337A,0.549
Q9BY41,HDAC8,F337C,0.652
Q9BY41,HDAC8,F337D,0.414
Q9BY41,HDAC8,F337L,0.736
Q9BY41,HDAC8,F337G,0.466
Q9BY41,HDAC8,F337H,0.624
Q9BY41,HDAC8,F337I,0.704
Q9BY41,HDAC8,F337E,0.364
Q9BY41,HDAC8,T338M,0.896
Q9BY41,HDAC8,T338W,0.744
Q9BY41,HDAC8,T338V,0.898
Q9BY41,HDAC8,T338S,0.956
Q9BY41,HDAC8,T338R,0.861
Q9BY41,HDAC8,T338Q,0.847
Q9BY41,HDAC8,T338P,0.876
Q9BY41,HDAC8,T338N,0.924
Q9BY41,HDAC8,T338Y,0.779
Q9BY41,HDAC8,T338L,0.818
Q9BY41,HDAC8,T338I,0.878
Q9BY41,HDAC8,T338H,0.82
Q9BY41,HDAC8,T338G,0.812
Q9BY41,HDAC8,T338F,0.77
Q9BY41,HDAC8,T338E,0.84
Q9BY41,HDAC8,T338D,0.82
Q9BY41,HDAC8,T338C,0.81
Q9BY41,HDAC8,T338A,0.928
Q9BY41,HDAC8,T338K,0.87
Q9BY41,HDAC8,A339Q,0.907
Q9BY41,HDAC8,A339R,0.878
Q9BY41,HDAC8,A339S,1.018
Q9BY41,HDAC8,A339P,0.954
Q9BY41,HDAC8,A339V,1.026
Q9BY41,HDAC8,A339W,0.839
Q9BY41,HDAC8,A339Y,0.881
Q9BY41,HDAC8,A339T,1.01
Q9BY41,HDAC8,A339N,0.885
Q9BY41,HDAC8,A339M,0.964
Q9BY41,HDAC8,A339L,0.945
Q9BY41,HDAC8,A339D,0.882
Q9BY41,HDAC8,A339E,0.926
Q9BY41,HDAC8,A339F,0.898
Q9BY41,HDAC8,A339C,0.965
Q9BY41,HDAC8,A339H,0.858
Q9BY41,HDAC8,A339I,0.951
Q9BY41,HDAC8,A339K,0.892
Q9BY41,HDAC8,A339G,0.974
Q9BY41,HDAC8,Y340M,0.643
Q9BY41,HDAC8,Y340V,0.65
Q9BY41,HDAC8,Y340T,0.517
Q9BY41,HDAC8,Y340S,0.516
Q9BY41,HDAC8,Y340R,0.523
Q9BY41,HDAC8,Y340Q,0.564
Q9BY41,HDAC8,Y340P,0.367
Q9BY41,HDAC8,Y340N,0.526
Q9BY41,HDAC8,Y340L,0.702
Q9BY41,HDAC8,Y340W,0.746
Q9BY41,HDAC8,Y340I,0.652
Q9BY41,HDAC8,Y340A,0.532
Q9BY41,HDAC8,Y340C,0.65
Q9BY41,HDAC8,Y340D,0.4
Q9BY41,HDAC8,Y340K,0.456
Q9BY41,HDAC8,Y340F,0.875
Q9BY41,HDAC8,Y340G,0.496
Q9BY41,HDAC8,Y340H,0.728
Q9BY41,HDAC8,Y340E,0.45
Q9BY41,HDAC8,G341N,0.843
Q9BY41,HDAC8,G341W,0.747
Q9BY41,HDAC8,G341V,0.752
Q9BY41,HDAC8,G341T,0.752
Q9BY41,HDAC8,G341S,0.865
Q9BY41,HDAC8,G341R,0.776
Q9BY41,HDAC8,G341Q,0.741
Q9BY41,HDAC8,G341P,0.722
Q9BY41,HDAC8,G341Y,0.694
Q9BY41,HDAC8,G341M,0.665
Q9BY41,HDAC8,G341K,0.742
Q9BY41,HDAC8,G341I,0.674
Q9BY41,HDAC8,G341H,0.743
Q9BY41,HDAC8,G341F,0.725
Q9BY41,HDAC8,G341E,0.77
Q9BY41,HDAC8,G341D,0.811
Q9BY41,HDAC8,G341C,0.747
Q9BY41,HDAC8,G341A,0.849
Q9BY41,HDAC8,G341L,0.654
Q9BY41,HDAC8,P342Q,0.866
Q9BY41,HDAC8,P342R,0.797
Q9BY41,HDAC8,P342S,0.867
Q9BY41,HDAC8,P342N,0.778
Q9BY41,HDAC8,P342V,0.791
Q9BY41,HDAC8,P342W,0.656
Q9BY41,HDAC8,P342Y,0.738
Q9BY41,HDAC8,P342T,0.858
Q9BY41,HDAC8,P342M,0.79
Q9BY41,HDAC8,P342L,0.803
Q9BY41,HDAC8,P342K,0.806
Q9BY41,HDAC8,P342C,0.703
Q9BY41,HDAC8,P342D,0.784
Q9BY41,HDAC8,P342E,0.813
Q9BY41,HDAC8,P342A,0.87
Q9BY41,HDAC8,P342G,0.762
Q9BY41,HDAC8,P342H,0.807
Q9BY41,HDAC8,P342I,0.75
Q9BY41,HDAC8,P342F,0.694
Q9BY41,HDAC8,D343N,0.932
Q9BY41,HDAC8,D343W,0.671
Q9BY41,HDAC8,D343V,0.78
Q9BY41,HDAC8,D343T,0.818
Q9BY41,HDAC8,D343S,0.86
Q9BY41,HDAC8,D343R,0.743
Q9BY41,HDAC8,D343Q,0.842
Q9BY41,HDAC8,D343P,0.782
Q9BY41,HDAC8,D343M,0.764
Q9BY41,HDAC8,D343Y,0.798
Q9BY41,HDAC8,D343K,0.798
Q9BY41,HDAC8,D343A,0.816
Q9BY41,HDAC8,D343C,0.738
Q9BY41,HDAC8,D343E,0.969
Q9BY41,HDAC8,D343L,0.728
Q9BY41,HDAC8,D343G,0.862
Q9BY41,HDAC8,D343H,0.83
Q9BY41,HDAC8,D343I,0.764
Q9BY41,HDAC8,D343F,0.778
Q9BY41,HDAC8,Y344M,0.697
Q9BY41,HDAC8,Y344V,0.701
Q9BY41,HDAC8,Y344T,0.618
Q9BY41,HDAC8,Y344S,0.629
Q9BY41,HDAC8,Y344R,0.646
Q9BY41,HDAC8,Y344Q,0.68
Q9BY41,HDAC8,Y344P,0.484
Q9BY41,HDAC8,Y344N,0.653
Q9BY41,HDAC8,Y344W,0.809
Q9BY41,HDAC8,Y344L,0.728
Q9BY41,HDAC8,Y344I,0.692
Q9BY41,HDAC8,Y344H,0.828
Q9BY41,HDAC8,Y344G,0.599
Q9BY41,HDAC8,Y344F,0.907
Q9BY41,HDAC8,Y344E,0.568
Q9BY41,HDAC8,Y344D,0.538
Q9BY41,HDAC8,Y344C,0.724
Q9BY41,HDAC8,Y344A,0.622
Q9BY41,HDAC8,Y344K,0.592
Q9BY41,HDAC8,V345P,0.544
Q9BY41,HDAC8,V345Q,0.579
Q9BY41,HDAC8,V345R,0.514
Q9BY41,HDAC8,V345N,0.535
Q9BY41,HDAC8,V345T,0.716
Q9BY41,HDAC8,V345W,0.545
Q9BY41,HDAC8,V345Y,0.624
Q9BY41,HDAC8,V345S,0.596
Q9BY41,HDAC8,V345M,0.812
Q9BY41,HDAC8,V345L,0.802
Q9BY41,HDAC8,V345K,0.552
Q9BY41,HDAC8,V345C,0.712
Q9BY41,HDAC8,V345D,0.514
Q9BY41,HDAC8,V345E,0.57
Q9BY41,HDAC8,V345A,0.754
Q9BY41,HDAC8,V345G,0.582
Q9BY41,HDAC8,V345H,0.53
Q9BY41,HDAC8,V345I,0.887
Q9BY41,HDAC8,V345F,0.691
Q9BY41,HDAC8,L346N,0.436
Q9BY41,HDAC8,L346W,0.571
Q9BY41,HDAC8,L346V,0.73
Q9BY41,HDAC8,L346T,0.543
Q9BY41,HDAC8,L346S,0.486
Q9BY41,HDAC8,L346R,0.484
Q9BY41,HDAC8,L346Q,0.492
Q9BY41,HDAC8,L346P,0.414
Q9BY41,HDAC8,L346M,0.778
Q9BY41,HDAC8,L346Y,0.565
Q9BY41,HDAC8,L346I,0.774
Q9BY41,HDAC8,L346A,0.556
Q9BY41,HDAC8,L346C,0.608
Q9BY41,HDAC8,L346D,0.325
Q9BY41,HDAC8,L346K,0.454
Q9BY41,HDAC8,L346F,0.709
Q9BY41,HDAC8,L346G,0.386
Q9BY41,HDAC8,L346H,0.44
Q9BY41,HDAC8,L346E,0.387
Q9BY41,HDAC8,E347N,0.863
Q9BY41,HDAC8,E347W,0.73
Q9BY41,HDAC8,E347V,0.848
Q9BY41,HDAC8,E347T,0.836
Q9BY41,HDAC8,E347S,0.849
Q9BY41,HDAC8,E347R,0.85
Q9BY41,HDAC8,E347Q,0.974
Q9BY41,HDAC8,E347P,0.816
Q9BY41,HDAC8,E347Y,0.777
Q9BY41,HDAC8,E347M,0.814
Q9BY41,HDAC8,E347K,0.926
Q9BY41,HDAC8,E347I,0.798
Q9BY41,HDAC8,E347H,0.861
Q9BY41,HDAC8,E347G,0.831
Q9BY41,HDAC8,E347F,0.754
Q9BY41,HDAC8,E347D,0.984
Q9BY41,HDAC8,E347C,0.712
Q9BY41,HDAC8,E347A,0.87
Q9BY41,HDAC8,E347L,0.785
Q9BY41,HDAC8,I348Q,0.509
Q9BY41,HDAC8,I348R,0.526
Q9BY41,HDAC8,I348S,0.571
Q9BY41,HDAC8,I348P,0.514
Q9BY41,HDAC8,I348V,0.854
Q9BY41,HDAC8,I348W,0.548
Q9BY41,HDAC8,I348Y,0.644
Q9BY41,HDAC8,I348T,0.658
Q9BY41,HDAC8,I348N,0.555
Q9BY41,HDAC8,I348M,0.772
Q9BY41,HDAC8,I348L,0.82
Q9BY41,HDAC8,I348C,0.632
Q9BY41,HDAC8,I348D,0.493
Q9BY41,HDAC8,I348E,0.508
Q9BY41,HDAC8,I348A,0.621
Q9BY41,HDAC8,I348G,0.479
Q9BY41,HDAC8,I348H,0.522
Q9BY41,HDAC8,I348K,0.509
Q9BY41,HDAC8,I348F,0.73
Q9BY41,HDAC8,T349M,0.904
Q9BY41,HDAC8,T349W,0.756
Q9BY41,HDAC8,T349V,0.903
Q9BY41,HDAC8,T349S,0.962
Q9BY41,HDAC8,T349R,0.872
Q9BY41,HDAC8,T349Q,0.857
Q9BY41,HDAC8,T349P,0.883
Q9BY41,HDAC8,T349N,0.933
Q9BY41,HDAC8,T349L,0.825
Q9BY41,HDAC8,T349Y,0.791
Q9BY41,HDAC8,T349I,0.888
Q9BY41,HDAC8,T349A,0.932
Q9BY41,HDAC8,T349C,0.816
Q9BY41,HDAC8,T349D,0.828
Q9BY41,HDAC8,T349K,0.879
Q9BY41,HDAC8,T349F,0.781
Q9BY41,HDAC8,T349G,0.816
Q9BY41,HDAC8,T349H,0.83
Q9BY41,HDAC8,T349E,0.849
Q9BY41,HDAC8,P350M,0.714
Q9BY41,HDAC8,P350W,0.575
Q9BY41,HDAC8,P350V,0.712
Q9BY41,HDAC8,P350T,0.746
Q9BY41,HDAC8,P350S,0.747
Q9BY41,HDAC8,P350R,0.679
Q9BY41,HDAC8,P350Q,0.743
Q9BY41,HDAC8,P350N,0.657
Q9BY41,HDAC8,P350Y,0.651
Q9BY41,HDAC8,P350L,0.75
Q9BY41,HDAC8,P350I,0.686
Q9BY41,HDAC8,P350H,0.7
Q9BY41,HDAC8,P350G,0.648
Q9BY41,HDAC8,P350F,0.64
Q9BY41,HDAC8,P350E,0.684
Q9BY41,HDAC8,P350D,0.658
Q9BY41,HDAC8,P350C,0.616
Q9BY41,HDAC8,P350A,0.76
Q9BY41,HDAC8,P350K,0.674
Q9BY41,HDAC8,S351P,0.79
Q9BY41,HDAC8,S351Q,0.777
Q9BY41,HDAC8,S351R,0.756
Q9BY41,HDAC8,S351N,0.883
Q9BY41,HDAC8,S351V,0.746
Q9BY41,HDAC8,S351W,0.667
Q9BY41,HDAC8,S351Y,0.744
Q9BY41,HDAC8,S351T,0.868
Q9BY41,HDAC8,S351M,0.772
Q9BY41,HDAC8,S351L,0.768
Q9BY41,HDAC8,S351K,0.775
Q9BY41,HDAC8,S351C,0.794
Q9BY41,HDAC8,S351D,0.782
Q9BY41,HDAC8,S351E,0.762
Q9BY41,HDAC8,S351A,0.863
Q9BY41,HDAC8,S351G,0.828
Q9BY41,HDAC8,S351H,0.746
Q9BY41,HDAC8,S351I,0.75
Q9BY41,HDAC8,S351F,0.782
Q9BY41,HDAC8,C352N,0.754
Q9BY41,HDAC8,C352W,0.865
Q9BY41,HDAC8,C352V,0.784
Q9BY41,HDAC8,C352T,0.832
Q9BY41,HDAC8,C352S,0.856
Q9BY41,HDAC8,C352R,0.849
Q9BY41,HDAC8,C352Q,0.782
Q9BY41,HDAC8,C352P,0.806
Q9BY41,HDAC8,C352M,0.704
Q9BY41,HDAC8,C352Y,0.883
Q9BY41,HDAC8,C352K,0.786
Q9BY41,HDAC8,C352A,0.835
Q9BY41,HDAC8,C352D,0.661
Q9BY41,HDAC8,C352E,0.745
Q9BY41,HDAC8,C352L,0.808
Q9BY41,HDAC8,C352G,0.802
Q9BY41,HDAC8,C352H,0.808
Q9BY41,HDAC8,C352I,0.824
Q9BY41,HDAC8,C352F,0.847
Q9BY41,HDAC8,R353M,0.739
Q9BY41,HDAC8,R353W,0.688
Q9BY41,HDAC8,R353V,0.658
Q9BY41,HDAC8,R353T,0.713
Q9BY41,HDAC8,R353S,0.705
Q9BY41,HDAC8,R353Q,0.795
Q9BY41,HDAC8,R353P,0.656
Q9BY41,HDAC8,R353N,0.732
Q9BY41,HDAC8,R353Y,0.673
Q9BY41,HDAC8,R353L,0.728
Q9BY41,HDAC8,R353I,0.67
Q9BY41,HDAC8,R353H,0.781
Q9BY41,HDAC8,R353G,0.691
Q9BY41,HDAC8,R353F,0.624
Q9BY41,HDAC8,R353E,0.69
Q9BY41,HDAC8,R353D,0.598
Q9BY41,HDAC8,R353C,0.715
Q9BY41,HDAC8,R353A,0.672
Q9BY41,HDAC8,R353K,0.824
Q9BY41,HDAC8,P354Q,0.827
Q9BY41,HDAC8,P354R,0.757
Q9BY41,HDAC8,P354Y,0.715
Q9BY41,HDAC8,P354N,0.738
Q9BY41,HDAC8,P354T,0.822
Q9BY41,HDAC8,P354V,0.77
Q9BY41,HDAC8,P354W,0.636
Q9BY41,HDAC8,P354S,0.828
Q9BY41,HDAC8,P354M,0.77
Q9BY41,HDAC8,P354F,0.682
Q9BY41,HDAC8,P354K,0.758
Q9BY41,HDAC8,P354A,0.835
Q9BY41,HDAC8,P354C,0.678
Q9BY41,HDAC8,P354D,0.748
Q9BY41,HDAC8,P354L,0.792
Q9BY41,HDAC8,P354G,0.727
Q9BY41,HDAC8,P354H,0.773
Q9BY41,HDAC8,P354I,0.734
Q9BY41,HDAC8,P354E,0.774
Q9BY41,HDAC8,D355N,0.838
Q9BY41,HDAC8,D355W,0.586
Q9BY41,HDAC8,D355V,0.706
Q9BY41,HDAC8,D355T,0.73
Q9BY41,HDAC8,D355S,0.768
Q9BY41,HDAC8,D355R,0.644
Q9BY41,HDAC8,D355Q,0.747
Q9BY41,HDAC8,D355P,0.69
Q9BY41,HDAC8,D355M,0.688
Q9BY41,HDAC8,D355Y,0.714
Q9BY41,HDAC8,D355K,0.699
Q9BY41,HDAC8,D355A,0.729
Q9BY41,HDAC8,D355C,0.66
Q9BY41,HDAC8,D355E,0.873
Q9BY41,HDAC8,D355L,0.661
Q9BY41,HDAC8,D355G,0.775
Q9BY41,HDAC8,D355H,0.736
Q9BY41,HDAC8,D355I,0.688
Q9BY41,HDAC8,D355F,0.708
Q9BY41,HDAC8,R356M,0.809
Q9BY41,HDAC8,R356W,0.766
Q9BY41,HDAC8,R356V,0.726
Q9BY41,HDAC8,R356T,0.804
Q9BY41,HDAC8,R356S,0.799
Q9BY41,HDAC8,R356Q,0.896
Q9BY41,HDAC8,R356P,0.75
Q9BY41,HDAC8,R356N,0.831
Q9BY41,HDAC8,R356Y,0.756
Q9BY41,HDAC8,R356L,0.782
Q9BY41,HDAC8,R356I,0.735
Q9BY41,HDAC8,R356H,0.872
Q9BY41,HDAC8,R356G,0.778
Q9BY41,HDAC8,R356F,0.682
Q9BY41,HDAC8,R356E,0.794
Q9BY41,HDAC8,R356D,0.698
Q9BY41,HDAC8,R356C,0.782
Q9BY41,HDAC8,R356A,0.757
Q9BY41,HDAC8,R356K,0.932
Q9BY41,HDAC8,N357Q,0.692
Q9BY41,HDAC8,N357R,0.701
Q9BY41,HDAC8,N357S,0.804
Q9BY41,HDAC8,N357P,0.586
Q9BY41,HDAC8,N357V,0.715
Q9BY41,HDAC8,N357W,0.592
Q9BY41,HDAC8,N357Y,0.728
Q9BY41,HDAC8,N357T,0.76
Q9BY41,HDAC8,N357M,0.766
Q9BY41,HDAC8,N357L,0.724
Q9BY41,HDAC8,N357K,0.714
Q9BY41,HDAC8,N357C,0.737
Q9BY41,HDAC8,N357D,0.753
Q9BY41,HDAC8,N357E,0.663
Q9BY41,HDAC8,N357A,0.678
Q9BY41,HDAC8,N357G,0.698
Q9BY41,HDAC8,N357H,0.817
Q9BY41,HDAC8,N357I,0.748
Q9BY41,HDAC8,N357F,0.673
Q9BY41,HDAC8,E358N,0.928
Q9BY41,HDAC8,E358W,0.772
Q9BY41,HDAC8,E358V,0.888
Q9BY41,HDAC8,E358T,0.893
Q9BY41,HDAC8,E358S,0.912
Q9BY41,HDAC8,E358R,0.913
Q9BY41,HDAC8,E358Q,1.037
Q9BY41,HDAC8,E358P,0.877
Q9BY41,HDAC8,E358M,0.854
Q9BY41,HDAC8,E358Y,0.824
Q9BY41,HDAC8,E358K,0.995
Q9BY41,HDAC8,E358A,0.924
Q9BY41,HDAC8,E358C,0.755
Q9BY41,HDAC8,E358D,1.05
Q9BY41,HDAC8,E358L,0.814
Q9BY41,HDAC8,E358G,0.89
Q9BY41,HDAC8,E358H,0.918
Q9BY41,HDAC8,E358I,0.832
Q9BY41,HDAC8,E358F,0.784
Q9BY41,HDAC8,P359M,0.868
Q9BY41,HDAC8,P359W,0.728
Q9BY41,HDAC8,P359V,0.87
Q9BY41,HDAC8,P359T,0.937
Q9BY41,HDAC8,P359S,0.946
Q9BY41,HDAC8,P359R,0.871
Q9BY41,HDAC8,P359Q,0.942
Q9BY41,HDAC8,P359N,0.854
Q9BY41,HDAC8,P359Y,0.812
Q9BY41,HDAC8,P359L,0.881
Q9BY41,HDAC8,P359I,0.827
Q9BY41,HDAC8,P359H,0.882
Q9BY41,HDAC8,P359G,0.844
Q9BY41,HDAC8,P359F,0.768
Q9BY41,HDAC8,P359E,0.89
Q9BY41,HDAC8,P359D,0.861
Q9BY41,HDAC8,P359C,0.782
Q9BY41,HDAC8,P359A,0.95
Q9BY41,HDAC8,P359K,0.883
Q9BY41,HDAC8,H360Q,1.054
Q9BY41,HDAC8,H360R,1.06
Q9BY41,HDAC8,H360S,0.967
Q9BY41,HDAC8,H360P,0.953
Q9BY41,HDAC8,H360V,0.876
Q9BY41,HDAC8,H360W,0.928
Q9BY41,HDAC8,H360Y,1.094
Q9BY41,HDAC8,H360T,0.934
Q9BY41,HDAC8,H360N,1.078
Q9BY41,HDAC8,H360M,0.943
Q9BY41,HDAC8,H360L,0.922
Q9BY41,HDAC8,H360C,0.942
Q9BY41,HDAC8,H360D,0.996
Q9BY41,HDAC8,H360E,0.988
Q9BY41,HDAC8,H360A,0.914
Q9BY41,HDAC8,H360G,0.926
Q9BY41,HDAC8,H360I,0.883
Q9BY41,HDAC8,H360K,0.981
Q9BY41,HDAC8,H360F,0.97
Q9BY41,HDAC8,R361M,0.961
Q9BY41,HDAC8,R361W,0.909
Q9BY41,HDAC8,R361V,0.88
Q9BY41,HDAC8,R361T,0.95
Q9BY41,HDAC8,R361S,0.944
Q9BY41,HDAC8,R361Q,1.039
Q9BY41,HDAC8,R361P,0.898
Q9BY41,HDAC8,R361N,0.974
Q9BY41,HDAC8,R361L,0.936
Q9BY41,HDAC8,R361Y,0.899
Q9BY41,HDAC8,R361I,0.885
Q9BY41,HDAC8,R361A,0.908
Q9BY41,HDAC8,R361C,0.934
Q9BY41,HDAC8,R361D,0.842
Q9BY41,HDAC8,R361K,1.074
Q9BY41,HDAC8,R361F,0.832
Q9BY41,HDAC8,R361G,0.926
Q9BY41,HDAC8,R361H,1.013
Q9BY41,HDAC8,R361E,0.94
Q9BY41,HDAC8,I362N,0.764
Q9BY41,HDAC8,I362W,0.75
Q9BY41,HDAC8,I362V,1.069
Q9BY41,HDAC8,I362T,0.874
Q9BY41,HDAC8,I362S,0.786
Q9BY41,HDAC8,I362R,0.734
Q9BY41,HDAC8,I362Q,0.722
Q9BY41,HDAC8,I362P,0.73
Q9BY41,HDAC8,I362Y,0.85
Q9BY41,HDAC8,I362M,0.984
Q9BY41,HDAC8,I362K,0.728
Q9BY41,HDAC8,I362H,0.73
Q9BY41,HDAC8,I362G,0.696
Q9BY41,HDAC8,I362F,0.934
Q9BY41,HDAC8,I362E,0.724
Q9BY41,HDAC8,I362D,0.705
Q9BY41,HDAC8,I362C,0.846
Q9BY41,HDAC8,I362A,0.841
Q9BY41,HDAC8,I362L,1.027
Q9BY41,HDAC8,Q363P,0.926
Q9BY41,HDAC8,Q363R,0.998
Q9BY41,HDAC8,Q363S,0.926
Q9BY41,HDAC8,Q363N,0.938
Q9BY41,HDAC8,Q363V,0.884
Q9BY41,HDAC8,Q363W,0.767
Q9BY41,HDAC8,Q363Y,0.882
Q9BY41,HDAC8,Q363T,0.916
Q9BY41,HDAC8,Q363M,0.966
Q9BY41,HDAC8,Q363L,0.901
Q9BY41,HDAC8,Q363K,0.989
Q9BY41,HDAC8,Q363C,0.809
Q9BY41,HDAC8,Q363D,0.912
Q9BY41,HDAC8,Q363E,1.022
Q9BY41,HDAC8,Q363A,0.912
Q9BY41,HDAC8,Q363G,0.856
Q9BY41,HDAC8,Q363H,0.974
Q9BY41,HDAC8,Q363I,0.822
Q9BY41,HDAC8,Q363F,0.813
Q9BY41,HDAC8,Q364M,0.97
Q9BY41,HDAC8,Q364W,0.776
Q9BY41,HDAC8,Q364V,0.887
Q9BY41,HDAC8,Q364T,0.93
Q9BY41,HDAC8,Q364S,0.942
Q9BY41,HDAC8,Q364R,1.012
Q9BY41,HDAC8,Q364P,0.942
Q9BY41,HDAC8,Q364N,0.954
Q9BY41,HDAC8,Q364L,0.904
Q9BY41,HDAC8,Q364Y,0.886
Q9BY41,HDAC8,Q364I,0.827
Q9BY41,HDAC8,Q364A,0.923
Q9BY41,HDAC8,Q364C,0.824
Q9BY41,HDAC8,Q364D,0.931
Q9BY41,HDAC8,Q364K,1.005
Q9BY41,HDAC8,Q364F,0.817
Q9BY41,HDAC8,Q364G,0.871
Q9BY41,HDAC8,Q364H,0.988
Q9BY41,HDAC8,Q364E,1.039
Q9BY41,HDAC8,I365N,0.566
Q9BY41,HDAC8,I365W,0.682
Q9BY41,HDAC8,I365V,1.025
Q9BY41,HDAC8,I365T,0.796
Q9BY41,HDAC8,I365S,0.674
Q9BY41,HDAC8,I365R,0.624
Q9BY41,HDAC8,I365Q,0.609
Q9BY41,HDAC8,I365P,0.53
Q9BY41,HDAC8,I365Y,0.715
Q9BY41,HDAC8,I365M,0.946
Q9BY41,HDAC8,I365K,0.631
Q9BY41,HDAC8,I365H,0.674
Q9BY41,HDAC8,I365G,0.533
Q9BY41,HDAC8,I365F,0.848
Q9BY41,HDAC8,I365E,0.515
Q9BY41,HDAC8,I365D,0.53
Q9BY41,HDAC8,I365C,0.838
Q9BY41,HDAC8,I365A,0.797
Q9BY41,HDAC8,I365L,0.975
Q9BY41,HDAC8,L366Q,0.62
Q9BY41,HDAC8,L366R,0.608
Q9BY41,HDAC8,L366Y,0.722
Q9BY41,HDAC8,L366P,0.558
Q9BY41,HDAC8,L366T,0.705
Q9BY41,HDAC8,L366V,0.901
Q9BY41,HDAC8,L366W,0.706
Q9BY41,HDAC8,L366S,0.622
Q9BY41,HDAC8,L366N,0.561
Q9BY41,HDAC8,L366F,0.874
Q9BY41,HDAC8,L366K,0.596
Q9BY41,HDAC8,L366A,0.727
Q9BY41,HDAC8,L366C,0.782
Q9BY41,HDAC8,L366D,0.443
Q9BY41,HDAC8,L366M,0.945
Q9BY41,HDAC8,L366G,0.519
Q9BY41,HDAC8,L366H,0.563
Q9BY41,HDAC8,L366I,0.942
Q9BY41,HDAC8,L366E,0.506
Q9BY41,HDAC8,N367M,0.829
Q9BY41,HDAC8,N367W,0.683
Q9BY41,HDAC8,N367V,0.782
Q9BY41,HDAC8,N367T,0.948
Q9BY41,HDAC8,N367S,0.996
Q9BY41,HDAC8,N367R,0.893
Q9BY41,HDAC8,N367Q,0.908
Q9BY41,HDAC8,N367P,0.8
Q9BY41,HDAC8,N367L,0.767
Q9BY41,HDAC8,N367Y,0.83
Q9BY41,HDAC8,N367I,0.78
Q9BY41,HDAC8,N367A,0.847
Q9BY41,HDAC8,N367C,0.782
Q9BY41,HDAC8,N367D,0.974
Q9BY41,HDAC8,N367K,0.929
Q9BY41,HDAC8,N367F,0.784
Q9BY41,HDAC8,N367G,0.923
Q9BY41,HDAC8,N367H,0.972
Q9BY41,HDAC8,N367E,0.882
Q9BY41,HDAC8,Y368M,0.952
Q9BY41,HDAC8,Y368V,0.932
Q9BY41,HDAC8,Y368T,0.913
Q9BY41,HDAC8,Y368S,0.926
Q9BY41,HDAC8,Y368R,0.871
Q9BY41,HDAC8,Y368Q,0.95
Q9BY41,HDAC8,Y368P,0.877
Q9BY41,HDAC8,Y368N,0.916
Q9BY41,HDAC8,Y368W,0.982
Q9BY41,HDAC8,Y368L,0.964
Q9BY41,HDAC8,Y368I,0.933
Q9BY41,HDAC8,Y368H,1.084
Q9BY41,HDAC8,Y368G,0.834
Q9BY41,HDAC8,Y368F,1.136
Q9BY41,HDAC8,Y368E,0.886
Q9BY41,HDAC8,Y368D,0.882
Q9BY41,HDAC8,Y368C,0.968
Q9BY41,HDAC8,Y368A,0.91
Q9BY41,HDAC8,Y368K,0.874
Q9BY41,HDAC8,I369Q,0.573
Q9BY41,HDAC8,I369R,0.578
Q9BY41,HDAC8,I369S,0.651
Q9BY41,HDAC8,I369P,0.599
Q9BY41,HDAC8,I369V,0.962
Q9BY41,HDAC8,I369W,0.623
Q9BY41,HDAC8,I369Y,0.726
Q9BY41,HDAC8,I369T,0.738
Q9BY41,HDAC8,I369N,0.601
Q9BY41,HDAC8,I369M,0.871
Q9BY41,HDAC8,I369L,0.926
Q9BY41,HDAC8,I369C,0.734
Q9BY41,HDAC8,I369D,0.551
Q9BY41,HDAC8,I369E,0.567
Q9BY41,HDAC8,I369A,0.72
Q9BY41,HDAC8,I369G,0.552
Q9BY41,HDAC8,I369H,0.582
Q9BY41,HDAC8,I369K,0.566
Q9BY41,HDAC8,I369F,0.83
Q9BY41,HDAC8,K370N,0.908
Q9BY41,HDAC8,K370W,0.714
Q9BY41,HDAC8,K370V,0.819
Q9BY41,HDAC8,K370T,0.87
Q9BY41,HDAC8,K370S,0.872
Q9BY41,HDAC8,K370R,0.977
Q9BY41,HDAC8,K370Q,0.935
Q9BY41,HDAC8,K370P,0.814
Q9BY41,HDAC8,K370M,0.887
Q9BY41,HDAC8,K370Y,0.765
Q9BY41,HDAC8,K370I,0.773
Q9BY41,HDAC8,K370A,0.838
Q9BY41,HDAC8,K370C,0.72
Q9BY41,HDAC8,K370D,0.814
Q9BY41,HDAC8,K370L,0.814
Q9BY41,HDAC8,K370F,0.744
Q9BY41,HDAC8,K370G,0.79
Q9BY41,HDAC8,K370H,0.841
Q9BY41,HDAC8,K370E,0.929
Q9BY41,HDAC8,G371N,0.71
Q9BY41,HDAC8,G371W,0.61
Q9BY41,HDAC8,G371V,0.642
Q9BY41,HDAC8,G371T,0.65
Q9BY41,HDAC8,G371S,0.786
Q9BY41,HDAC8,G371R,0.629
Q9BY41,HDAC8,G371Q,0.602
Q9BY41,HDAC8,G371P,0.582
Q9BY41,HDAC8,G371Y,0.503
Q9BY41,HDAC8,G371M,0.658
Q9BY41,HDAC8,G371K,0.592
Q9BY41,HDAC8,G371I,0.571
Q9BY41,HDAC8,G371H,0.56
Q9BY41,HDAC8,G371F,0.542
Q9BY41,HDAC8,G371E,0.638
Q9BY41,HDAC8,G371D,0.648
Q9BY41,HDAC8,G371C,0.682
Q9BY41,HDAC8,G371A,0.843
Q9BY41,HDAC8,G371L,0.567
Q9BY41,HDAC8,N372Q,0.802
Q9BY41,HDAC8,N372R,0.812
Q9BY41,HDAC8,N372Y,0.796
Q9BY41,HDAC8,N372P,0.7
Q9BY41,HDAC8,N372T,0.861
Q9BY41,HDAC8,N372V,0.78
Q9BY41,HDAC8,N372W,0.676
Q9BY41,HDAC8,N372S,0.915
Q9BY41,HDAC8,N372M,0.837
Q9BY41,HDAC8,N372F,0.722
Q9BY41,HDAC8,N372K,0.838
Q9BY41,HDAC8,N372A,0.776
Q9BY41,HDAC8,N372C,0.806
Q9BY41,HDAC8,N372D,0.866
Q9BY41,HDAC8,N372L,0.776
Q9BY41,HDAC8,N372G,0.805
Q9BY41,HDAC8,N372H,0.918
Q9BY41,HDAC8,N372I,0.798
Q9BY41,HDAC8,N372E,0.778
Q9BY41,HDAC8,L373N,0.588
Q9BY41,HDAC8,L373W,0.732
Q9BY41,HDAC8,L373V,0.898
Q9BY41,HDAC8,L373T,0.706
Q9BY41,HDAC8,L373S,0.646
Q9BY41,HDAC8,L373R,0.636
Q9BY41,HDAC8,L373Q,0.64
Q9BY41,HDAC8,L373P,0.576
Q9BY41,HDAC8,L373M,0.94
Q9BY41,HDAC8,L373Y,0.724
Q9BY41,HDAC8,L373I,0.94
Q9BY41,HDAC8,L373A,0.723
Q9BY41,HDAC8,L373C,0.776
Q9BY41,HDAC8,L373D,0.463
Q9BY41,HDAC8,L373K,0.615
Q9BY41,HDAC8,L373F,0.872
Q9BY41,HDAC8,L373G,0.546
Q9BY41,HDAC8,L373H,0.59
Q9BY41,HDAC8,L373E,0.526
Q9BY41,HDAC8,K374N,1.024
Q9BY41,HDAC8,K374W,0.862
Q9BY41,HDAC8,K374V,0.933
Q9BY41,HDAC8,K374T,0.984
Q9BY41,HDAC8,K374S,0.985
Q9BY41,HDAC8,K374R,1.094
Q9BY41,HDAC8,K374Q,1.052
Q9BY41,HDAC8,K374P,0.928
Q9BY41,HDAC8,K374Y,0.886
Q9BY41,HDAC8,K374M,1.003
Q9BY41,HDAC8,K374I,0.916
Q9BY41,HDAC8,K374H,0.958
Q9BY41,HDAC8,K374G,0.902
Q9BY41,HDAC8,K374F,0.865
Q9BY41,HDAC8,K374E,1.046
Q9BY41,HDAC8,K374D,0.932
Q9BY41,HDAC8,K374C,0.84
Q9BY41,HDAC8,K374A,0.952
Q9BY41,HDAC8,K374L,0.93
Q9BY41,HDAC8,H375Q,1.016
Q9BY41,HDAC8,H375R,1.021
Q9BY41,HDAC8,H375Y,1.054
Q9BY41,HDAC8,H375P,0.916
Q9BY41,HDAC8,H375T,0.896
Q9BY41,HDAC8,H375V,0.84
Q9BY41,HDAC8,H375W,0.891
Q9BY41,HDAC8,H375S,0.93
Q9BY41,HDAC8,H375N,1.038
Q9BY41,HDAC8,H375F,0.933
Q9BY41,HDAC8,H375L,0.886
Q9BY41,HDAC8,H375K,0.942
Q9BY41,HDAC8,H375I,0.846
Q9BY41,HDAC8,H375G,0.89
Q9BY41,HDAC8,H375E,0.95
Q9BY41,HDAC8,H375D,0.957
Q9BY41,HDAC8,H375C,0.906
Q9BY41,HDAC8,H375A,0.879
Q9BY41,HDAC8,H375M,0.907
Q9BY41,HDAC8,V376N,0.614
Q9BY41,HDAC8,V376P,0.633
Q9BY41,HDAC8,V376Q,0.668
Q9BY41,HDAC8,V376Y,0.728
Q9BY41,HDAC8,V376T,0.8
Q9BY41,HDAC8,V376W,0.66
Q9BY41,HDAC8,V376M,0.924
Q9BY41,HDAC8,V376S,0.675
Q9BY41,HDAC8,V376L,0.92
Q9BY41,HDAC8,V376R,0.595
Q9BY41,HDAC8,V376I,1.006
Q9BY41,HDAC8,V376H,0.62
Q9BY41,HDAC8,V376G,0.664
Q9BY41,HDAC8,V376F,0.812
Q9BY41,HDAC8,V376E,0.656
Q9BY41,HDAC8,V376D,0.594
Q9BY41,HDAC8,V376C,0.813
Q9BY41,HDAC8,V376A,0.848
Q9BY41,HDAC8,V376K,0.624
Q9BY41,HDAC8,V377N,0.88
Q9BY41,HDAC8,V377P,0.9
Q9BY41,HDAC8,V377T,1.024
Q9BY41,HDAC8,V377R,0.876
Q9BY41,HDAC8,V377S,0.911
Q9BY41,HDAC8,V377M,1.074
Q9BY41,HDAC8,V377Q,0.905
Q9BY41,HDAC8,V377L,1.038
Q9BY41,HDAC8,V377F,0.956
Q9BY41,HDAC8,V377I,1.147
Q9BY41,HDAC8,V377H,0.855
Q9BY41,HDAC8,V377G,0.908
Q9BY41,HDAC8,V377E,0.95
Q9BY41,HDAC8,V377D,0.891
Q9BY41,HDAC8,V377C,0.916
Q9BY41,HDAC8,V377A,1.024
Q9BY41,HDAC8,V377W,0.838
Q9BY41,HDAC8,V377K,0.907
Q9BY41,HDAC8,V377Y,0.918
